0 0.947477044605686 7064 0.05 80
1 0.7974044287370835 14111 0.05 80
2 0.5785834696683483 21129 0.05 80
3 0.4539457809948167 28113 0.05 80
4 0.37672278105651535 35059 0.05 80
5 0.3237692776513085 41976 0.05 80
6 0.28952045796768294 48866 0.05 80
7 0.26867506491554116 55736 0.05 80
8 0.25572590268621054 62590 0.05 80
9 0.24709190739351614 69430 0.05 80
10 0.2409691533780502 76263 0.05 80
11 0.23647805968339872 83079 0.05 80
12 0.2330998640664437 89883 0.05 80
13 0.2304467011297516 96701 0.05 80
14 0.22820557519574336 103537 0.05 80
15 0.22613164041767972 110365 0.05 80
16 0.22404236472688557 117183 0.05 80
17 0.22181267206834598 123991 0.05 80
18 0.2193742256145369 130786 0.05 80
19 0.21671414416909765 137570 0.05 80
20 0.21386769940487008 144344 0.05 80
21 0.2109029766033606 151108 0.05 80
22 0.20790092656560774 157863 0.05 80
23 0.2049374130184391 164608 0.05 80
24 0.20207170995245186 171345 0.05 80
25 0.1993418303132227 178070 0.05 80
26 0.19676507500538565 184788 0.05 80
27 0.19434203671235412 191498 0.05 80
28 0.1920623408973903 198201 0.05 80
29 0.18991037277842018 204894 0.05 80
30 0.18786965581268003 211580 0.05 80
31 0.18592539069876066 218260 0.05 80
32 0.18406540113968703 224936 0.05 80
33 0.18228006768672986 231604 0.05 80
34 0.18056182426591313 238268 0.05 80
35 0.17890461593398316 244921 0.05 80
36 0.17730351058331045 251570 0.05 80
37 0.17575449937947443 258211 0.05 80
38 0.17425443462577045 264849 0.05 80
39 0.17280102611090062 271482 0.05 80
40 0.17139282139963039 278110 0.05 80
41 0.17002911431128379 284732 0.05 80
42 0.1687097543647813 291352 0.05 80
43 0.1674348658168086 297966 0.05 80
44 0.1662045193515859 304576 0.05 80
45 0.16501842064441974 311181 0.05 80
46 0.16387567938698697 317783 0.05 80
47 0.16277469878376907 324381 0.05 80
48 0.16171318898929093 330975 0.05 80
49 0.16068827619994158 337568 0.05 80
50 0.15969666499559443 344159 0.05 80
51 0.15873481479169066 350746 0.05 80
52 0.15779910320725496 357327 0.05 80
53 0.15688596228932752 363904 0.05 80
54 0.15599198505383674 370479 0.05 80
55 0.15511400844375545 377051 0.05 80
56 0.15424918305121924 383620 0.05 80
57 0.15339503973240376 390185 0.05 80
58 0.15254955980280174 396748 0.05 80
59 0.15171124938277838 403309 0.05 80
60 0.15087921027053394 409868 0.05 80
61 0.1500531919766934 416422 0.05 80
62 0.14923360627152252 422975 0.05 80
63 0.14842149021782655 429526 0.05 80
64 0.1476184162123973 436074 0.05 80
65 0.1468263622413515 442619 0.05 80
66 0.14604756329348523 449166 0.05 80
67 0.14528436139598014 455711 0.05 80
68 0.14453906243186576 462255 0.05 80
69 0.1438138025341496 468791 0.05 80
70 0.14311042984519717 475327 0.05 80
71 0.14243041433644504 481860 0.05 80
72 0.14177480096142006 488392 0.05 80
73 0.14114421472950656 494921 0.05 80
74 0.14053891153222645 501450 0.05 80
75 0.1399588518119701 507977 0.05 80
76 0.13940376494379317 514502 0.05 80
77 0.13887318132289272 521025 0.05 80
78 0.13836643990989822 527547 0.05 80
79 0.13788271353119894 534069 0.05 80
80 0.13742109701226426 540592 0.05 80
81 0.1369807556572348 547108 0.05 80
82 0.13656106714096333 553624 0.05 80
83 0.13616168145024657 560141 0.05 80
84 0.13578250301420677 566657 0.05 80
85 0.13542368560444518 573171 0.05 80
86 0.1350857062305715 579681 0.05 80
87 0.13476945293860093 586191 0.05 80
88 0.13447616922218636 592699 0.05 80
89 0.1342071688594729 599204 0.05 80
90 0.13396340984173788 605713 0.05 80
91 0.13374511562681038 612217 0.05 80
92 0.1335515821576133 618719 0.05 80
93 0.13338119846287452 625220 0.05 80
94 0.13323163365652252 631720 0.05 80
95 0.13310011810126757 638218 0.05 80
96 0.13298374914385905 644716 0.05 80
97 0.13287976499766951 651212 0.05 80
98 0.1327857457786038 657708 0.05 80
99 0.13269971985569926 664202 0.05 80
