0 0.7744266473253755 8832 0.09 100
1 0.39974583224572735 17594 0.09 100
2 0.30003376587277114 26285 0.09 100
3 0.25892794965751453 34929 0.09 100
4 0.23809789461773945 43527 0.09 100
5 0.2254067535179599 52093 0.09 100
6 0.21654937763293505 60622 0.09 100
7 0.20972771263732073 69120 0.09 100
8 0.20398460769014218 77587 0.09 100
9 0.19887355921471714 86026 0.09 100
10 0.19424448022478832 94432 0.09 100
11 0.19003846320013004 102812 0.09 100
12 0.18619942554875396 111164 0.09 100
13 0.18266959888520162 119499 0.09 100
14 0.1793948720295974 127802 0.09 100
15 0.17631874494954008 136088 0.09 100
16 0.17338146721518544 144349 0.09 100
17 0.17052818498447123 152592 0.09 100
18 0.1677164392840553 160813 0.09 100
19 0.1649193837970924 169017 0.09 100
20 0.16212677722840044 177205 0.09 100
21 0.1593446701366878 185389 0.09 100
22 0.15659289217237018 193546 0.09 100
23 0.15389957540691718 201695 0.09 100
24 0.15129353175873142 209825 0.09 100
25 0.14879695089738607 217943 0.09 100
26 0.14642123028376705 226051 0.09 100
27 0.1441671273592778 234147 0.09 100
28 0.14202802869273257 242240 0.09 100
29 0.13999403498250626 250321 0.09 100
30 0.13805518532982747 258391 0.09 100
31 0.13620329878702223 266454 0.09 100
32 0.13443264562505097 274510 0.09 100
33 0.1327398796894774 282559 0.09 100
34 0.13112361054526883 290608 0.09 100
35 0.12958386282277962 298646 0.09 100
36 0.12812155057064226 306680 0.09 100
37 0.1267380158758478 314709 0.09 100
38 0.1254346447527454 322741 0.09 100
39 0.12421256426982016 330762 0.09 100
40 0.12307242113272474 338784 0.09 100
41 0.12201423424882867 346796 0.09 100
42 0.12103730849022927 354805 0.09 100
43 0.12014019958444688 362812 0.09 100
44 0.11932072820900905 370815 0.09 100
45 0.11857604675233777 378822 0.09 100
46 0.11790275812959451 386827 0.09 100
47 0.11729707500740257 394822 0.09 100
48 0.11675499843429232 402814 0.09 100
49 0.11627249167169325 410803 0.09 100
50 0.11584562669110685 418789 0.09 100
51 0.11547068713654543 426777 0.09 100
52 0.11514422421646167 434759 0.09 100
53 0.11486307819968268 442737 0.09 100
54 0.1146243891360916 450716 0.09 100
55 0.11442561809020929 458690 0.09 100
56 0.11426458466764924 466663 0.09 100
57 0.11413950611393472 474635 0.09 100
58 0.11404900654182501 482601 0.09 100
59 0.11399205639864424 490571 0.09 100
60 0.11396780896077553 498532 0.09 100
61 0.11397532818407585 506490 0.09 100
62 0.11401323246615702 514453 0.09 100
63 0.1140792855369551 522410 0.09 100
64 0.114169970399038 530361 0.09 100
65 0.11428014001913625 538308 0.09 100
66 0.1144029213614067 546253 0.09 100
67 0.11453002163814485 554194 0.09 100
68 0.11465239715613673 562138 0.09 100
69 0.11476106354705048 570074 0.09 100
70 0.11484782316500587 578010 0.09 100
71 0.1149058070263532 585940 0.09 100
72 0.11492983086563127 593868 0.09 100
73 0.11491659815815336 601795 0.09 100
74 0.11486477334741599 609722 0.09 100
75 0.11477493096725276 617641 0.09 100
76 0.11464938062056455 625559 0.09 100
77 0.11449187773104846 633472 0.09 100
78 0.11430724856563855 641385 0.09 100
79 0.11410097440565846 649297 0.09 100
80 0.11387878547834923 657209 0.09 100
81 0.11364630752399861 665113 0.09 100
82 0.11340878664408789 673015 0.09 100
83 0.11317089967547575 680914 0.09 100
84 0.11293664480745659 688812 0.09 100
85 0.11270930220902889 696712 0.09 100
86 0.11249145400694142 704605 0.09 100
87 0.11228505290873646 712499 0.09 100
88 0.1120915270070188 720388 0.09 100
89 0.11191190523991282 728275 0.09 100
90 0.11174694513812819 736161 0.09 100
91 0.1115972433231045 744049 0.09 100
92 0.11146331097330972 751931 0.09 100
93 0.11134560226522787 759814 0.09 100
94 0.11124449407023959 767693 0.09 100
95 0.11116022863941125 775573 0.09 100
96 0.11109284409740225 783448 0.09 100
97 0.11104212555637027 791327 0.09 100
98 0.11100760858007445 799199 0.09 100
99 0.110988655014593 807069 0.09 100
