0 0.9567949140277822 19447 0.01 220
1 0.955040739403494 38844 0.01 220
2 0.9527631612331218 58241 0.01 220
3 0.9495267245990134 77642 0.01 220
4 0.9445398689630123 97047 0.01 220
5 0.9362176597630585 116448 0.01 220
6 0.9212058532678096 135849 0.01 220
7 0.8931148227846782 155246 0.01 220
8 0.8458254804553316 174647 0.01 220
9 0.7841603984182917 194059 0.01 220
10 0.7189326243805019 213474 0.01 220
11 0.6568442513591797 232886 0.01 220
12 0.6016592610789 252304 0.01 220
13 0.5538782703072377 271718 0.01 220
14 0.5129070753893173 291137 0.01 220
15 0.4779339404346192 310542 0.01 220
16 0.4480841625679151 329990 0.01 220
17 0.422624014307765 349384 0.01 220
18 0.4010108553528454 368773 0.01 220
19 0.382778610533581 388159 0.01 220
20 0.36743422410794463 407541 0.01 220
21 0.3544617944151278 426920 0.01 220
22 0.3433813634727263 446292 0.01 220
23 0.3337906162489396 465658 0.01 220
24 0.3253745209141561 485018 0.01 220
25 0.317896126585357 504374 0.01 220
26 0.31118081128302694 523726 0.01 220
27 0.3051001902201193 543074 0.01 220
28 0.29955835252122853 562420 0.01 220
29 0.2944814352042682 581763 0.01 220
30 0.2898105021525325 601102 0.01 220
31 0.2854970323719589 620438 0.01 220
32 0.28150013937126783 639768 0.01 220
33 0.2777848250134712 659093 0.01 220
34 0.2743208534522212 678413 0.01 220
35 0.27108203369402506 697736 0.01 220
36 0.2680457863875504 717049 0.01 220
37 0.26519288563338317 736361 0.01 220
38 0.26250726448467926 755666 0.01 220
39 0.2599757857138835 774972 0.01 220
40 0.25758791451282725 794274 0.01 220
41 0.2553352777944809 813573 0.01 220
42 0.25321113994053523 832863 0.01 220
43 0.2512098534610442 852150 0.01 220
44 0.249326349399803 871433 0.01 220
45 0.24755572018556113 890711 0.01 220
46 0.24589292596538104 909986 0.01 220
47 0.2443326321789004 929261 0.01 220
48 0.2428691655346252 948532 0.01 220
49 0.2414965601886634 967800 0.01 220
50 0.24020865828401067 987065 0.01 220
51 0.23899923020364874 1006321 0.01 220
52 0.23786208799968925 1025575 0.01 220
53 0.2367911763723957 1044824 0.01 220
54 0.23578063550348372 1064070 0.01 220
55 0.23482483711833482 1083317 0.01 220
56 0.23391839920259364 1102562 0.01 220
57 0.23305618646998508 1121800 0.01 220
58 0.23223330372643006 1141036 0.01 220
59 0.231445088310256 1160264 0.01 220
60 0.23068710624318303 1179489 0.01 220
61 0.2299551549115703 1198712 0.01 220
62 0.22924527325602162 1217931 0.01 220
63 0.2285537587870587 1237148 0.01 220
64 0.22787718943450605 1256363 0.01 220
65 0.22721244739169863 1275577 0.01 220
66 0.22655674177246965 1294786 0.01 220
67 0.22590762702087236 1313989 0.01 220
68 0.22526301449910094 1333188 0.01 220
69 0.2246211753955796 1352385 0.01 220
70 0.22398073391918852 1371579 0.01 220
71 0.22334065059096836 1390768 0.01 220
72 0.22270019626615467 1409960 0.01 220
73 0.22205891828813487 1429146 0.01 220
74 0.2214166008454146 1448332 0.01 220
75 0.22077322208890576 1467518 0.01 220
76 0.2201289107649527 1486694 0.01 220
77 0.21948390495191974 1505866 0.01 220
78 0.2188385149577834 1525036 0.01 220
79 0.21819309164846845 1544201 0.01 220
80 0.21754800061142118 1563366 0.01 220
81 0.21690360180601115 1582536 0.01 220
82 0.21626023384531332 1601697 0.01 220
83 0.21561820183513195 1620856 0.01 220
84 0.2149777677242882 1640008 0.01 220
85 0.21433914230801077 1659156 0.01 220
86 0.21370247828342168 1678303 0.01 220
87 0.21306786401944403 1697461 0.01 220
88 0.21243531794501178 1716602 0.01 220
89 0.21180478367781225 1735743 0.01 220
90 0.2111761262200797 1754882 0.01 220
91 0.21054912974317952 1774019 0.01 220
92 0.20992349766098858 1793152 0.01 220
93 0.20929885583093052 1812281 0.01 220
94 0.20867475978693678 1831404 0.01 220
95 0.20805070686193794 1850599 0.01 220
96 0.2074261538633687 1869853 0.01 220
97 0.20680054060040098 1889110 0.01 220
98 0.20617331902320138 1908356 0.01 220
99 0.20554398704638904 1927622 0.01 220
