0 0.9621592708331052 17668 0.05 200
1 0.7251352331926167 35311 0.05 200
2 0.49113772676305695 52922 0.05 200
3 0.394508327053318 70503 0.05 200
4 0.33829691528380124 88059 0.05 200
5 0.30001935326099544 105589 0.05 200
6 0.27244797907940194 123099 0.05 200
7 0.2517211024456928 140617 0.05 200
8 0.23585702528118324 158113 0.05 200
9 0.2235684170194158 175568 0.05 200
10 0.21385980885574096 193018 0.05 200
11 0.20598579932759287 210438 0.05 200
12 0.19943647169301568 227845 0.05 200
13 0.19388705913078783 245237 0.05 200
14 0.18913050374734497 262608 0.05 200
15 0.1850215666295552 279968 0.05 200
16 0.18144293073006837 297314 0.05 200
17 0.1782901130706904 314649 0.05 200
18 0.17546928222419922 331965 0.05 200
19 0.1729017113463243 349284 0.05 200
20 0.17052836078079198 366577 0.05 200
21 0.1683104819073652 383858 0.05 200
22 0.1662259636081608 401121 0.05 200
23 0.1642635780718081 418371 0.05 200
24 0.16241750328215004 435608 0.05 200
25 0.16068345928473865 452838 0.05 200
26 0.15905666868503404 470049 0.05 200
27 0.1575312041268656 487248 0.05 200
28 0.15610012007028223 504433 0.05 200
29 0.15475587600635352 521611 0.05 200
30 0.15349076163266764 538772 0.05 200
31 0.15229721873271732 555922 0.05 200
32 0.15116806079843517 573058 0.05 200
33 0.15009661725780324 590191 0.05 200
34 0.14907681397021053 607311 0.05 200
35 0.14810318713153195 624414 0.05 200
36 0.14717083126578154 641505 0.05 200
37 0.146275298466527 658591 0.05 200
38 0.14541248178563515 675672 0.05 200
39 0.1445785199126394 692731 0.05 200
40 0.14376975062657155 709795 0.05 200
41 0.14298272226750083 726837 0.05 200
42 0.1422142541642918 743869 0.05 200
43 0.14146152513727372 760887 0.05 200
44 0.14072216594332074 777920 0.05 200
45 0.1399943349272243 794919 0.05 200
46 0.13927676253592003 811913 0.05 200
47 0.13856875673827107 828906 0.05 200
48 0.13787016671017818 845876 0.05 200
49 0.13718130693302175 862838 0.05 200
50 0.1365028488301653 879796 0.05 200
51 0.1358356919572305 896740 0.05 200
52 0.1351808302903936 913675 0.05 200
53 0.13453922991053954 930602 0.05 200
54 0.13391173169712367 947526 0.05 200
55 0.13329898702384751 964444 0.05 200
56 0.13270142748954195 981347 0.05 200
57 0.13211926358364537 998242 0.05 200
58 0.1315525036304629 1015135 0.05 200
59 0.13100098391321655 1032022 0.05 200
60 0.13046440284216268 1048894 0.05 200
61 0.12994235506461005 1065774 0.05 200
62 0.12943436417851054 1082634 0.05 200
63 0.12893991427093954 1099489 0.05 200
64 0.12845848057659157 1116331 0.05 200
65 0.12798955854894714 1133168 0.05 200
66 0.12753268940174886 1150001 0.05 200
67 0.12708747953339325 1166828 0.05 200
68 0.12665361160268557 1183644 0.05 200
69 0.12623084626177006 1200459 0.05 200
70 0.1258190151827568 1217261 0.05 200
71 0.12541800746678808 1234062 0.05 200
72 0.12502775238787156 1250853 0.05 200
73 0.12464820156509719 1267638 0.05 200
74 0.12427931319368327 1284417 0.05 200
75 0.12392104014792882 1301193 0.05 200
76 0.12357332285255657 1317965 0.05 200
77 0.1232360869863287 1334726 0.05 200
78 0.12290924541649238 1351482 0.05 200
79 0.12259270325197594 1368237 0.05 200
80 0.12228636449764997 1384985 0.05 200
81 0.12199013850740799 1401725 0.05 200
82 0.12170394439082757 1418459 0.05 200
83 0.12142771185138942 1435192 0.05 200
84 0.12116137761174542 1451919 0.05 200
85 0.12090487744356716 1468637 0.05 200
86 0.1206581346415009 1485349 0.05 200
87 0.1204210463897008 1502056 0.05 200
88 0.12019346978016478 1518761 0.05 200
89 0.11997520924291596 1535458 0.05 200
90 0.11976600688045258 1552151 0.05 200
91 0.11956553674526522 1568838 0.05 200
92 0.11937340356670423 1585523 0.05 200
93 0.11918914592522294 1602202 0.05 200
94 0.11901224345928456 1618875 0.05 200
95 0.11884212740061956 1635543 0.05 200
96 0.1186781935604747 1652238 0.05 200
97 0.11851981681091742 1668900 0.05 200
98 0.11836636609984678 1685555 0.05 200
99 0.11821721909279177 1702220 0.05 200
