0 0.961255249952166 17675 0.04 200
1 0.8678307045906639 35332 0.04 200
2 0.6266994272571326 52970 0.04 200
3 0.4768614704391512 70591 0.04 200
4 0.4046882164039038 88183 0.04 200
5 0.35866079653068894 105760 0.04 200
6 0.32490600590407864 123319 0.04 200
7 0.29904562793385336 140861 0.04 200
8 0.27852559662165777 158390 0.04 200
9 0.26172644267349715 175908 0.04 200
10 0.24772831375385224 193412 0.04 200
11 0.23596966251818297 210902 0.04 200
12 0.22604770458921927 228380 0.04 200
13 0.2176307082144259 245846 0.04 200
14 0.21043467419769765 263300 0.04 200
15 0.20422681724272893 280738 0.04 200
16 0.19882807542687386 298164 0.04 200
17 0.19410571692879597 315579 0.04 200
18 0.18995966456496044 332984 0.04 200
19 0.18630968520833371 350377 0.04 200
20 0.18308753114745785 367759 0.04 200
21 0.1802333832614901 385130 0.04 200
22 0.17769396906283885 402494 0.04 200
23 0.17542085801493162 419848 0.04 200
24 0.1733691235038756 437190 0.04 200
25 0.17149709831731227 454522 0.04 200
26 0.16976740947985575 471849 0.04 200
27 0.1681486411780015 489166 0.04 200
28 0.1666165921138662 506474 0.04 200
29 0.16515442375600656 523773 0.04 200
30 0.16375166944097166 541064 0.04 200
31 0.16240257032251745 558347 0.04 200
32 0.16110431250013338 575617 0.04 200
33 0.15985557059766733 592887 0.04 200
34 0.1586555183739559 610144 0.04 200
35 0.15750327897440677 627429 0.04 200
36 0.1563976961331862 644703 0.04 200
37 0.15533729633563254 661941 0.04 200
38 0.1543203423142599 679162 0.04 200
39 0.15334491654699112 696377 0.04 200
40 0.15240900308828015 713582 0.04 200
41 0.15151055423427834 730778 0.04 200
42 0.15064753790759006 747967 0.04 200
43 0.1498179658370939 765151 0.04 200
44 0.14901990449040908 782325 0.04 200
45 0.14825147201958352 799490 0.04 200
46 0.14751082574545804 816647 0.04 200
47 0.14679614560112747 833800 0.04 200
48 0.1461056188597643 850945 0.04 200
49 0.14543743007680912 868080 0.04 200
50 0.14478975779618 885206 0.04 200
51 0.14416077705714406 902330 0.04 200
52 0.14354866509323017 919445 0.04 200
53 0.1429516075106381 936550 0.04 200
54 0.14236780366973997 953657 0.04 200
55 0.14179547223254074 970751 0.04 200
56 0.1412328597249175 987839 0.04 200
57 0.14067825550760923 1004915 0.04 200
58 0.14013001545335493 1021984 0.04 200
59 0.13958659438099347 1039046 0.04 200
60 0.13904658484443988 1056106 0.04 200
61 0.13850875809494506 1073154 0.04 200
62 0.13797210237822174 1090228 0.04 200
63 0.13743585414571227 1107264 0.04 200
64 0.13689951888002494 1124297 0.04 200
65 0.1363628796134181 1141320 0.04 200
66 0.1358259925208122 1158336 0.04 200
67 0.1352891700336895 1175347 0.04 200
68 0.13475295272770862 1192354 0.04 200
69 0.13421807183700205 1209356 0.04 200
70 0.13368540470779652 1226346 0.04 200
71 0.13315592586555985 1243332 0.04 200
72 0.13263065663362975 1260314 0.04 200
73 0.13211061636450788 1277325 0.04 200
74 0.13159677826117192 1294295 0.04 200
75 0.1310900324199101 1311258 0.04 200
76 0.13059115811175318 1328224 0.04 200
77 0.1301008064976463 1345180 0.04 200
78 0.12961949406148537 1362128 0.04 200
79 0.12914760618269694 1379071 0.04 200
80 0.12868540956513147 1396009 0.04 200
81 0.1282330717374525 1412945 0.04 200
82 0.12779068552067807 1429874 0.04 200
83 0.1273582961572432 1446796 0.04 200
84 0.1269359286457741 1463713 0.04 200
85 0.12652361270011184 1480624 0.04 200
86 0.12612140270378064 1497531 0.04 200
87 0.1257293902074586 1514435 0.04 200
88 0.12534770710702367 1531335 0.04 200
89 0.12497651877010423 1548227 0.04 200
90 0.12461600798836765 1565121 0.04 200
91 0.12426635240777921 1582010 0.04 200
92 0.12392769952580707 1598893 0.04 200
93 0.1236001439383776 1615768 0.04 200
94 0.12328371100008192 1632638 0.04 200
95 0.12297834954100172 1649508 0.04 200
96 0.12268393422501318 1666376 0.04 200
97 0.12240027615199132 1683287 0.04 200
98 0.12212713891738183 1700262 0.04 200
99 0.12186425679680397 1717231 0.04 200
