0 0.8069553912548326 17677 0.08 200
1 0.4261330998916387 35278 0.08 200
2 0.30976692170276926 52807 0.08 200
3 0.260340625377334 70289 0.08 200
4 0.23351044703011953 87730 0.08 200
5 0.21629446530213423 105128 0.08 200
6 0.20361067667010727 122480 0.08 200
7 0.193644041397426 139792 0.08 200
8 0.18563125620731138 157069 0.08 200
9 0.17909855664456004 174310 0.08 200
10 0.17371263297930783 191511 0.08 200
11 0.16922692318510998 208677 0.08 200
12 0.16544525365282708 225816 0.08 200
13 0.16221379157487176 242920 0.08 200
14 0.1594224158719297 259988 0.08 200
15 0.1569982587369092 277027 0.08 200
16 0.1548903892502865 294040 0.08 200
17 0.15305454459255943 311023 0.08 200
18 0.1514448548061903 327974 0.08 200
19 0.15001342974148643 344901 0.08 200
20 0.14871446076887565 361797 0.08 200
21 0.1475085711588383 378687 0.08 200
22 0.14636505665685792 395538 0.08 200
23 0.14526200957995722 412359 0.08 200
24 0.14418534603915953 429156 0.08 200
25 0.14312757713740573 445934 0.08 200
26 0.14208660343136534 462689 0.08 200
27 0.14106447186392343 479417 0.08 200
28 0.14006606291066645 496124 0.08 200
29 0.13909782864291145 512815 0.08 200
30 0.1381667332883228 529486 0.08 200
31 0.13727945447415438 546132 0.08 200
32 0.13644178293232564 562758 0.08 200
33 0.1356580956329194 579368 0.08 200
34 0.13493083397008068 595958 0.08 200
35 0.13426006180070868 612530 0.08 200
36 0.13364327839305748 629085 0.08 200
37 0.13307562523149713 645625 0.08 200
38 0.13255048249461648 662148 0.08 200
39 0.13206030752604472 678651 0.08 200
40 0.13159750787512875 695139 0.08 200
41 0.13115517335519603 711613 0.08 200
42 0.13072756890541226 728072 0.08 200
43 0.13031036537348778 744512 0.08 200
44 0.12990063781958225 760945 0.08 200
45 0.12949669064592612 777359 0.08 200
46 0.1290977813920891 793757 0.08 200
47 0.12870381399766 810139 0.08 200
48 0.12831505968132936 826507 0.08 200
49 0.12793194219250384 842866 0.08 200
50 0.12755489908956663 859212 0.08 200
51 0.1271843083516944 875541 0.08 200
52 0.126820455924288 891857 0.08 200
53 0.12646351779823525 908161 0.08 200
54 0.1261135387270174 924457 0.08 200
55 0.12577040342892903 940739 0.08 200
56 0.12543380809079763 957010 0.08 200
57 0.12510324499978565 973271 0.08 200
58 0.12477801038856642 989522 0.08 200
59 0.12445723832478564 1005762 0.08 200
60 0.12413995620375644 1021989 0.08 200
61 0.12382515309374717 1038205 0.08 200
62 0.12351185137124059 1054418 0.08 200
63 0.12319917366074146 1070620 0.08 200
64 0.12288639959954026 1086809 0.08 200
65 0.12257300938091631 1102996 0.08 200
66 0.12225871299717324 1119172 0.08 200
67 0.12194346559807355 1135335 0.08 200
68 0.12162747049956535 1151487 0.08 200
69 0.12131117216380126 1167634 0.08 200
70 0.12099524187176884 1183769 0.08 200
71 0.12068055872193727 1199899 0.08 200
72 0.12036818793877214 1216019 0.08 200
73 0.12005935729607532 1232129 0.08 200
74 0.11975543093207665 1248233 0.08 200
75 0.11945787826055947 1264333 0.08 200
76 0.11916823439883174 1280428 0.08 200
77 0.11888804777379132 1296510 0.08 200
78 0.11861881038838133 1312586 0.08 200
79 0.1183618665692316 1328658 0.08 200
80 0.11811829691307935 1344723 0.08 200
81 0.11788877605697859 1360784 0.08 200
82 0.11767340686806609 1376840 0.08 200
83 0.11747154114287849 1392887 0.08 200
84 0.11728160901141704 1408926 0.08 200
85 0.11710099534617728 1424956 0.08 200
86 0.11692601783278618 1440980 0.08 200
87 0.11675207021342507 1457001 0.08 200
88 0.11657398409365702 1473015 0.08 200
89 0.11638662106080648 1489022 0.08 200
90 0.11618562873286667 1505022 0.08 200
91 0.11596819877565086 1521029 0.08 200
92 0.11573360413999008 1537020 0.08 200
93 0.11548332575290796 1553004 0.08 200
94 0.1152207146517383 1568982 0.08 200
95 0.11495030718320866 1584954 0.08 200
96 0.11467702153578878 1600939 0.08 200
97 0.11440546158608542 1616904 0.08 200
98 0.11413946275883319 1632860 0.08 200
99 0.11388190152870631 1648810 0.08 200
