0 0.9492278820417949 12366 0.06 140
1 0.6581593594377564 24711 0.06 140
2 0.4507699373803314 37012 0.06 140
3 0.34429067300444316 49281 0.06 140
4 0.29231855412240687 61512 0.06 140
5 0.26375784596661783 73714 0.06 140
6 0.245882054838485 85893 0.06 140
7 0.2333190439078868 98047 0.06 140
8 0.2236111068152419 110186 0.06 140
9 0.21549908864475917 122300 0.06 140
10 0.20838876008816407 134394 0.06 140
11 0.20208213929441507 146467 0.06 140
12 0.19654159755845357 158534 0.06 140
13 0.19174851569149062 170572 0.06 140
14 0.1876628145944841 182589 0.06 140
15 0.1842156173366005 194587 0.06 140
16 0.18131330268765938 206568 0.06 140
17 0.17885168423515752 218541 0.06 140
18 0.17673149776213834 230495 0.06 140
19 0.17486806426246693 242430 0.06 140
20 0.1731944377697632 254355 0.06 140
21 0.17166025987942907 266259 0.06 140
22 0.17022871828044656 278151 0.06 140
23 0.1688730728339798 290034 0.06 140
24 0.16757339125684803 301900 0.06 140
25 0.1663138904216959 313755 0.06 140
26 0.16508121292343783 325595 0.06 140
27 0.16386372502354632 337422 0.06 140
28 0.16265157669947386 349237 0.06 140
29 0.1614370639882521 361051 0.06 140
30 0.16021487362342848 372847 0.06 140
31 0.15898198228153387 384627 0.06 140
32 0.1577372064557773 396396 0.06 140
33 0.15648058146771224 408153 0.06 140
34 0.15521283959995621 419899 0.06 140
35 0.15393521535819923 431640 0.06 140
36 0.15264963686359057 443365 0.06 140
37 0.15135915297622954 455079 0.06 140
38 0.150068320703568 466801 0.06 140
39 0.14878330845590462 478496 0.06 140
40 0.14751162237890159 490187 0.06 140
41 0.1462615298116796 501861 0.06 140
42 0.1450413479381541 513532 0.06 140
43 0.14385876869594133 525198 0.06 140
44 0.142720338180922 536847 0.06 140
45 0.14163114291616558 548488 0.06 140
46 0.14059469977447608 560121 0.06 140
47 0.13961300808574828 571748 0.06 140
48 0.13868670609020314 583364 0.06 140
49 0.1378152842077493 594969 0.06 140
50 0.1369973378442569 606568 0.06 140
51 0.13623086570015172 618161 0.06 140
52 0.13551360270248883 629750 0.06 140
53 0.13484331541109948 641326 0.06 140
54 0.13421793391812034 652896 0.06 140
55 0.13363542861175012 664459 0.06 140
56 0.13309347932835297 676016 0.06 140
57 0.13258912638519013 687570 0.06 140
58 0.13211860886285368 699113 0.06 140
59 0.1316774739809819 710670 0.06 140
60 0.1312608923657186 722201 0.06 140
61 0.13086403884655312 733726 0.06 140
62 0.13048241087106072 745250 0.06 140
63 0.13011201508164597 756765 0.06 140
64 0.12974941515511734 768287 0.06 140
65 0.12939167864684042 779791 0.06 140
66 0.1290362807234234 791291 0.06 140
67 0.12868101890568623 802784 0.06 140
68 0.12832397056483769 814273 0.06 140
69 0.12796349574463436 825757 0.06 140
70 0.12759826708506414 837234 0.06 140
71 0.1272273041100083 848711 0.06 140
72 0.1268499961500474 860182 0.06 140
73 0.1264661065427123 871651 0.06 140
74 0.1260757547637065 883113 0.06 140
75 0.12567937369090498 894571 0.06 140
76 0.12527764014242648 906027 0.06 140
77 0.12487138102991142 917476 0.06 140
78 0.12446146480338888 928924 0.06 140
79 0.12404869522436765 940365 0.06 140
80 0.12363372761365031 951804 0.06 140
81 0.12321702393379569 963238 0.06 140
82 0.12279885332369897 974671 0.06 140
83 0.12237933306382308 986103 0.06 140
84 0.12195849602405621 997535 0.06 140
85 0.12153636702938683 1008956 0.06 140
86 0.1211130321147643 1020376 0.06 140
87 0.12068868942916805 1031793 0.06 140
88 0.12026367639177069 1043208 0.06 140
89 0.11983847297224956 1054618 0.06 140
90 0.11941368479359275 1066028 0.06 140
91 0.11899001188757104 1077432 0.06 140
92 0.11856820953291815 1088833 0.06 140
93 0.11814904706452647 1100237 0.06 140
94 0.11773326931878357 1111631 0.06 140
95 0.11732156389225429 1123071 0.06 140
96 0.11691453595262077 1134558 0.06 140
97 0.11651269114738835 1146043 0.06 140
98 0.1161164262919953 1157525 0.06 140
99 0.11572602698171978 1169010 0.06 140
