0 0.9498689520668389 3543 0.01 40
1 0.9495454386467809 7076 0.01 40
2 0.9491077131749402 10609 0.01 40
3 0.9484380532849217 14142 0.01 40
4 0.9472682825052229 17675 0.01 40
5 0.944944693115699 21208 0.01 40
6 0.9401354106155267 24740 0.01 40
7 0.9320008537323414 28272 0.01 40
8 0.9223187966393006 31801 0.01 40
9 0.9112747778937129 35328 0.01 40
10 0.8976939541220129 38852 0.01 40
11 0.8840747147563737 42374 0.01 40
12 0.8712365809989743 45897 0.01 40
13 0.8548011274634632 49415 0.01 40
14 0.8298328972784249 52929 0.01 40
15 0.794827337582923 56441 0.01 40
16 0.7541794512257863 59953 0.01 40
17 0.7140898274805619 63459 0.01 40
18 0.677459960830226 66968 0.01 40
19 0.6448124599586195 70467 0.01 40
20 0.6161764011397073 73963 0.01 40
21 0.5911949770124216 77454 0.01 40
22 0.5690899141259312 80941 0.01 40
23 0.5489489964651928 84424 0.01 40
24 0.5299329021802726 87903 0.01 40
25 0.5113507974235697 91377 0.01 40
26 0.492743220853916 94848 0.01 40
27 0.4740195902889966 98315 0.01 40
28 0.45557379725943636 101779 0.01 40
29 0.4381388316581692 105244 0.01 40
30 0.4224064752155893 108700 0.01 40
31 0.40874156318632565 112152 0.01 40
32 0.3970891583567488 115601 0.01 40
33 0.3871144481351576 119046 0.01 40
34 0.3784346499608813 122488 0.01 40
35 0.3707487256254914 125934 0.01 40
36 0.36385022394729305 129371 0.01 40
37 0.35759672138925314 132803 0.01 40
38 0.3518815379331521 136233 0.01 40
39 0.346617213627362 139660 0.01 40
40 0.34172808925816245 143086 0.01 40
41 0.3371480162352247 146508 0.01 40
42 0.33282049531099717 149928 0.01 40
43 0.3286992069096715 153345 0.01 40
44 0.32474769860318464 156760 0.01 40
45 0.32093831075319923 160172 0.01 40
46 0.317251043140482 163585 0.01 40
47 0.31367270965645316 166998 0.01 40
48 0.3101962153049728 170405 0.01 40
49 0.3068196643558346 173809 0.01 40
50 0.30354518364742844 177212 0.01 40
51 0.3003775503477272 180613 0.01 40
52 0.297322812626587 184017 0.01 40
53 0.2943870883808631 187414 0.01 40
54 0.29157566394064044 190810 0.01 40
55 0.28889242593206765 194203 0.01 40
56 0.28633958111952473 197594 0.01 40
57 0.2839175877936078 200984 0.01 40
58 0.2816252348899423 204374 0.01 40
59 0.27945981993316726 207760 0.01 40
60 0.27741738020658485 211145 0.01 40
61 0.2754929401155413 214528 0.01 40
62 0.2736807513219361 217910 0.01 40
63 0.2719745112044548 221293 0.01 40
64 0.27036755132173934 224673 0.01 40
65 0.26885299410991514 228052 0.01 40
66 0.2674238811499769 231428 0.01 40
67 0.2660732782144007 234802 0.01 40
68 0.2647943617739401 238174 0.01 40
69 0.2635804903563642 241552 0.01 40
70 0.26242526304625485 244922 0.01 40
71 0.26132256667608394 248291 0.01 40
72 0.26026661275839347 251659 0.01 40
73 0.25925196486052876 255027 0.01 40
74 0.2582735569483445 258392 0.01 40
75 0.25732670326508195 261757 0.01 40
76 0.2564071005363038 265121 0.01 40
77 0.25551082358886823 268483 0.01 40
78 0.25463431570312184 271844 0.01 40
79 0.25377437508799544 275206 0.01 40
80 0.252928138761629 278565 0.01 40
81 0.2520930648850844 281923 0.01 40
82 0.2512669143128631 285280 0.01 40
83 0.2504477318636433 288636 0.01 40
84 0.2496338276217388 291995 0.01 40
85 0.2488237584663244 295350 0.01 40
86 0.24801630997789953 298704 0.01 40
87 0.24721047886117556 302056 0.01 40
88 0.24640545601787056 305408 0.01 40
89 0.24560061037438155 308758 0.01 40
90 0.24479547350496095 312111 0.01 40
91 0.2439897249960701 315459 0.01 40
92 0.24318317839488032 318807 0.01 40
93 0.24237576750645917 322154 0.01 40
94 0.24156753277961043 325499 0.01 40
95 0.24075860756618297 328845 0.01 40
96 0.23994920414821705 332189 0.01 40
97 0.2391395995777514 335534 0.01 40
98 0.23833012153002192 338877 0.01 40
99 0.23752113449605583 342219 0.01 40
