0 0.8404317885960025 26550 0.07 300
1 0.4691845558790006 53018 0.07 300
2 0.3281401311095019 79411 0.07 300
3 0.2818038813008408 105744 0.07 300
4 0.2553844284003885 132031 0.07 300
5 0.23334905629518082 158270 0.07 300
6 0.21641836887659086 184454 0.07 300
7 0.20367350389762282 210597 0.07 300
8 0.19385224956886712 236694 0.07 300
9 0.18615287923636917 262746 0.07 300
10 0.17994586043086958 288764 0.07 300
11 0.1747552835420954 314738 0.07 300
12 0.17028447486049103 340676 0.07 300
13 0.16636624855850424 366582 0.07 300
14 0.16289860575842535 392453 0.07 300
15 0.1598070652652508 418294 0.07 300
16 0.1570307931748298 444122 0.07 300
17 0.1545194682987474 469895 0.07 300
18 0.15223452027030182 495642 0.07 300
19 0.15015020575555563 521360 0.07 300
20 0.14825076167402368 547044 0.07 300
21 0.1465248456932904 572700 0.07 300
22 0.14496069729523622 598329 0.07 300
23 0.1435437707675291 623924 0.07 300
24 0.14225674079777087 649543 0.07 300
25 0.1410809907381433 675088 0.07 300
26 0.1399985557169165 700613 0.07 300
27 0.13899371169265565 726102 0.07 300
28 0.13805384806113016 751561 0.07 300
29 0.1371696813181478 776996 0.07 300
30 0.1363350206098043 802406 0.07 300
31 0.13554624127547998 827786 0.07 300
32 0.1348015727507107 853142 0.07 300
33 0.13410033252390216 878473 0.07 300
34 0.13344225048195316 903779 0.07 300
35 0.1328269689698602 929063 0.07 300
36 0.13225372340227753 954323 0.07 300
37 0.1317211689914411 979559 0.07 300
38 0.13122732226239237 1004774 0.07 300
39 0.1307696005558897 1029964 0.07 300
40 0.13034494827160392 1055133 0.07 300
41 0.12995003286984522 1080280 0.07 300
42 0.12958148306201728 1105407 0.07 300
43 0.12923613323130018 1130511 0.07 300
44 0.12891123615478037 1155594 0.07 300
45 0.12860461171145018 1180654 0.07 300
46 0.1283147115842119 1205697 0.07 300
47 0.12804059670282866 1230720 0.07 300
48 0.12778184155470948 1255717 0.07 300
49 0.1275383927040703 1280699 0.07 300
50 0.127310413929481 1305662 0.07 300
51 0.12709814642397493 1330599 0.07 300
52 0.1269018022583124 1355519 0.07 300
53 0.12672149742712366 1380421 0.07 300
54 0.1265572212345546 1405300 0.07 300
55 0.12640883330002153 1430164 0.07 300
56 0.12627607777417482 1455012 0.07 300
57 0.12615860511628302 1479834 0.07 300
58 0.1260559936622874 1504639 0.07 300
59 0.12596776539650092 1529427 0.07 300
60 0.12589339255067075 1554192 0.07 300
61 0.12583229388060202 1578940 0.07 300
62 0.12578382168347307 1603670 0.07 300
63 0.1257472426183553 1628381 0.07 300
64 0.1257217168287973 1653078 0.07 300
65 0.12570628039508394 1677755 0.07 300
66 0.12569983561389927 1702421 0.07 300
67 0.12570115216565095 1727070 0.07 300
68 0.12570888029583413 1751696 0.07 300
69 0.12572157521113 1776308 0.07 300
70 0.12573773038165287 1800916 0.07 300
71 0.12575581654835574 1825495 0.07 300
72 0.12577432295379828 1850058 0.07 300
73 0.1257917975130919 1874609 0.07 300
74 0.12580688315239735 1899141 0.07 300
75 0.12581834822067167 1923658 0.07 300
76 0.12582510962100843 1948164 0.07 300
77 0.12582624803202522 1972654 0.07 300
78 0.12582101523074576 1997129 0.07 300
79 0.12580883403263227 2021587 0.07 300
80 0.12578929170869846 2046028 0.07 300
81 0.1257621279477976 2070459 0.07 300
82 0.12572721856915747 2094876 0.07 300
83 0.125684556322811 2119277 0.07 300
84 0.12563423025985893 2143663 0.07 300
85 0.12557640524958125 2168039 0.07 300
86 0.12551130315585574 2192398 0.07 300
87 0.12543918687336617 2216743 0.07 300
88 0.12536034786839448 2241077 0.07 300
89 0.12527509718396193 2265396 0.07 300
90 0.12518375923781358 2289706 0.07 300
91 0.12508666734036517 2314003 0.07 300
92 0.12498415978858128 2338285 0.07 300
93 0.12487657564311445 2362551 0.07 300
94 0.12476424976531293 2386800 0.07 300
95 0.12464750722007788 2411019 0.07 300
96 0.1245266575843308 2435233 0.07 300
97 0.12440198993113158 2459433 0.07 300
98 0.12427376925002248 2483615 0.07 300
99 0.12414223484915342 2507801 0.07 300
