0 0.9509811721020928 5297 0.05 60
1 0.8576913898468396 10586 0.05 60
2 0.6653662764177755 15863 0.05 60
3 0.4792976086059817 21111 0.05 60
4 0.38188480651534656 26322 0.05 60
5 0.33418292400756355 31500 0.05 60
6 0.30630520017132357 36657 0.05 60
7 0.28935188154552743 41792 0.05 60
8 0.27821511023344164 46909 0.05 60
9 0.27033127626047204 52012 0.05 60
10 0.26424663089237943 57104 0.05 60
11 0.2590904294261649 62186 0.05 60
12 0.2544134444214231 67255 0.05 60
13 0.2500183539437991 72315 0.05 60
14 0.24581037851937682 77365 0.05 60
15 0.24172122845859473 82407 0.05 60
16 0.237689562788174 87438 0.05 60
17 0.2336604799512375 92461 0.05 60
18 0.22958786728361838 97474 0.05 60
19 0.22543861807791737 102498 0.05 60
20 0.22119968223906727 107506 0.05 60
21 0.21688577772338397 112508 0.05 60
22 0.21254582437945665 117498 0.05 60
23 0.20826170948180664 122480 0.05 60
24 0.20412999268037552 127462 0.05 60
25 0.2002318033187847 132431 0.05 60
26 0.1966125603608337 137395 0.05 60
27 0.19328219479437508 142353 0.05 60
28 0.19022680956200666 147307 0.05 60
29 0.18742058085629165 152256 0.05 60
30 0.18483379854982246 157201 0.05 60
31 0.18243733519004285 162141 0.05 60
32 0.18020484473276024 167079 0.05 60
33 0.17811368515732953 172013 0.05 60
34 0.17614510714098697 176959 0.05 60
35 0.17428403166770925 181886 0.05 60
36 0.172518663995479 186811 0.05 60
37 0.17084009793934596 191736 0.05 60
38 0.16924194521362734 196658 0.05 60
39 0.16771996049082258 201573 0.05 60
40 0.16627163266303405 206485 0.05 60
41 0.16489572168755248 211401 0.05 60
42 0.16359172799071517 216308 0.05 60
43 0.16235931737667939 221212 0.05 60
44 0.1611977826549068 226115 0.05 60
45 0.1601056537186825 231015 0.05 60
46 0.1590805341973199 235913 0.05 60
47 0.1581191628933978 240809 0.05 60
48 0.1572176253651895 245702 0.05 60
49 0.15637161484640263 250609 0.05 60
50 0.1555766622637962 255498 0.05 60
51 0.15482829663011652 260386 0.05 60
52 0.15412213410302528 265272 0.05 60
53 0.15345391468121874 270156 0.05 60
54 0.15281951044776235 275042 0.05 60
55 0.1522149248884567 279926 0.05 60
56 0.15163629567117248 284804 0.05 60
57 0.15107990710461178 289679 0.05 60
58 0.15054221392766368 294555 0.05 60
59 0.15001987432268857 299427 0.05 60
60 0.1495097869056933 304297 0.05 60
61 0.14900912481517337 309164 0.05 60
62 0.14851536068828086 314031 0.05 60
63 0.14802627886698153 318895 0.05 60
64 0.14753997427756235 323774 0.05 60
65 0.14705483983920697 328634 0.05 60
66 0.14656954547780454 333494 0.05 60
67 0.1460830120000081 338350 0.05 60
68 0.14559438265010963 343206 0.05 60
69 0.1451029945405031 348060 0.05 60
70 0.1446083515758046 352913 0.05 60
71 0.14411010007426484 357769 0.05 60
72 0.14360800799732426 362623 0.05 60
73 0.14310194843957214 367470 0.05 60
74 0.1425918877186161 372316 0.05 60
75 0.14207787799281688 377161 0.05 60
76 0.14156005384382817 382004 0.05 60
77 0.1410386317703387 386846 0.05 60
78 0.1405139111640694 391687 0.05 60
79 0.13998627518769352 396542 0.05 60
80 0.1394561901122959 401381 0.05 60
81 0.13892420210451148 406220 0.05 60
82 0.1383909311366317 411056 0.05 60
83 0.13785706255229274 415893 0.05 60
84 0.13732333774326433 420727 0.05 60
85 0.136790546177273 425562 0.05 60
86 0.13625952132671112 430396 0.05 60
87 0.13573114249177454 435229 0.05 60
88 0.1352063429040304 440063 0.05 60
89 0.1346861221453676 444899 0.05 60
90 0.13417155861582047 449734 0.05 60
91 0.13366381641772596 454564 0.05 60
92 0.1331641411301722 459394 0.05 60
93 0.1326738405889969 464223 0.05 60
94 0.13219424967709817 469065 0.05 60
95 0.1317266817075729 473892 0.05 60
96 0.1312723723959835 478720 0.05 60
97 0.1308324246461137 483547 0.05 60
98 0.13040776259330977 488374 0.05 60
99 0.12999910131306025 493200 0.05 60
