0 0.954561542813099 7060 0.03 80
1 0.9386300955320016 14114 0.03 80
2 0.8718256264445371 21163 0.03 80
3 0.733350578363599 28198 0.03 80
4 0.6128723973648452 35220 0.03 80
5 0.5241381252139898 42222 0.03 80
6 0.46741683061514044 49202 0.03 80
7 0.42347107266959133 56164 0.03 80
8 0.3867140246404534 63109 0.03 80
9 0.3550269513335104 70037 0.03 80
10 0.32803604099623673 76955 0.03 80
11 0.3060878438070222 83859 0.03 80
12 0.2889951353335526 90749 0.03 80
13 0.27598817369821405 97629 0.03 80
14 0.2661242890116108 104497 0.03 80
15 0.2585590841273695 111359 0.03 80
16 0.25264896000284254 118212 0.03 80
17 0.24794070496911444 125059 0.03 80
18 0.24412472639417157 131898 0.03 80
19 0.24099199199288582 138735 0.03 80
20 0.23839969476565984 145564 0.03 80
21 0.23624488786606807 152384 0.03 80
22 0.2344463326192826 159197 0.03 80
23 0.23293433976676758 166006 0.03 80
24 0.2316469291355434 172808 0.03 80
25 0.23052959182576205 179606 0.03 80
26 0.22953615273175607 186403 0.03 80
27 0.22862922472527633 193190 0.03 80
28 0.22777971178220116 199973 0.03 80
29 0.22696543526993238 206750 0.03 80
30 0.2261692322088626 213522 0.03 80
31 0.22537692455391378 220291 0.03 80
32 0.22457553878368422 227057 0.03 80
33 0.22375212153833823 233820 0.03 80
34 0.2228933646546775 240572 0.03 80
35 0.22198599028957497 247320 0.03 80
36 0.22101759386057732 254061 0.03 80
37 0.2199775597176005 260798 0.03 80
38 0.21885776570580723 267528 0.03 80
39 0.21765296641994805 274255 0.03 80
40 0.2163608801180599 280976 0.03 80
41 0.2149820635229814 287693 0.03 80
42 0.21351966194611646 294405 0.03 80
43 0.21197910166678266 301113 0.03 80
44 0.21036776706527116 307826 0.03 80
45 0.20869468325442037 314527 0.03 80
46 0.20697020755134027 321224 0.03 80
47 0.20520572165285142 327915 0.03 80
48 0.20341331218317513 334605 0.03 80
49 0.20160543014269555 341292 0.03 80
50 0.19979452778633874 347977 0.03 80
51 0.19799268181436275 354658 0.03 80
52 0.19621122153925805 361328 0.03 80
53 0.1944603872987816 367995 0.03 80
54 0.19274904599461842 374656 0.03 80
55 0.19108448662886546 381315 0.03 80
56 0.18947230988742883 387970 0.03 80
57 0.18791641430214479 394622 0.03 80
58 0.18641907023054394 401269 0.03 80
59 0.1849810645624132 407917 0.03 80
60 0.1836018951636178 414558 0.03 80
61 0.18227999428772015 421199 0.03 80
62 0.1810129629397639 427833 0.03 80
63 0.1797978017350705 434468 0.03 80
64 0.1786311271385093 441097 0.03 80
65 0.17750936487491406 447723 0.03 80
66 0.1764289149297023 454351 0.03 80
67 0.17538628505008463 460975 0.03 80
68 0.1743781919909053 467596 0.03 80
69 0.17340163179433665 474210 0.03 80
70 0.17245392199950707 480822 0.03 80
71 0.17153271974836395 487438 0.03 80
72 0.17063602028305166 494047 0.03 80
73 0.16976214040519422 500651 0.03 80
74 0.16890969122383903 507255 0.03 80
75 0.16807754408214584 513854 0.03 80
76 0.16726479300577962 520454 0.03 80
77 0.16647071640078656 527049 0.03 80
78 0.16569474007551538 533644 0.03 80
79 0.16493640301752568 540234 0.03 80
80 0.16419532679793356 546824 0.03 80
81 0.16347118908008393 553410 0.03 80
82 0.1627637014963265 559993 0.03 80
83 0.16207259202976362 566579 0.03 80
84 0.1613975918203037 573164 0.03 80
85 0.16073842591719323 579747 0.03 80
86 0.16009480707410015 586323 0.03 80
87 0.1594664315179566 592900 0.03 80
88 0.15885297585388533 599472 0.03 80
89 0.15825409474090704 606045 0.03 80
90 0.15766941941148863 612615 0.03 80
91 0.1570985573424412 619185 0.03 80
92 0.1565410934065364 625751 0.03 80
93 0.15599659271796704 632318 0.03 80
94 0.15546460520763672 638880 0.03 80
95 0.15494467177673518 645442 0.03 80
96 0.1544363317075908 652002 0.03 80
97 0.15393913087757477 658565 0.03 80
98 0.15345263023844938 665122 0.03 80
99 0.15297641399907402 671677 0.03 80
