0 0.9651349243148774 23018 0.04 260
1 0.776546314807769 45961 0.04 260
2 0.5908615629406583 68889 0.04 260
3 0.47392530553801493 91803 0.04 260
4 0.38976681976939953 114674 0.04 260
5 0.33699348696619325 137557 0.04 260
6 0.3019074284959728 160391 0.04 260
7 0.27722803334725177 183206 0.04 260
8 0.2590193335790438 206005 0.04 260
9 0.24493964945867655 228788 0.04 260
10 0.23368091539671523 251560 0.04 260
11 0.22447792407625233 274319 0.04 260
12 0.21682866025964825 297065 0.04 260
13 0.2103721271868173 319789 0.04 260
14 0.204839136438875 342504 0.04 260
15 0.20002847502354543 365207 0.04 260
16 0.19579114762350572 387900 0.04 260
17 0.19201861660979608 410589 0.04 260
18 0.1886336154953391 433274 0.04 260
19 0.18558244143455546 455929 0.04 260
20 0.18282825419226853 478576 0.04 260
21 0.18034546516261465 501212 0.04 260
22 0.17811538885278444 523838 0.04 260
23 0.17612291653927742 546458 0.04 260
24 0.17435346764414403 569067 0.04 260
25 0.17278971398144186 591677 0.04 260
26 0.17140891530258956 614275 0.04 260
27 0.17018277439618476 636866 0.04 260
28 0.16908054308291878 659435 0.04 260
29 0.16807351111766095 681995 0.04 260
30 0.16713813357681656 704546 0.04 260
31 0.16625667327307184 727088 0.04 260
32 0.1654161034127606 749625 0.04 260
33 0.16460653280987902 772163 0.04 260
34 0.1638199489223762 794690 0.04 260
35 0.16304949560827195 817198 0.04 260
36 0.1622891893719496 839698 0.04 260
37 0.16153389787654318 862184 0.04 260
38 0.16077942979480978 884662 0.04 260
39 0.16002263269395356 907129 0.04 260
40 0.1592614377663957 929589 0.04 260
41 0.1584948253993533 952051 0.04 260
42 0.15772271494576826 974501 0.04 260
43 0.15694580230035582 996932 0.04 260
44 0.15616537627751018 1019356 0.04 260
45 0.1553831398279628 1041766 0.04 260
46 0.15460105017537207 1064165 0.04 260
47 0.1538211804585045 1086557 0.04 260
48 0.1530455996851001 1108939 0.04 260
49 0.1522762681450918 1131311 0.04 260
50 0.15151494886598407 1153685 0.04 260
51 0.15076313918181927 1176042 0.04 260
52 0.15002202828937272 1198395 0.04 260
53 0.14929248518926863 1220733 0.04 260
54 0.1485750758683278 1243056 0.04 260
55 0.14787010183874244 1265369 0.04 260
56 0.14717764867747743 1287683 0.04 260
57 0.14649763406783506 1309977 0.04 260
58 0.1458298482916997 1332265 0.04 260
59 0.14517398447846572 1354545 0.04 260
60 0.14452965992597036 1376814 0.04 260
61 0.1438964323835819 1399074 0.04 260
62 0.14327381578669401 1421349 0.04 260
63 0.14266129879056738 1443587 0.04 260
64 0.1420583673423117 1465813 0.04 260
65 0.14146453033961415 1488032 0.04 260
66 0.1408793458382247 1510250 0.04 260
67 0.14030244463431915 1532453 0.04 260
68 0.13973354836595675 1554650 0.04 260
69 0.13917248028224308 1576835 0.04 260
70 0.13861916811209068 1599013 0.04 260
71 0.13807363963492686 1621181 0.04 260
72 0.13753601235790183 1643337 0.04 260
73 0.13700647906142768 1665483 0.04 260
74 0.13648529095732898 1687622 0.04 260
75 0.13597273995844994 1709751 0.04 260
76 0.1354691412368276 1731879 0.04 260
77 0.13497481695574923 1753996 0.04 260
78 0.13449008183983355 1776101 0.04 260
79 0.13401523108080318 1798203 0.04 260
80 0.13355053092123165 1820290 0.04 260
81 0.1330962120768275 1842367 0.04 260
82 0.13265246594190463 1864443 0.04 260
83 0.13221944329783175 1886513 0.04 260
84 0.13179725505431242 1908568 0.04 260
85 0.13138597443860156 1930617 0.04 260
86 0.1309856400272489 1952657 0.04 260
87 0.1305962590811206 1974689 0.04 260
88 0.13021781076934122 1996715 0.04 260
89 0.1298502490158255 2018731 0.04 260
90 0.1294935048422026 2040739 0.04 260
91 0.12914748819367666 2062739 0.04 260
92 0.128812089312861 2084731 0.04 260
93 0.12848717977334576 2106724 0.04 260
94 0.12817261330652419 2128695 0.04 260
95 0.12786822655933666 2150659 0.04 260
96 0.12757383991255283 2172615 0.04 260
97 0.12728925847254377 2194564 0.04 260
98 0.12701427332621995 2216511 0.04 260
99 0.12674866312034172 2238448 0.04 260
