0 0.9579956240068175 19416 0.02 220
1 0.9521431386165994 38807 0.02 220
2 0.9367110772416312 58198 0.02 220
3 0.8832866621443991 77595 0.02 220
4 0.7643742709357232 96987 0.02 220
5 0.6350509638570881 116385 0.02 220
6 0.5353534340376752 135781 0.02 220
7 0.46320401334999994 155167 0.02 220
8 0.4110213788810498 174542 0.02 220
9 0.3742807126605225 193904 0.02 220
10 0.3483191998530493 213255 0.02 220
11 0.32907530329392015 232597 0.02 220
12 0.3139892704581295 251929 0.02 220
13 0.30165912051855065 271253 0.02 220
14 0.29130127294896624 290571 0.02 220
15 0.2824345601075455 309880 0.02 220
16 0.2747404915262085 329180 0.02 220
17 0.26800066844196757 348473 0.02 220
18 0.2620630223643511 367755 0.02 220
19 0.2568199790422919 387029 0.02 220
20 0.25219216302829356 406295 0.02 220
21 0.24811580665217756 425552 0.02 220
22 0.2445340794565005 444804 0.02 220
23 0.24139227441953465 464048 0.02 220
24 0.23863601893801287 483283 0.02 220
25 0.23621150618933545 502512 0.02 220
26 0.234066714205523 521730 0.02 220
27 0.2321527351252783 540940 0.02 220
28 0.23042478900946062 560143 0.02 220
29 0.22884289375820377 579352 0.02 220
30 0.22737231004190786 598542 0.02 220
31 0.225983846816951 617725 0.02 220
32 0.22465400316302642 636901 0.02 220
33 0.22336484311013452 656071 0.02 220
34 0.22210352652327833 675230 0.02 220
35 0.2208615186824777 694382 0.02 220
36 0.21963358562968963 713538 0.02 220
37 0.21841671740058013 732677 0.02 220
38 0.21720912409653323 751809 0.02 220
39 0.2160094211692165 770938 0.02 220
40 0.21481605413020868 790059 0.02 220
41 0.2136269398619661 809174 0.02 220
42 0.21243926603688004 828279 0.02 220
43 0.21124940386719357 847377 0.02 220
44 0.210052934228184 866467 0.02 220
45 0.20884483870794782 885550 0.02 220
46 0.20761993501147208 904628 0.02 220
47 0.20637359609149805 923700 0.02 220
48 0.2051026620412276 942763 0.02 220
49 0.20380629143604467 961819 0.02 220
50 0.2024864277438465 980871 0.02 220
51 0.20114766103037726 999912 0.02 220
52 0.19979650715281996 1018945 0.02 220
53 0.19844036475794258 1037971 0.02 220
54 0.1970865036430544 1056993 0.02 220
55 0.19574135031997178 1076007 0.02 220
56 0.19441015459337554 1095017 0.02 220
57 0.19309696760535414 1114019 0.02 220
58 0.19180479948969362 1133015 0.02 220
59 0.19053583887851192 1152000 0.02 220
60 0.18929166176224663 1170979 0.02 220
61 0.18807339946768628 1189952 0.02 220
62 0.18688186198735515 1208942 0.02 220
63 0.1857176245309449 1227904 0.02 220
64 0.1845810875632477 1246862 0.02 220
65 0.1834725188754158 1265814 0.02 220
66 0.1823920835515989 1284761 0.02 220
67 0.181339865435638 1303700 0.02 220
68 0.18031588222568085 1322633 0.02 220
69 0.17932009552199132 1341561 0.02 220
70 0.17835241679243338 1360484 0.02 220
71 0.1774127100899599 1379402 0.02 220
72 0.17650079231191 1398319 0.02 220
73 0.17561643175262298 1417232 0.02 220
74 0.1747593456379809 1436138 0.02 220
75 0.1739291972404764 1455041 0.02 220
76 0.1731255930664119 1473934 0.02 220
77 0.1723480804949207 1492822 0.02 220
78 0.17159614614095933 1511705 0.02 220
79 0.17086921511636088 1530588 0.02 220
80 0.17016665127650776 1549464 0.02 220
81 0.16948775846554512 1568339 0.02 220
82 0.1688317827105913 1587207 0.02 220
83 0.16819791526591846 1606071 0.02 220
84 0.16758529637309919 1624928 0.02 220
85 0.16699301958434015 1643781 0.02 220
86 0.16642013649489704 1662634 0.02 220
87 0.1658656617463868 1681480 0.02 220
88 0.1653285781941086 1700320 0.02 220
89 0.16480784217423364 1719159 0.02 220
90 0.16430238885509907 1738009 0.02 220
91 0.1638111377037981 1756840 0.02 220
92 0.16333299813719834 1775665 0.02 220
93 0.1628668754484829 1794488 0.02 220
94 0.16241167710103288 1813308 0.02 220
95 0.16196631945881956 1832118 0.02 220
96 0.16152973497775477 1850940 0.02 220
97 0.16110087982081703 1869743 0.02 220
98 0.16067874178949487 1888541 0.02 220
99 0.16026234839508963 1907341 0.02 220
