0 0.8866655650288636 5296 0.08 60
1 0.5409549242367332 10569 0.08 60
2 0.36738619732064887 15777 0.08 60
3 0.3120128845003751 20923 0.08 60
4 0.2872704951385552 26027 0.08 60
5 0.2720952364812915 31101 0.08 60
6 0.26050993025858665 36150 0.08 60
7 0.25060770773546936 41177 0.08 60
8 0.24141500403595104 46183 0.08 60
9 0.232538219680166 51172 0.08 60
10 0.22411789142638414 56145 0.08 60
11 0.21638647220543347 61106 0.08 60
12 0.2093695225060763 66052 0.08 60
13 0.20295120162861566 70987 0.08 60
14 0.19702553254143543 75912 0.08 60
15 0.1915555417600578 80829 0.08 60
16 0.18653986503546108 85738 0.08 60
17 0.1819651938872231 90641 0.08 60
18 0.17780020635633778 95541 0.08 60
19 0.1740108989269124 100434 0.08 60
20 0.17056482795250924 105319 0.08 60
21 0.16742801177578628 110200 0.08 60
22 0.1645660148900225 115076 0.08 60
23 0.16194743090946567 119947 0.08 60
24 0.15954600952401782 124814 0.08 60
25 0.15734062983575756 129676 0.08 60
26 0.1553135793474138 134538 0.08 60
27 0.15344846330367742 139393 0.08 60
28 0.15172899509807683 144246 0.08 60
29 0.15013893077088597 149095 0.08 60
30 0.14866264323864703 153943 0.08 60
31 0.14728577117474084 158786 0.08 60
32 0.14599567051322623 163627 0.08 60
33 0.14478161750355206 168465 0.08 60
34 0.1436347792973519 173301 0.08 60
35 0.14254799521133882 178137 0.08 60
36 0.14151546065017423 182972 0.08 60
37 0.1405324328945865 187801 0.08 60
38 0.13959503875001267 192629 0.08 60
39 0.138700192582258 197456 0.08 60
40 0.13784558591066387 202281 0.08 60
41 0.1370296955502547 207105 0.08 60
42 0.13625176039386278 211927 0.08 60
43 0.13551169124770993 216747 0.08 60
44 0.1348099036016838 221565 0.08 60
45 0.13414708941611891 226382 0.08 60
46 0.13352395053424168 231199 0.08 60
47 0.13294089665271208 236018 0.08 60
48 0.1323976898829701 240832 0.08 60
49 0.13189302861521687 245646 0.08 60
50 0.131424112477694 250459 0.08 60
51 0.13098631045811998 255271 0.08 60
52 0.13057314412219523 260085 0.08 60
53 0.1301767907421102 264899 0.08 60
54 0.12978907877936735 269710 0.08 60
55 0.12940261744679765 274520 0.08 60
56 0.12901165242023346 279333 0.08 60
57 0.12861254311835754 284142 0.08 60
58 0.12820394486918216 288951 0.08 60
59 0.1277866455396589 293759 0.08 60
60 0.12736294603905035 298567 0.08 60
61 0.12693568089590196 303374 0.08 60
62 0.12650721891932987 308182 0.08 60
63 0.12607883138568013 312989 0.08 60
64 0.1256506201649843 317800 0.08 60
65 0.12522189691043445 322607 0.08 60
66 0.12479170670769868 327416 0.08 60
67 0.12435922104739172 332223 0.08 60
68 0.12392392723926264 337029 0.08 60
69 0.1234857165015775 341838 0.08 60
70 0.12304498089623675 346647 0.08 60
71 0.1226027259525174 351454 0.08 60
72 0.12216063429943971 356259 0.08 60
73 0.12172103164007636 361069 0.08 60
74 0.12128676126077374 365875 0.08 60
75 0.12086100344541861 370680 0.08 60
76 0.12044706315600437 375485 0.08 60
77 0.1200481122423279 380289 0.08 60
78 0.11966684920654583 385094 0.08 60
79 0.11930508252568055 389898 0.08 60
80 0.11896336287614988 394715 0.08 60
81 0.11864085910251948 399530 0.08 60
82 0.11833554116821501 404342 0.08 60
83 0.11804451303860444 409155 0.08 60
84 0.11776428265365564 413968 0.08 60
85 0.11749089332954041 418780 0.08 60
86 0.11722003141619158 423596 0.08 60
87 0.11694733041345125 428411 0.08 60
88 0.11666897844291606 433223 0.08 60
89 0.11638240540116786 438035 0.08 60
90 0.1160866420300773 442846 0.08 60
91 0.11578235725806803 447657 0.08 60
92 0.11547226947621575 452469 0.08 60
93 0.11516235518632106 457280 0.08 60
94 0.11486256329686073 462090 0.08 60
95 0.1145848634491507 466900 0.08 60
96 0.11433937974216843 471709 0.08 60
97 0.11413238942270316 476518 0.08 60
98 0.11396725631709792 481327 0.08 60
99 0.11384604020958415 486136 0.08 60
