0 0.9396329023022005 5304 0.06 60
1 0.770792498698491 10596 0.06 60
2 0.5169299184929226 15864 0.06 60
3 0.3836325159560301 21083 0.06 60
4 0.3287526246251638 26262 0.06 60
5 0.3003439640824035 31409 0.06 60
6 0.28427743006378675 36534 0.06 60
7 0.273717777276945 41639 0.06 60
8 0.2656851771944775 46728 0.06 60
9 0.25884144729253816 51804 0.06 60
10 0.25263292692477907 56867 0.06 60
11 0.2468052210475479 61914 0.06 60
12 0.2411919325818027 66948 0.06 60
13 0.23564255344636817 71975 0.06 60
14 0.23004037859988286 76986 0.06 60
15 0.22435239182179686 81986 0.06 60
16 0.2186565763946316 86977 0.06 60
17 0.2131200598580098 91958 0.06 60
18 0.20791826649493506 96931 0.06 60
19 0.2031496822111422 101897 0.06 60
20 0.19881995660557178 106854 0.06 60
21 0.19488035390719574 111806 0.06 60
22 0.1912682296979825 116751 0.06 60
23 0.18792906042320698 121691 0.06 60
24 0.1848231332465538 126625 0.06 60
25 0.18192407981705494 131555 0.06 60
26 0.17921425725722537 136484 0.06 60
27 0.17668012128299224 141408 0.06 60
28 0.1743097937156253 146327 0.06 60
29 0.17209321231716668 151240 0.06 60
30 0.17002300922941652 156150 0.06 60
31 0.16809418552648386 161056 0.06 60
32 0.16630243266303868 165960 0.06 60
33 0.16464226925965894 170860 0.06 60
34 0.16310607414089148 175758 0.06 60
35 0.16168419608147103 180652 0.06 60
36 0.16036565665853764 185544 0.06 60
37 0.15913892333567042 190433 0.06 60
38 0.15799248241287417 195320 0.06 60
39 0.1569151725110973 200203 0.06 60
40 0.15589636584665603 205083 0.06 60
41 0.1549261038066536 209961 0.06 60
42 0.15399524337700984 214837 0.06 60
43 0.15309561121690698 219713 0.06 60
44 0.152220131476953 224586 0.06 60
45 0.1513628966923736 229457 0.06 60
46 0.15051917170098866 234322 0.06 60
47 0.14968533970210773 239186 0.06 60
48 0.14885880829776701 244047 0.06 60
49 0.148037892641499 248905 0.06 60
50 0.14722168759255197 253762 0.06 60
51 0.14640993522024473 258617 0.06 60
52 0.14560289036876134 263469 0.06 60
53 0.14480118614075962 268319 0.06 60
54 0.14400570302407106 273167 0.06 60
55 0.14321744886359672 278014 0.06 60
56 0.1424374598702593 282859 0.06 60
57 0.14166673321984902 287702 0.06 60
58 0.14090619870432244 292544 0.06 60
59 0.1401567311285891 297385 0.06 60
60 0.1394191979613061 302225 0.06 60
61 0.13869452922654738 307067 0.06 60
62 0.13798379044646145 311906 0.06 60
63 0.13728823725382075 316742 0.06 60
64 0.1366093340732229 321582 0.06 60
65 0.135948728555688 326418 0.06 60
66 0.13530818543244266 331252 0.06 60
67 0.134689494396104 336085 0.06 60
68 0.13409437304858096 340918 0.06 60
69 0.13352438544460546 345750 0.06 60
70 0.13298088896040836 350580 0.06 60
71 0.13246500976435657 355411 0.06 60
72 0.1319776350964795 360240 0.06 60
73 0.13151940383156505 365069 0.06 60
74 0.1310906773459727 369898 0.06 60
75 0.13069147817979726 374726 0.06 60
76 0.1303213895217915 379554 0.06 60
77 0.12997941234848742 384382 0.06 60
78 0.12966378810875026 389212 0.06 60
79 0.12937183404752364 394038 0.06 60
80 0.12909991548548586 398872 0.06 60
81 0.12884374006283383 403698 0.06 60
82 0.12859907615729085 408528 0.06 60
83 0.12836272867338783 413358 0.06 60
84 0.12813332854460072 418182 0.06 60
85 0.12791144348278038 423014 0.06 60
86 0.1276988069851311 427838 0.06 60
87 0.12749700434308311 432662 0.06 60
88 0.1273063418284836 437485 0.06 60
89 0.1271254310354587 442313 0.06 60
90 0.12695145155893856 447134 0.06 60
91 0.12678071774286612 451954 0.06 60
92 0.12660922419644458 456775 0.06 60
93 0.1264330252720352 461594 0.06 60
94 0.12624844616351585 466413 0.06 60
95 0.12605219731490697 471232 0.06 60
96 0.12584147856352146 476051 0.06 60
97 0.12561412537248665 480870 0.06 60
98 0.12536878606522883 485691 0.06 60
99 0.12510507110031907 490515 0.06 60
