0 0.9443123865066223 21310 0.06 240
1 0.5632564320075617 42663 0.06 240
2 0.3654541063215719 63940 0.06 240
3 0.2971564770497057 85158 0.06 240
4 0.26262509575681237 106335 0.06 240
5 0.24231996534742903 127482 0.06 240
6 0.22873861075127405 148596 0.06 240
7 0.21845095948688364 169685 0.06 240
8 0.20991507949731228 190750 0.06 240
9 0.2024824969318654 211786 0.06 240
10 0.19589340644987274 232800 0.06 240
11 0.19002034821717578 253794 0.06 240
12 0.18478015833543385 274762 0.06 240
13 0.1801047638496184 295706 0.06 240
14 0.17591765258390593 316630 0.06 240
15 0.17212860842345135 337530 0.06 240
16 0.16865005195773997 358407 0.06 240
17 0.165417455923458 379263 0.06 240
18 0.16239595817526636 400099 0.06 240
19 0.15957377411879214 420914 0.06 240
20 0.1569514451813817 441711 0.06 240
21 0.15453269666460484 462486 0.06 240
22 0.1523187961286725 483243 0.06 240
23 0.15030622275866462 503983 0.06 240
24 0.1484866143545841 524704 0.06 240
25 0.14684785770486752 545409 0.06 240
26 0.14537553883036722 566098 0.06 240
27 0.144054366898213 586769 0.06 240
28 0.14286936671807587 607422 0.06 240
29 0.14180670929370462 628058 0.06 240
30 0.14085415082531444 648680 0.06 240
31 0.14000115196798008 669286 0.06 240
32 0.13923879308003723 689877 0.06 240
33 0.13855958388958028 710450 0.06 240
34 0.13795722552636358 731009 0.06 240
35 0.13742635443933332 751551 0.06 240
36 0.1369622885499068 772077 0.06 240
37 0.13656079464559462 792588 0.06 240
38 0.13621789200931478 813087 0.06 240
39 0.13592969886924433 833568 0.06 240
40 0.13569231932311282 854035 0.06 240
41 0.1355017632119671 874486 0.06 240
42 0.1353538917804615 894923 0.06 240
43 0.13524438670682498 915345 0.06 240
44 0.13516874602850304 935755 0.06 240
45 0.13512231397613367 956150 0.06 240
46 0.13510035029431935 976532 0.06 240
47 0.13509813811792054 996908 0.06 240
48 0.1351111201473078 1017263 0.06 240
49 0.13513504443639485 1037604 0.06 240
50 0.13516609711039518 1057930 0.06 240
51 0.135201001521493 1078247 0.06 240
52 0.13523707086898074 1098549 0.06 240
53 0.13527221117019964 1118838 0.06 240
54 0.13530488017937625 1139114 0.06 240
55 0.13533401311349613 1159376 0.06 240
56 0.1353589274898309 1179629 0.06 240
57 0.1353792181859514 1199868 0.06 240
58 0.13539465174953752 1220096 0.06 240
59 0.1354050674029701 1240311 0.06 240
60 0.13541029160067788 1260514 0.06 240
61 0.13541007294127835 1280707 0.06 240
62 0.1354040436457988 1300886 0.06 240
63 0.13539171164997366 1321055 0.06 240
64 0.13537248326516368 1341215 0.06 240
65 0.13534571101191353 1361361 0.06 240
66 0.1353107561476221 1381501 0.06 240
67 0.1352670523193113 1401628 0.06 240
68 0.13521415682065197 1421746 0.06 240
69 0.13515177920627325 1441850 0.06 240
70 0.1350797825598679 1461949 0.06 240
71 0.134998158949276 1482280 0.06 240
72 0.13490698590696748 1502356 0.06 240
73 0.13480637396223338 1522419 0.06 240
74 0.13469641585005473 1542475 0.06 240
75 0.13457714630008127 1562518 0.06 240
76 0.1344485180838337 1582553 0.06 240
77 0.13431039630245337 1602576 0.06 240
78 0.13416256964336037 1622589 0.06 240
79 0.13400477508742645 1642593 0.06 240
80 0.13383673146784655 1662586 0.06 240
81 0.1336581772020357 1682571 0.06 240
82 0.13346890809936776 1702548 0.06 240
83 0.1332688120275777 1722512 0.06 240
84 0.13305789811779933 1742468 0.06 240
85 0.13283631894802078 1762416 0.06 240
86 0.1326043847348266 1782353 0.06 240
87 0.1323625690350866 1802281 0.06 240
88 0.13211150589629803 1822197 0.06 240
89 0.13185197886297942 1842105 0.06 240
90 0.1315849027622337 1862004 0.06 240
91 0.13131129970780656 1881893 0.06 240
92 0.13103227118548041 1901773 0.06 240
93 0.13074896830917693 1921645 0.06 240
94 0.13046256229489298 1941511 0.06 240
95 0.1301742168825147 1961376 0.06 240
96 0.12988506391263566 1981236 0.06 240
97 0.12959618266068434 2001083 0.06 240
98 0.12930858298268405 2020924 0.06 240
99 0.12902319194508174 2040753 0.06 240
