0 0.9555111255678529 14145 0.01 160
1 0.9542288012004296 28280 0.01 160
2 0.9526414518035521 42389 0.01 160
3 0.9504769604399443 56498 0.01 160
4 0.947259844981676 70639 0.01 160
5 0.942068645405039 84748 0.01 160
6 0.9330101859753436 98887 0.01 160
7 0.9162070711041034 113004 0.01 160
8 0.8848084046642761 127117 0.01 160
9 0.8347098049575925 141256 0.01 160
10 0.7749006637751666 155374 0.01 160
11 0.71542597321657 169491 0.01 160
12 0.6615345605924536 183611 0.01 160
13 0.6158372012049262 197726 0.01 160
14 0.5782465349720384 211836 0.01 160
15 0.5468321313866052 225943 0.01 160
16 0.5196370330064168 240047 0.01 160
17 0.495412513631375 254152 0.01 160
18 0.47356241013289796 268247 0.01 160
19 0.4539211797359423 282335 0.01 160
20 0.4364674426669911 296418 0.01 160
21 0.4210670344678016 310500 0.01 160
22 0.40743022611971597 324573 0.01 160
23 0.395213311997136 338645 0.01 160
24 0.3841061885162886 352709 0.01 160
25 0.3738656968147204 366773 0.01 160
26 0.3643157040445604 380836 0.01 160
27 0.35533419735495153 394894 0.01 160
28 0.3468384225077913 408944 0.01 160
29 0.33877273250634127 422993 0.01 160
30 0.331100035126714 437037 0.01 160
31 0.3237961261848041 451082 0.01 160
32 0.3168459249589461 465119 0.01 160
33 0.31024082715055884 479154 0.01 160
34 0.3039766522351123 493187 0.01 160
35 0.29805188416545886 507265 0.01 160
36 0.2924660708868711 521292 0.01 160
37 0.2872183706850404 535317 0.01 160
38 0.28230631813602874 549342 0.01 160
39 0.2777249116802654 563363 0.01 160
40 0.27346609560187934 577382 0.01 160
41 0.26951864930088504 591403 0.01 160
42 0.2658684327472863 605419 0.01 160
43 0.26249888619117856 619429 0.01 160
44 0.25939166190084006 633438 0.01 160
45 0.25652728046842926 647453 0.01 160
46 0.25388573904042167 661459 0.01 160
47 0.2514470339761814 675460 0.01 160
48 0.24919158530156146 689460 0.01 160
49 0.24710056444464684 703456 0.01 160
50 0.24515613392648192 717450 0.01 160
51 0.24334161112358058 731441 0.01 160
52 0.24164156939073755 745444 0.01 160
53 0.24004188937068124 759434 0.01 160
54 0.2385297717663592 773422 0.01 160
55 0.2370937207865448 787407 0.01 160
56 0.23572350538851408 801390 0.01 160
57 0.23441010366152348 815375 0.01 160
58 0.23314563437306304 829357 0.01 160
59 0.23192327884134958 843337 0.01 160
60 0.2307371958116849 857313 0.01 160
61 0.22958243176828252 871289 0.01 160
62 0.228454828973695 885265 0.01 160
63 0.22735093339102125 899239 0.01 160
64 0.22626790444986347 913207 0.01 160
65 0.2252034283516499 927176 0.01 160
66 0.22415563629407112 941140 0.01 160
67 0.2231230286640336 955105 0.01 160
68 0.22210440593728548 969065 0.01 160
69 0.2210988067506474 983023 0.01 160
70 0.22010545338406737 996981 0.01 160
71 0.2191237046976656 1010936 0.01 160
72 0.2181530164023929 1024888 0.01 160
73 0.2171929083928293 1038839 0.01 160
74 0.2162429387338679 1052791 0.01 160
75 0.21530268377311013 1066739 0.01 160
76 0.21437172375537875 1080690 0.01 160
77 0.21344963325221564 1094658 0.01 160
78 0.2125359756909244 1108607 0.01 160
79 0.21163030127212729 1122548 0.01 160
80 0.21073214759488515 1136492 0.01 160
81 0.20984104235535417 1150433 0.01 160
82 0.20895650754140455 1164372 0.01 160
83 0.20807806460730355 1178333 0.01 160
84 0.2072052401781384 1192269 0.01 160
85 0.2063375719029514 1206199 0.01 160
86 0.20547461414832 1220129 0.01 160
87 0.2046159432982683 1234057 0.01 160
88 0.20376116249876705 1247983 0.01 160
89 0.2029099057514693 1261907 0.01 160
90 0.2020618413181435 1275829 0.01 160
91 0.20121667444186467 1289752 0.01 160
92 0.20037414942250226 1303672 0.01 160
93 0.19953405110293906 1317591 0.01 160
94 0.19869620583053785 1331506 0.01 160
95 0.1978604819581327 1345419 0.01 160
96 0.1970267899429905 1359381 0.01 160
97 0.19619508209327738 1373394 0.01 160
98 0.19536535200178393 1387401 0.01 160
99 0.1945376336974403 1401412 0.01 160
