0 0.9563469141937648 10589 0.02 120
1 0.9527979513644467 21167 0.02 120
2 0.9437892131249203 31798 0.02 120
3 0.9132312158299959 42459 0.02 120
4 0.8318503839058508 53120 0.02 120
5 0.7343540303492367 63774 0.02 120
6 0.6484764105933715 74417 0.02 120
7 0.5808110688747224 85049 0.02 120
8 0.5281505311600931 95674 0.02 120
9 0.48529811899545466 106288 0.02 120
10 0.450154931701851 116894 0.02 120
11 0.4210494749858149 127492 0.02 120
12 0.3960337335612457 138079 0.02 120
13 0.3739723128094131 148658 0.02 120
14 0.3545762578987437 159249 0.02 120
15 0.3377605312578428 169817 0.02 120
16 0.3232796378024933 180378 0.02 120
17 0.31077717069570404 190933 0.02 120
18 0.2999306047994037 201486 0.02 120
19 0.29048984246012965 212028 0.02 120
20 0.2822479247917677 222569 0.02 120
21 0.27500761366384857 233104 0.02 120
22 0.2685740731173857 243631 0.02 120
23 0.26276800191443833 254153 0.02 120
24 0.2574389206170202 264670 0.02 120
25 0.25247003997909623 275218 0.02 120
26 0.24777627497022658 285728 0.02 120
27 0.24329915397047158 296232 0.02 120
28 0.23900150423737215 306734 0.02 120
29 0.2348629708226525 317230 0.02 120
30 0.2308760195288143 327720 0.02 120
31 0.22704216369112193 338206 0.02 120
32 0.22336864283302546 348687 0.02 120
33 0.21986554495287888 359165 0.02 120
34 0.2165430985697698 369639 0.02 120
35 0.2134091649733956 380111 0.02 120
36 0.21046737646455657 390576 0.02 120
37 0.2077163624057852 401038 0.02 120
38 0.20515010910150372 411499 0.02 120
39 0.20275909682297052 421953 0.02 120
40 0.20053171634160613 432405 0.02 120
41 0.19845556077633808 442853 0.02 120
42 0.1965183703826415 453299 0.02 120
43 0.1947085781006909 463740 0.02 120
44 0.1930155204772016 474177 0.02 120
45 0.1914294308555619 484614 0.02 120
46 0.18994133029859403 495047 0.02 120
47 0.18854290056397022 505476 0.02 120
48 0.18722638545430714 515908 0.02 120
49 0.18598453569581777 526332 0.02 120
50 0.1848105929268106 536752 0.02 120
51 0.18369829957663714 547171 0.02 120
52 0.18264192010835817 557588 0.02 120
53 0.18163626173513725 567999 0.02 120
54 0.18067668664201897 578408 0.02 120
55 0.17975911145247242 588814 0.02 120
56 0.17887999257465484 599217 0.02 120
57 0.17803629805996912 609617 0.02 120
58 0.1772254678430938 620015 0.02 120
59 0.17644536490666593 630416 0.02 120
60 0.17569422020645925 640808 0.02 120
61 0.17497057423519957 651204 0.02 120
62 0.17427321797325027 661593 0.02 120
63 0.1736011357147316 671977 0.02 120
64 0.17295345189574418 682358 0.02 120
65 0.17232938361223932 692736 0.02 120
66 0.17172820002416514 703115 0.02 120
67 0.17114918932486337 713492 0.02 120
68 0.17059163343611694 723863 0.02 120
69 0.17005479010085334 734233 0.02 120
70 0.16953788162532032 744598 0.02 120
71 0.16904008921167563 754960 0.02 120
72 0.1685605516531137 765320 0.02 120
73 0.1680983671495779 775678 0.02 120
74 0.16765259712859304 786034 0.02 120
75 0.16722227118443872 796386 0.02 120
76 0.16680639252743726 806738 0.02 120
77 0.166403943610486 817086 0.02 120
78 0.1660138918299792 827434 0.02 120
79 0.1656351953571941 837780 0.02 120
80 0.16526680923557305 848121 0.02 120
81 0.16490769188440396 858459 0.02 120
82 0.16455681209566303 868796 0.02 120
83 0.1642131565201289 879140 0.02 120
84 0.1638757375356091 889475 0.02 120
85 0.1635436012967886 899806 0.02 120
86 0.16321583570000575 910140 0.02 120
87 0.1628915779662664 920466 0.02 120
88 0.16257002155314126 930789 0.02 120
89 0.16225042214485486 941111 0.02 120
90 0.16193210252971152 951430 0.02 120
91 0.1616144562432673 961748 0.02 120
92 0.16129694992360968 972063 0.02 120
93 0.1609791243837111 982380 0.02 120
94 0.1606605944507386 992693 0.02 120
95 0.16034104765258012 1003001 0.02 120
96 0.16002024184979408 1013315 0.02 120
97 0.15969800192053651 1023621 0.02 120
98 0.15937421561108242 1033926 0.02 120
99 0.1590488286690612 1044229 0.02 120
