0 0.9612092244455241 21302 0.03 240
1 0.9357030081616168 42502 0.03 240
2 0.8133715578159171 63683 0.03 240
3 0.6297167018964702 84860 0.03 240
4 0.4990208831732043 106024 0.03 240
5 0.41302845288484985 127166 0.03 240
6 0.35993617926372895 148295 0.03 240
7 0.32518460417921663 169396 0.03 240
8 0.3005405146054923 190480 0.03 240
9 0.2820864990410526 211544 0.03 240
10 0.26783958215095177 232592 0.03 240
11 0.25658189439831236 253637 0.03 240
12 0.24747903572525498 274662 0.03 240
13 0.23995934318339837 295673 0.03 240
14 0.23363008303469232 316676 0.03 240
15 0.22821627038592499 337676 0.03 240
16 0.22352016154910556 358658 0.03 240
17 0.21939318468510083 379630 0.03 240
18 0.2157181319717432 400593 0.03 240
19 0.21239993914860264 421548 0.03 240
20 0.20936177888404947 442502 0.03 240
21 0.2065434845889651 463443 0.03 240
22 0.20390045497959677 484373 0.03 240
23 0.20140206646406658 505293 0.03 240
24 0.19902915548362182 526208 0.03 240
25 0.19677060102651647 547121 0.03 240
26 0.1946195173892234 568017 0.03 240
27 0.19256987899924158 588905 0.03 240
28 0.19061432832959344 609790 0.03 240
29 0.18874346126755695 630671 0.03 240
30 0.18694632397958172 651535 0.03 240
31 0.18521152561002727 672394 0.03 240
32 0.1835283789137878 693241 0.03 240
33 0.18188770430668916 714085 0.03 240
34 0.18028219269133636 734927 0.03 240
35 0.17870640243387328 755755 0.03 240
36 0.1771565361462891 776575 0.03 240
37 0.17563013206635708 797389 0.03 240
38 0.17412575893732557 818202 0.03 240
39 0.17264275704610252 839008 0.03 240
40 0.17118103649807162 859802 0.03 240
41 0.1697409275984028 880591 0.03 240
42 0.16832307223875947 901370 0.03 240
43 0.16692834437722887 922149 0.03 240
44 0.16555778912370273 942915 0.03 240
45 0.16421257234168582 963676 0.03 240
46 0.16289393538956765 984427 0.03 240
47 0.16160315211711684 1005159 0.03 240
48 0.16034148714728869 1025883 0.03 240
49 0.15911015570756348 1046610 0.03 240
50 0.1579102859183295 1067322 0.03 240
51 0.15674288465554106 1088029 0.03 240
52 0.1556088080346295 1108732 0.03 240
53 0.15450873734149495 1129430 0.03 240
54 0.15344316096305896 1150119 0.03 240
55 0.15241236260603483 1170815 0.03 240
56 0.1514164158660856 1191496 0.03 240
57 0.1504551850232078 1212177 0.03 240
58 0.1495283317804303 1232845 0.03 240
59 0.14863532750841263 1253509 0.03 240
60 0.14777547038088013 1274188 0.03 240
61 0.14694790656671936 1294843 0.03 240
62 0.14615165439424743 1315491 0.03 240
63 0.14538563017495512 1336135 0.03 240
64 0.14464867425524638 1356775 0.03 240
65 0.1439395759365481 1377418 0.03 240
66 0.14325709618827326 1398051 0.03 240
67 0.1425999875093283 1418679 0.03 240
68 0.14196701074684928 1439304 0.03 240
69 0.14135694903432738 1459924 0.03 240
70 0.14076861920312625 1480539 0.03 240
71 0.14020088106002268 1501158 0.03 240
72 0.1396526448611636 1521765 0.03 240
73 0.13912287720951863 1542368 0.03 240
74 0.13861060550334273 1562967 0.03 240
75 0.13811492099180855 1583560 0.03 240
76 0.1376349804597057 1604150 0.03 240
77 0.1371700065648607 1624736 0.03 240
78 0.1367192868827178 1645325 0.03 240
79 0.13628217176149177 1665901 0.03 240
80 0.1358580711459057 1686474 0.03 240
81 0.13544645057611465 1707042 0.03 240
82 0.13504682660223916 1727607 0.03 240
83 0.13465876186938433 1748167 0.03 240
84 0.13428186012220092 1768732 0.03 240
85 0.13391576135363006 1789284 0.03 240
86 0.13356013728267624 1809841 0.03 240
87 0.1332146872946825 1830385 0.03 240
88 0.13287913491922407 1850924 0.03 240
89 0.1325532248604674 1871459 0.03 240
90 0.1322367205381668 1891990 0.03 240
91 0.13192940204998577 1912525 0.03 240
92 0.13163106443233827 1933048 0.03 240
93 0.13134151608081956 1953567 0.03 240
94 0.13106057719392225 1974081 0.03 240
95 0.13078807812412235 1994592 0.03 240
96 0.13052385755544274 2015097 0.03 240
97 0.1302677604710877 2035599 0.03 240
98 0.1300196359224638 2056097 0.03 240
99 0.12977933465513006 2076603 0.03 240
