0 0.9350953076187614 7060 0.06 80
1 0.6824028346217322 14098 0.06 80
2 0.4789613643058371 21092 0.06 80
3 0.37447067765851655 28038 0.06 80
4 0.3125208579920299 34946 0.06 80
5 0.27790236575509913 41824 0.06 80
6 0.2588488289820459 48680 0.06 80
7 0.24731153501353398 55517 0.06 80
8 0.2396639733993931 62338 0.06 80
9 0.2343499848090534 69144 0.06 80
10 0.2304441516687594 75936 0.06 80
11 0.22727033285871562 82715 0.06 80
12 0.22436697715593631 89480 0.06 80
13 0.22146168819471673 96237 0.06 80
14 0.21842860122900087 102980 0.06 80
15 0.21525223168977065 109711 0.06 80
16 0.21199072418513737 116424 0.06 80
17 0.20873389754725535 123125 0.06 80
18 0.20556636622832403 129815 0.06 80
19 0.20254442247480375 136492 0.06 80
20 0.19968971262898164 143155 0.06 80
21 0.19699718294296273 149809 0.06 80
22 0.1944489921710545 156450 0.06 80
23 0.1920259779570859 163082 0.06 80
24 0.18971316493696508 169702 0.06 80
25 0.18750029274395263 176314 0.06 80
26 0.18538004763153618 182917 0.06 80
27 0.18334612296264788 189516 0.06 80
28 0.18139209375508095 196101 0.06 80
29 0.17951125252471875 202678 0.06 80
30 0.17769705418809417 209251 0.06 80
31 0.17594361579000023 215816 0.06 80
32 0.17424582752518442 222373 0.06 80
33 0.17259898262758694 228921 0.06 80
34 0.1709982008377005 235463 0.06 80
35 0.16943805249515106 241998 0.06 80
36 0.16791262674092886 248525 0.06 80
37 0.16641600285515604 255050 0.06 80
38 0.16494289864290254 261567 0.06 80
39 0.1634892583145245 268078 0.06 80
40 0.1620526349183428 274583 0.06 80
41 0.16063232443935538 281083 0.06 80
42 0.15922927441275617 287578 0.06 80
43 0.15784581852971674 294068 0.06 80
44 0.15648529684957627 300553 0.06 80
45 0.15515162378321046 307034 0.06 80
46 0.15384886717319562 313510 0.06 80
47 0.15258089580394668 319985 0.06 80
48 0.15135113336403802 326454 0.06 80
49 0.15016242529026277 332920 0.06 80
50 0.1490169905403937 339379 0.06 80
51 0.14791641088524268 345835 0.06 80
52 0.1468616210190587 352285 0.06 80
53 0.14585289685932384 358738 0.06 80
54 0.14488986799137132 365182 0.06 80
55 0.1439715802973348 371624 0.06 80
56 0.1430966101618031 378061 0.06 80
57 0.1422632050428852 384496 0.06 80
58 0.14146941636019378 390927 0.06 80
59 0.1407132012137934 397356 0.06 80
60 0.1399924876327621 403780 0.06 80
61 0.13930521281066072 410203 0.06 80
62 0.1386493509482582 416623 0.06 80
63 0.1380229466409715 423041 0.06 80
64 0.1374241612755321 429457 0.06 80
65 0.13685132442162962 435879 0.06 80
66 0.13630296430304456 442290 0.06 80
67 0.13577778133924504 448704 0.06 80
68 0.135274539358336 455114 0.06 80
69 0.13479188612284324 461524 0.06 80
70 0.13432816443905699 467931 0.06 80
71 0.13388130346436897 474332 0.06 80
72 0.13344885678620894 480729 0.06 80
73 0.13302818614341316 487125 0.06 80
74 0.1326167213739829 493520 0.06 80
75 0.13221220174123413 499916 0.06 80
76 0.13181283618340064 506306 0.06 80
77 0.13141738835687428 512696 0.06 80
78 0.13102523853358541 519084 0.06 80
79 0.13063644920484982 525474 0.06 80
80 0.13025179117732164 531864 0.06 80
81 0.12987265887477914 538248 0.06 80
82 0.12950085724026497 544637 0.06 80
83 0.12913831751466046 551020 0.06 80
84 0.12878681991865895 557399 0.06 80
85 0.12844777206533647 563779 0.06 80
86 0.12812206553156782 570193 0.06 80
87 0.12781002935172514 576616 0.06 80
88 0.12751149424121316 583039 0.06 80
89 0.12722595287071162 589462 0.06 80
90 0.12695276148502196 595888 0.06 80
91 0.1266913110741563 602307 0.06 80
92 0.12644111978354222 608727 0.06 80
93 0.12620184296649684 615150 0.06 80
94 0.1259732300577104 621570 0.06 80
95 0.12575506382187143 627988 0.06 80
96 0.12554710592939528 634404 0.06 80
97 0.12534905788465311 640819 0.06 80
98 0.12516053661400128 647234 0.06 80
99 0.124981060926667 653646 0.06 80
