0 0.8418459039528965 14153 0.08 160
1 0.4310824871042325 28259 0.08 160
2 0.3075629881259857 42289 0.08 160
3 0.25689102103710454 56275 0.08 160
4 0.23181396738853574 70225 0.08 160
5 0.21677667765417277 84138 0.08 160
6 0.2060189653907059 98012 0.08 160
7 0.1974652379980613 111858 0.08 160
8 0.19027340561169068 125670 0.08 160
9 0.184029937024371 139452 0.08 160
10 0.17850533513662115 153207 0.08 160
11 0.1735571202495938 166927 0.08 160
12 0.1690843301644266 180623 0.08 160
13 0.16501638898650703 194285 0.08 160
14 0.1613143638005601 207922 0.08 160
15 0.15796510027615757 221528 0.08 160
16 0.15496779063637445 235107 0.08 160
17 0.1523215301585745 248660 0.08 160
18 0.15001763640728158 262188 0.08 160
19 0.14803553124813215 275691 0.08 160
20 0.14634139130373763 289172 0.08 160
21 0.14489067121540336 302632 0.08 160
22 0.1436346127113292 316068 0.08 160
23 0.14252794850337738 329489 0.08 160
24 0.14153423705393617 342886 0.08 160
25 0.1406274038425877 356267 0.08 160
26 0.13979041807807852 369623 0.08 160
27 0.13901277097135173 382966 0.08 160
28 0.13828793546823334 396289 0.08 160
29 0.13761130659946477 409597 0.08 160
30 0.1369787289039631 422882 0.08 160
31 0.1363855807572861 436156 0.08 160
32 0.1358263509262765 449409 0.08 160
33 0.1352946241159266 462648 0.08 160
34 0.13478337252847788 475870 0.08 160
35 0.1342854364785516 489075 0.08 160
36 0.13379407510498886 502268 0.08 160
37 0.13330347983137739 515445 0.08 160
38 0.13280916705693843 528609 0.08 160
39 0.13230819868574664 541760 0.08 160
40 0.13179921385443466 554904 0.08 160
41 0.13128228701582445 568031 0.08 160
42 0.13075865241388515 581151 0.08 160
43 0.13023035058558383 594254 0.08 160
44 0.12969985740526274 607383 0.08 160
45 0.1291697500024219 620465 0.08 160
46 0.12864244827581417 633542 0.08 160
47 0.12812004978600394 646628 0.08 160
48 0.1276042553266115 659685 0.08 160
49 0.1270963677475332 672727 0.08 160
50 0.1265973400075751 685764 0.08 160
51 0.12610784891785734 698788 0.08 160
52 0.1256283757740314 711803 0.08 160
53 0.12515928131773585 724810 0.08 160
54 0.12470086830781209 737808 0.08 160
55 0.12425342939111132 750798 0.08 160
56 0.12381728070312899 763781 0.08 160
57 0.12339278299895477 776756 0.08 160
58 0.12298035246300808 789723 0.08 160
59 0.12258046276258325 802688 0.08 160
60 0.12219363849867447 815641 0.08 160
61 0.12182043859287228 828593 0.08 160
62 0.12146142742836907 841533 0.08 160
63 0.12111713245278444 854472 0.08 160
64 0.12078798893941427 867415 0.08 160
65 0.12047427421241177 880342 0.08 160
66 0.12017603378657758 893257 0.08 160
67 0.11989300109601736 906171 0.08 160
68 0.11962451302856046 919075 0.08 160
69 0.11936942821190084 931980 0.08 160
70 0.11912606545609736 944873 0.08 160
71 0.11889219336998248 957760 0.08 160
72 0.11866510985006179 970643 0.08 160
73 0.11844183852256193 983520 0.08 160
74 0.11821943173314964 996393 0.08 160
75 0.11799532069530055 1009261 0.08 160
76 0.11776762573128279 1022127 0.08 160
77 0.11753535538025878 1034985 0.08 160
78 0.11729846783337054 1047842 0.08 160
79 0.11705780397200927 1060701 0.08 160
80 0.11681490789863119 1073548 0.08 160
81 0.11657174523169922 1086389 0.08 160
82 0.116330342632818 1099228 0.08 160
83 0.11609240798802783 1112058 0.08 160
84 0.1158590176886095 1124891 0.08 160
85 0.11563044482970011 1137714 0.08 160
86 0.11540615415344853 1150538 0.08 160
87 0.11518493643241474 1163353 0.08 160
88 0.11496512166661202 1176162 0.08 160
89 0.11474480388446223 1188968 0.08 160
90 0.11452202680122273 1201769 0.08 160
91 0.11429491000964466 1214591 0.08 160
92 0.11406172499817965 1227384 0.08 160
93 0.11382094477912064 1240178 0.08 160
94 0.11357128672902832 1252963 0.08 160
95 0.11331175404601053 1265749 0.08 160
96 0.11304166899178793 1278525 0.08 160
97 0.11276068752953632 1291375 0.08 160
98 0.11246878954411671 1304249 0.08 160
99 0.11216624668491879 1317115 0.08 160
