0 0.9174876468347213 12371 0.07 140
1 0.5586005175720311 24704 0.07 140
2 0.3703202461339247 36990 0.07 140
3 0.29691567658386425 49227 0.07 140
4 0.26300162520372977 61429 0.07 140
5 0.24326873240487584 73631 0.07 140
6 0.22964383186393927 85866 0.07 140
7 0.21911355268322757 98071 0.07 140
8 0.21042755607124372 110249 0.07 140
9 0.2031166541961632 122404 0.07 140
10 0.19700627661267173 134529 0.07 140
11 0.19197011709564152 146633 0.07 140
12 0.18785426306156727 158712 0.07 140
13 0.18447645800434173 170767 0.07 140
14 0.18165216365156434 182801 0.07 140
15 0.1792225242818067 194822 0.07 140
16 0.17706639289191534 206819 0.07 140
17 0.17509733907049707 218794 0.07 140
18 0.17325431341523126 230750 0.07 140
19 0.17149209913515442 242688 0.07 140
20 0.16977479494340883 254609 0.07 140
21 0.1680731821933656 266515 0.07 140
22 0.16636461426636953 278404 0.07 140
23 0.1646335479810431 290279 0.07 140
24 0.1628719162829857 302135 0.07 140
25 0.16107947150607485 313974 0.07 140
26 0.15926404121908824 325803 0.07 140
27 0.15744104068785345 337613 0.07 140
28 0.15563161624735986 349412 0.07 140
29 0.15385950927467587 361193 0.07 140
30 0.15214749186746393 372961 0.07 140
31 0.15051449683731974 384718 0.07 140
32 0.1489741590703889 396460 0.07 140
33 0.14753468447887277 408192 0.07 140
34 0.14619941121434965 419910 0.07 140
35 0.14496747051847717 431616 0.07 140
36 0.14383434032977127 443310 0.07 140
37 0.14279239799149762 454992 0.07 140
38 0.14183162993513818 466667 0.07 140
39 0.14094052034983834 478329 0.07 140
40 0.14010700202742699 489981 0.07 140
41 0.13931931869863518 501622 0.07 140
42 0.13856669667534643 513255 0.07 140
43 0.1378397878330155 524882 0.07 140
44 0.13713089183414054 536497 0.07 140
45 0.1364339916616561 548106 0.07 140
46 0.13574464912027073 559704 0.07 140
47 0.1350598101507506 571295 0.07 140
48 0.13437756680616567 582881 0.07 140
49 0.13369691592598892 594455 0.07 140
50 0.13301754452775535 606026 0.07 140
51 0.1323396582552415 617587 0.07 140
52 0.13166385263600935 629141 0.07 140
53 0.1309910114031087 640689 0.07 140
54 0.13032220839498548 652237 0.07 140
55 0.12965859492128137 663775 0.07 140
56 0.12900127158156738 675305 0.07 140
57 0.12835116240246838 686829 0.07 140
58 0.12770891790081995 698347 0.07 140
59 0.12707486853873506 709861 0.07 140
60 0.12644903630185816 721372 0.07 140
61 0.1258311967708378 732875 0.07 140
62 0.1252209724998515 744373 0.07 140
63 0.12461793471714802 755868 0.07 140
64 0.12402169462439046 767358 0.07 140
65 0.12343197383833084 778846 0.07 140
66 0.12284865070576508 790328 0.07 140
67 0.12227178295431512 801808 0.07 140
68 0.12170160837341117 813281 0.07 140
69 0.12113852610513946 824750 0.07 140
70 0.12058306276668311 836217 0.07 140
71 0.12003582953912055 847679 0.07 140
72 0.11949747736769609 859140 0.07 140
73 0.11896865677519568 870595 0.07 140
74 0.11844998666379863 882046 0.07 140
75 0.11794203375497866 893495 0.07 140
76 0.11744530199523127 904940 0.07 140
77 0.11696022992717177 916384 0.07 140
78 0.11648719370484548 927821 0.07 140
79 0.11602651376952074 939256 0.07 140
80 0.11557846380257983 950689 0.07 140
81 0.11514328116606727 962117 0.07 140
82 0.11472117848539323 973546 0.07 140
83 0.11431235624840645 984969 0.07 140
84 0.11391701626133756 996393 0.07 140
85 0.11353537553625039 1007809 0.07 140
86 0.11316767976109632 1019225 0.07 140
87 0.11281421503492607 1030640 0.07 140
88 0.11247531617176094 1042050 0.07 140
89 0.11215136973187223 1053460 0.07 140
90 0.1118428101516234 1064865 0.07 140
91 0.11155010794657054 1076267 0.07 140
92 0.11127374985646674 1087668 0.07 140
93 0.1110142117906079 1099067 0.07 140
94 0.11077192631276607 1110468 0.07 140
95 0.1105472469967008 1121868 0.07 140
96 0.11034041211357043 1133259 0.07 140
97 0.11015150963336941 1144648 0.07 140
98 0.10998044444916984 1156034 0.07 140
99 0.10982690745162138 1167422 0.07 140
