0 0.9655573715148313 24821 0.03 280
1 0.929841545138521 49615 0.03 280
2 0.7709503667444572 74406 0.03 280
3 0.6254278345377464 99192 0.03 280
4 0.5227704533204584 123962 0.03 280
5 0.4440182030991371 148711 0.03 280
6 0.3885658079924823 173442 0.03 280
7 0.3504705035361085 198159 0.03 280
8 0.32343867363543605 222864 0.03 280
9 0.3034250703704309 247559 0.03 280
10 0.28771885255901286 272235 0.03 280
11 0.2745759142814583 296901 0.03 280
12 0.26304016483454246 321560 0.03 280
13 0.252691309256534 346207 0.03 280
14 0.24340073607097895 370844 0.03 280
15 0.2351373937101837 395467 0.03 280
16 0.2278518777811738 420078 0.03 280
17 0.22144770810140793 444689 0.03 280
18 0.21580252084843923 469288 0.03 280
19 0.2107948219914077 493869 0.03 280
20 0.20631901765028282 518447 0.03 280
21 0.2022899226017632 543015 0.03 280
22 0.19864149865480643 567584 0.03 280
23 0.19532320750366255 592138 0.03 280
24 0.1922959073398353 616683 0.03 280
25 0.18952826497842054 641225 0.03 280
26 0.18699404725217356 665758 0.03 280
27 0.18467030871797482 690286 0.03 280
28 0.1825363260949447 714805 0.03 280
29 0.18057307040195203 739316 0.03 280
30 0.17876300998321693 763827 0.03 280
31 0.1770900752049631 788328 0.03 280
32 0.17553966944315008 812828 0.03 280
33 0.17409866449772857 837312 0.03 280
34 0.1727553596641432 861796 0.03 280
35 0.17149940762074412 886348 0.03 280
36 0.17032171918911565 910818 0.03 280
37 0.1692143585582376 935279 0.03 280
38 0.16817043643062635 959739 0.03 280
39 0.167184004543405 984218 0.03 280
40 0.16624995272006257 1008670 0.03 280
41 0.16536390901930748 1033109 0.03 280
42 0.16452214394643874 1057542 0.03 280
43 0.1637214802958163 1081975 0.03 280
44 0.162959210474149 1106395 0.03 280
45 0.16223302291251168 1130809 0.03 280
46 0.16154093846769357 1155218 0.03 280
47 0.16088125675043333 1179623 0.03 280
48 0.16025251135875798 1204027 0.03 280
49 0.15965343226799214 1228418 0.03 280
50 0.15908291327949378 1252811 0.03 280
51 0.158539982488157 1277195 0.03 280
52 0.15802377409761106 1301572 0.03 280
53 0.1575335003890168 1325946 0.03 280
54 0.15706842302925975 1350307 0.03 280
55 0.15662782316922377 1374661 0.03 280
56 0.15621097020635702 1399016 0.03 280
57 0.1558170899987597 1423369 0.03 280
58 0.15544533458837623 1447707 0.03 280
59 0.15509475630879893 1472039 0.03 280
60 0.1547642886901465 1496366 0.03 280
61 0.15445273499978832 1520684 0.03 280
62 0.1541587637335713 1545004 0.03 280
63 0.15388090983539254 1569330 0.03 280
64 0.1536175807656177 1593701 0.03 280
65 0.15336706706507777 1618596 0.03 280
66 0.1531275573006615 1642923 0.03 280
67 0.15289715721244782 1667236 0.03 280
68 0.15267391270268707 1691543 0.03 280
69 0.15245583617214933 1715830 0.03 280
70 0.1522409356631825 1740095 0.03 280
71 0.1520272462528554 1764352 0.03 280
72 0.15181286303592462 1788622 0.03 280
73 0.15159597475649908 1812946 0.03 280
74 0.15137489672727736 1837181 0.03 280
75 0.15114810127167055 1861415 0.03 280
76 0.150914243682852 1885640 0.03 280
77 0.1506721816695264 1909865 0.03 280
78 0.1504209864637689 1934073 0.03 280
79 0.15015994425311305 1958277 0.03 280
80 0.1498885474553484 1982475 0.03 280
81 0.14960647658507467 2006667 0.03 280
82 0.1493135748250637 2030844 0.03 280
83 0.14900981842288688 2055016 0.03 280
84 0.14869528624224168 2079187 0.03 280
85 0.148370131194094 2103351 0.03 280
86 0.14803455528597279 2127504 0.03 280
87 0.14768878913821876 2151648 0.03 280
88 0.14733307620374284 2175792 0.03 280
89 0.14696766152074897 2199925 0.03 280
90 0.14659278456017938 2224051 0.03 280
91 0.14620867563556125 2248167 0.03 280
92 0.14581555542587513 2272277 0.03 280
93 0.14541363728936363 2296383 0.03 280
94 0.14500313203543722 2320481 0.03 280
95 0.14458425460888819 2344645 0.03 280
96 0.14415723184015128 2368730 0.03 280
97 0.14372231022655185 2392744 0.03 280
98 0.14327976276763033 2416718 0.03 280
99 0.14282989417293784 2440696 0.03 280
