0 0.9276357982802399 1774 0.07 20
1 0.7663831969822609 3531 0.07 20
2 0.6084636168895602 5252 0.07 20
3 0.5209052135337372 6941 0.07 20
4 0.4810000023035727 8603 0.07 20
5 0.44873962684883606 10239 0.07 20
6 0.4240535744149896 11853 0.07 20
7 0.4013388534438892 13452 0.07 20
8 0.3777732041899914 15037 0.07 20
9 0.3542336418427118 16609 0.07 20
10 0.332456018532431 18172 0.07 20
11 0.31315218155692 19728 0.07 20
12 0.29618448301011113 21280 0.07 20
13 0.281437307770179 22828 0.07 20
14 0.26895878789381616 24374 0.07 20
15 0.2585611300898499 25918 0.07 20
16 0.2497559905687346 27460 0.07 20
17 0.24219810585061982 29002 0.07 20
18 0.23580571664817124 30542 0.07 20
19 0.2303911485604119 32082 0.07 20
20 0.2257401523978772 33620 0.07 20
21 0.22172545319678644 35157 0.07 20
22 0.21824205027793137 36693 0.07 20
23 0.21517193425703612 38229 0.07 20
24 0.2123956432165873 39764 0.07 20
25 0.20983982606016918 41299 0.07 20
26 0.20747847474662046 42834 0.07 20
27 0.2053019561974748 44368 0.07 20
28 0.20330396698501946 45902 0.07 20
29 0.20146045766837212 47435 0.07 20
30 0.19974610886304686 48968 0.07 20
31 0.1981841660696045 50500 0.07 20
32 0.19682328138415145 52032 0.07 20
33 0.19567561146188667 53563 0.07 20
34 0.1946955945458633 55091 0.07 20
35 0.19382679854959994 56622 0.07 20
36 0.19304853238677316 58149 0.07 20
37 0.19236266560244666 59675 0.07 20
38 0.1917742715054023 61200 0.07 20
39 0.19129877801840758 62724 0.07 20
40 0.19095127531052217 64247 0.07 20
41 0.19070345272601277 65769 0.07 20
42 0.19048008840797825 67292 0.07 20
43 0.19021934248368785 68812 0.07 20
44 0.18990575716805452 70333 0.07 20
45 0.18955494912542392 71852 0.07 20
46 0.189191899992011 73370 0.07 20
47 0.18883984360831155 74888 0.07 20
48 0.1885139791775745 76405 0.07 20
49 0.18821845104729193 77921 0.07 20
50 0.1879501101902514 79436 0.07 20
51 0.18770536189915601 80953 0.07 20
52 0.18748165708756956 82471 0.07 20
53 0.18727551713840468 83984 0.07 20
54 0.18708217454696233 85497 0.07 20
55 0.18689503980592417 87010 0.07 20
56 0.18670464467743958 88522 0.07 20
57 0.18650126166651698 90034 0.07 20
58 0.186281458600217 91545 0.07 20
59 0.18605206983196154 93056 0.07 20
60 0.1858265095574621 94567 0.07 20
61 0.18561568343951773 96077 0.07 20
62 0.1854217586498116 97587 0.07 20
63 0.18523912193726672 99104 0.07 20
64 0.18505921811474352 100614 0.07 20
65 0.18487511501978346 102123 0.07 20
66 0.18468554831248063 103633 0.07 20
67 0.1844972648742366 105142 0.07 20
68 0.18431831029527324 106652 0.07 20
69 0.1841512113687988 108161 0.07 20
70 0.18399359921748465 109670 0.07 20
71 0.18383998281899738 111179 0.07 20
72 0.18368319781876005 112687 0.07 20
73 0.18351692488491686 114195 0.07 20
74 0.1833368244066363 115703 0.07 20
75 0.18314123352374373 117211 0.07 20
76 0.18293202812325063 118718 0.07 20
77 0.1827143493687256 120225 0.07 20
78 0.18249539010506202 121739 0.07 20
79 0.1822821853227267 123246 0.07 20
80 0.18207645822229362 124753 0.07 20
81 0.18186775985132658 126259 0.07 20
82 0.1816352645754826 127766 0.07 20
83 0.18136482702048254 129272 0.07 20
84 0.18106433277615425 130779 0.07 20
85 0.18074922224450646 132286 0.07 20
86 0.18042044040592065 133792 0.07 20
87 0.1800857709170857 135299 0.07 20
88 0.17976322319734767 136806 0.07 20
89 0.17946530745992273 138312 0.07 20
90 0.1791733323672118 139819 0.07 20
91 0.1788580217144031 141326 0.07 20
92 0.1785242882656917 142835 0.07 20
93 0.17820293561027825 144343 0.07 20
94 0.17792397242271754 145856 0.07 20
95 0.177667397934291 147370 0.07 20
96 0.1774799000498672 148880 0.07 20
97 0.17746197630072125 150390 0.07 20
98 0.17749401261576642 151901 0.07 20
99 0.17741664357888942 153412 0.07 20
