0 0.9308428113884628 26526 0.06 300
1 0.5811113586203358 52991 0.06 300
2 0.38849458699657374 79396 0.06 300
3 0.31705433684978107 105928 0.06 300
4 0.2834001526748569 132438 0.06 300
5 0.2606950078145641 158914 0.06 300
6 0.2421099469418272 185353 0.06 300
7 0.22755570018089066 211755 0.06 300
8 0.21626071810169975 238130 0.06 300
9 0.20721645621095053 264466 0.06 300
10 0.19977754880517698 290772 0.06 300
11 0.19351951051627006 317048 0.06 300
12 0.18811067570902168 343290 0.06 300
13 0.1832977195367145 369507 0.06 300
14 0.17892338640324837 395719 0.06 300
15 0.17491076431652852 421875 0.06 300
16 0.17122420136464658 448006 0.06 300
17 0.16783797801698544 474120 0.06 300
18 0.16472383538559363 500196 0.06 300
19 0.16185181119444203 526250 0.06 300
20 0.15919516125886302 552284 0.06 300
21 0.15673334887945373 578288 0.06 300
22 0.15445157192997389 604271 0.06 300
23 0.15233839702147156 630235 0.06 300
24 0.15038372936305017 656172 0.06 300
25 0.14857801677235585 682092 0.06 300
26 0.1469122112801657 707991 0.06 300
27 0.1453777668318038 733862 0.06 300
28 0.14396639779526496 759717 0.06 300
29 0.14266972140422937 785547 0.06 300
30 0.1414790114308453 811359 0.06 300
31 0.14038519217916517 837251 0.06 300
32 0.13937905388125643 863026 0.06 300
33 0.1384515755961557 888781 0.06 300
34 0.1375942328592261 914521 0.06 300
35 0.1367992165677506 940238 0.06 300
36 0.13605954646138382 965938 0.06 300
37 0.13536909728764 991647 0.06 300
38 0.13472256652952663 1017306 0.06 300
39 0.1341154090474027 1042947 0.06 300
40 0.13354375552381326 1068572 0.06 300
41 0.13300432428901546 1094176 0.06 300
42 0.1324943321337947 1119766 0.06 300
43 0.13201140812576984 1145341 0.06 300
44 0.13155351348649702 1170896 0.06 300
45 0.13111886947817414 1196435 0.06 300
46 0.13070589416189918 1221966 0.06 300
47 0.13031314815825118 1247474 0.06 300
48 0.129939289202804 1272968 0.06 300
49 0.12958303514135844 1298448 0.06 300
50 0.12924313485200067 1323905 0.06 300
51 0.12891834635883198 1349351 0.06 300
52 0.12860742118896243 1374779 0.06 300
53 0.1283090939266013 1400191 0.06 300
54 0.12802207599248314 1425594 0.06 300
55 0.1277450529039976 1450977 0.06 300
56 0.12747668457990807 1476346 0.06 300
57 0.12721560856802785 1501710 0.06 300
58 0.1269604463529644 1527049 0.06 300
59 0.12670981314093577 1552375 0.06 300
60 0.12646233172446159 1577701 0.06 300
61 0.1262166511655018 1602997 0.06 300
62 0.12597147099495676 1628280 0.06 300
63 0.1257255712549702 1653551 0.06 300
64 0.12547784789361804 1678807 0.06 300
65 0.12522735180097855 1704048 0.06 300
66 0.1249733284151747 1729283 0.06 300
67 0.12471525375449018 1754505 0.06 300
68 0.12445286235861432 1779709 0.06 300
69 0.12418616314182708 1804904 0.06 300
70 0.12391544045691798 1830080 0.06 300
71 0.12364123939054428 1855260 0.06 300
72 0.1233643360575758 1880412 0.06 300
73 0.1230856951466125 1905552 0.06 300
74 0.12280641807340491 1930682 0.06 300
75 0.12252768582003787 1955798 0.06 300
76 0.1222507008904345 1980902 0.06 300
77 0.12197663277064304 2005995 0.06 300
78 0.12170657079121729 2031077 0.06 300
79 0.12144148733396791 2056146 0.06 300
80 0.12118221299767988 2081235 0.06 300
81 0.12092942384922126 2106278 0.06 300
82 0.12068363951742524 2131313 0.06 300
83 0.12044522989036345 2156336 0.06 300
84 0.1202144276950166 2181352 0.06 300
85 0.11999134427145015 2206350 0.06 300
86 0.11977598628203578 2231338 0.06 300
87 0.11956827174166795 2256319 0.06 300
88 0.11936804444108061 2281283 0.06 300
89 0.11917508642967711 2306245 0.06 300
90 0.11898912865212911 2331191 0.06 300
91 0.1188098600734545 2356132 0.06 300
92 0.1186369356990044 2381059 0.06 300
93 0.11846998384171506 2405977 0.06 300
94 0.11830861286231747 2430879 0.06 300
95 0.11815241746147753 2455774 0.06 300
96 0.1180009844790601 2480653 0.06 300
97 0.11785389808308029 2505521 0.06 300
98 0.11771074422039239 2530384 0.06 300
99 0.11757111424797355 2555238 0.06 300
