0 0.9495676213100005 1896 0.02 20
1 0.9483931831392018 3719 0.02 20
2 0.945039766901289 5492 0.02 20
3 0.930136734707934 7263 0.02 20
4 0.8752772310827968 9032 0.02 20
5 0.8238358652414385 10796 0.02 20
6 0.7979585725682172 12551 0.02 20
7 0.7728038072719344 14298 0.02 20
8 0.7364286670906474 16039 0.02 20
9 0.6965052542103076 17775 0.02 20
10 0.6598606677824495 19500 0.02 20
11 0.6270519079003167 21216 0.02 20
12 0.5958184427910471 22925 0.02 20
13 0.5667139727111723 24627 0.02 20
14 0.5413272360777426 26323 0.02 20
15 0.5202807372913393 28012 0.02 20
16 0.5032724397655358 29710 0.02 20
17 0.48931229729366094 31387 0.02 20
18 0.4775198136704868 33059 0.02 20
19 0.4672119016160644 34727 0.02 20
20 0.45784615430641296 36385 0.02 20
21 0.44888814596608606 38038 0.02 20
22 0.43986182018355685 39685 0.02 20
23 0.43057081678828457 41326 0.02 20
24 0.4212449136439546 42963 0.02 20
25 0.412359159960883 44598 0.02 20
26 0.404306742803863 46228 0.02 20
27 0.3973208314756235 47852 0.02 20
28 0.3913119398512949 49471 0.02 20
29 0.38601843509294 51088 0.02 20
30 0.38122034926976933 52700 0.02 20
31 0.37674079731152055 54309 0.02 20
32 0.372482873964233 55915 0.02 20
33 0.3683953625901811 57520 0.02 20
34 0.3644316423270616 59122 0.02 20
35 0.3605513159704137 60720 0.02 20
36 0.3567173073412707 62316 0.02 20
37 0.35290071187410765 63908 0.02 20
38 0.3490920598449302 65498 0.02 20
39 0.3453038291390655 67084 0.02 20
40 0.3415643720232052 68669 0.02 20
41 0.3379109435903878 70251 0.02 20
42 0.3343825894710753 71832 0.02 20
43 0.33100126848963707 73411 0.02 20
44 0.32776021256781307 74988 0.02 20
45 0.3246438325173883 76564 0.02 20
46 0.3216564019143728 78138 0.02 20
47 0.31882020584660464 79712 0.02 20
48 0.3161516427482508 81284 0.02 20
49 0.3136550447272726 82856 0.02 20
50 0.311329773051402 84426 0.02 20
51 0.30916800720057486 85995 0.02 20
52 0.30715154842901166 87563 0.02 20
53 0.30525769245654694 89129 0.02 20
54 0.3034665715998625 90697 0.02 20
55 0.3017632445249556 92261 0.02 20
56 0.3001363529202749 93825 0.02 20
57 0.29857592870689076 95388 0.02 20
58 0.29707148459335614 96949 0.02 20
59 0.2956111171999291 98510 0.02 20
60 0.29418186401917035 100069 0.02 20
61 0.29277081883020767 101628 0.02 20
62 0.29136628807219306 103196 0.02 20
63 0.28995849294159337 104754 0.02 20
64 0.2885396965558649 106317 0.02 20
65 0.28710399415162324 107874 0.02 20
66 0.28564708489313106 109428 0.02 20
67 0.28416616016394225 110981 0.02 20
68 0.28265984403892197 112534 0.02 20
69 0.2811280643831117 114087 0.02 20
70 0.279571793993386 115638 0.02 20
71 0.27799268486460377 117189 0.02 20
72 0.2763926846560876 118739 0.02 20
73 0.27477377436143824 120289 0.02 20
74 0.27313796455517103 121838 0.02 20
75 0.27148759235304204 123385 0.02 20
76 0.26982581103950204 124932 0.02 20
77 0.2681570524109062 126480 0.02 20
78 0.26648723439099486 128026 0.02 20
79 0.26482362510778634 129571 0.02 20
80 0.2631744812152076 131116 0.02 20
81 0.26154860952233416 132667 0.02 20
82 0.2599548579725179 134210 0.02 20
83 0.25840152970664565 135753 0.02 20
84 0.25689581108550397 137296 0.02 20
85 0.2554432770422378 138841 0.02 20
86 0.2540474955863725 140382 0.02 20
87 0.2527098226752068 141924 0.02 20
88 0.25142951425155285 143466 0.02 20
89 0.25020417568686665 145007 0.02 20
90 0.2490304149740118 146546 0.02 20
91 0.24790451141976974 148086 0.02 20
92 0.24682298170005337 149626 0.02 20
93 0.24578301018421914 151165 0.02 20
94 0.24478272087960112 152704 0.02 20
95 0.24382125792568685 154242 0.02 20
96 0.24289867668880305 155780 0.02 20
97 0.2420156783606795 157318 0.02 20
98 0.24117321086256954 158858 0.02 20
99 0.24037197026987142 160394 0.02 20
