0 0.8337164854815882 12376 0.08 140
1 0.46526561486769286 24694 0.08 140
2 0.31941478764938896 36954 0.08 140
3 0.2698393609826017 49158 0.08 140
4 0.2453823737948468 61323 0.08 140
5 0.22954919060008927 73450 0.08 140
6 0.2177483466184055 85541 0.08 140
7 0.20845403886531488 97598 0.08 140
8 0.20108585745957933 109630 0.08 140
9 0.1953114156900129 121625 0.08 140
10 0.1907870048224003 133588 0.08 140
11 0.18713020460334623 145521 0.08 140
12 0.18400468463693753 157428 0.08 140
13 0.1811731978884189 169308 0.08 140
14 0.17849210243091446 181167 0.08 140
15 0.17588339902588898 192997 0.08 140
16 0.173310251864253 204804 0.08 140
17 0.17076342398854522 216589 0.08 140
18 0.1682550055964544 228353 0.08 140
19 0.16581270219914848 240097 0.08 140
20 0.16347117992823346 251820 0.08 140
21 0.1612623591107589 263525 0.08 140
22 0.1592085345115076 275207 0.08 140
23 0.15731972848773157 286869 0.08 140
24 0.155594264549755 298516 0.08 140
25 0.1540211519800755 310143 0.08 140
26 0.15258307678531496 321758 0.08 140
27 0.1512591147597313 333353 0.08 140
28 0.15002686194507964 344933 0.08 140
29 0.14886414706735604 356498 0.08 140
30 0.14775054711852714 368050 0.08 140
31 0.1466687051798956 379590 0.08 140
32 0.14560524816866438 391113 0.08 140
33 0.1445510953713857 402625 0.08 140
34 0.14350111725925146 414125 0.08 140
35 0.14245331380266799 425612 0.08 140
36 0.1414078020276306 437091 0.08 140
37 0.1403658885600253 448556 0.08 140
38 0.13932939251828924 460014 0.08 140
39 0.13830024782142805 471458 0.08 140
40 0.13728031197730567 482892 0.08 140
41 0.13627127265905578 494321 0.08 140
42 0.13527457548726302 505738 0.08 140
43 0.13429136642621153 517150 0.08 140
44 0.1333224864698567 528550 0.08 140
45 0.13236853327132858 539944 0.08 140
46 0.13142996185263758 551329 0.08 140
47 0.13050718986504342 562713 0.08 140
48 0.12960068878739545 574086 0.08 140
49 0.1287110561747266 585458 0.08 140
50 0.12783906786854016 596817 0.08 140
51 0.12698570376586246 608169 0.08 140
52 0.12615213624609198 619515 0.08 140
53 0.12533967622646477 630858 0.08 140
54 0.12454968560800009 642193 0.08 140
55 0.12378347584748896 653523 0.08 140
56 0.1230422134981256 664848 0.08 140
57 0.12232684686568146 676169 0.08 140
58 0.12163806018764245 687488 0.08 140
59 0.12097625718494029 698799 0.08 140
60 0.12034157369081026 710110 0.08 140
61 0.11973391660560671 721414 0.08 140
62 0.11915302260941178 732715 0.08 140
63 0.11859852610685477 744018 0.08 140
64 0.11807002371734256 755315 0.08 140
65 0.11756712359695498 766607 0.08 140
66 0.11708947231568186 777894 0.08 140
67 0.11663675896168747 789175 0.08 140
68 0.11620870310854074 800455 0.08 140
69 0.11580503698287754 811729 0.08 140
70 0.11542549060847056 823050 0.08 140
71 0.115069782775304 834318 0.08 140
72 0.1147376133954245 845582 0.08 140
73 0.11442864701957425 856844 0.08 140
74 0.11414247502628617 868103 0.08 140
75 0.11387854790926649 879361 0.08 140
76 0.11363608267534729 890614 0.08 140
77 0.11341397404833799 901867 0.08 140
78 0.11321076305193475 913114 0.08 140
79 0.11302472251746011 924358 0.08 140
80 0.1128540868128781 935604 0.08 140
81 0.11269738669962534 946843 0.08 140
82 0.11255378249282513 958083 0.08 140
83 0.1124232558589277 969315 0.08 140
84 0.11230653800633812 980545 0.08 140
85 0.11220471707832992 991774 0.08 140
86 0.1121185746281118 1003009 0.08 140
87 0.11204783850003881 1014233 0.08 140
88 0.11199065340243777 1025451 0.08 140
89 0.11194353181587141 1036667 0.08 140
90 0.11190173956906434 1047890 0.08 140
91 0.11185966680134492 1059107 0.08 140
92 0.1118108039623987 1070319 0.08 140
93 0.1117476962286388 1081525 0.08 140
94 0.11166270572522839 1092729 0.08 140
95 0.11154960249193893 1104017 0.08 140
96 0.1114048832389159 1115304 0.08 140
97 0.11122791316261486 1126587 0.08 140
98 0.11102030776371594 1137867 0.08 140
99 0.11078569576687892 1149143 0.08 140
