0 0.9357739179073911 15909 0.05 180
1 0.6774767805361375 31782 0.05 180
2 0.5033965111642885 47699 0.05 180
3 0.41093832238011724 63578 0.05 180
4 0.35584364236936683 79420 0.05 180
5 0.31561680148993193 95230 0.05 180
6 0.28586891445361184 111005 0.05 180
7 0.26536382546122733 126752 0.05 180
8 0.2507442204783102 142478 0.05 180
9 0.23941437580343622 158173 0.05 180
10 0.23007251080838237 173845 0.05 180
11 0.22211818386203713 189501 0.05 180
12 0.215249306855012 205142 0.05 180
13 0.20928998147702688 220754 0.05 180
14 0.2041235144169083 236353 0.05 180
15 0.19965814788681152 251929 0.05 180
16 0.19580639290742485 267496 0.05 180
17 0.19247752166560084 283042 0.05 180
18 0.1895799609430621 298573 0.05 180
19 0.18702687216945824 314103 0.05 180
20 0.18474051985722942 329606 0.05 180
21 0.1826546026719014 345096 0.05 180
22 0.18071509368609232 360578 0.05 180
23 0.1788799852057625 376045 0.05 180
24 0.1771181527364244 391499 0.05 180
25 0.1754076591029494 406947 0.05 180
26 0.17373390429717556 422381 0.05 180
27 0.17208794316395826 437807 0.05 180
28 0.1704651209295229 453225 0.05 180
29 0.16886402357516936 468628 0.05 180
30 0.1672856557975233 484024 0.05 180
31 0.16573274489479545 499410 0.05 180
32 0.16420910085942703 514789 0.05 180
33 0.1627190107047523 530161 0.05 180
34 0.16126668477020561 545519 0.05 180
35 0.15985579344095785 560875 0.05 180
36 0.15848913353765542 576221 0.05 180
37 0.15716844866207524 591553 0.05 180
38 0.15589440362030682 606877 0.05 180
39 0.1546666880251051 622198 0.05 180
40 0.15348420628256984 637508 0.05 180
41 0.1523453049912205 652808 0.05 180
42 0.15124799407559728 668107 0.05 180
43 0.15019013077421378 683402 0.05 180
44 0.1491695507728683 698681 0.05 180
45 0.14818414423698462 713957 0.05 180
46 0.14723188410650465 729221 0.05 180
47 0.14631081930473452 744484 0.05 180
48 0.14541904704243208 759735 0.05 180
49 0.1445546772869924 774979 0.05 180
50 0.1437158000183286 790223 0.05 180
51 0.14290046315046698 805465 0.05 180
52 0.1421066663801182 820692 0.05 180
53 0.14133237359779974 835915 0.05 180
54 0.14057554365105407 851128 0.05 180
55 0.1398341763314192 866335 0.05 180
56 0.13910636802383103 881541 0.05 180
57 0.1383903701573628 896737 0.05 180
58 0.13768464377685535 911925 0.05 180
59 0.1369879050511135 927113 0.05 180
60 0.13629915872230264 942289 0.05 180
61 0.1356177185660266 957464 0.05 180
62 0.13494321519527075 972629 0.05 180
63 0.13427559171491518 987804 0.05 180
64 0.1336150869855537 1002962 0.05 180
65 0.13296220511870385 1018108 0.05 180
66 0.13231766901545802 1033249 0.05 180
67 0.13168235597994568 1048390 0.05 180
68 0.1310572152019512 1063519 0.05 180
69 0.13044317035962213 1078643 0.05 180
70 0.12984101533640346 1093767 0.05 180
71 0.12925131596594036 1108879 0.05 180
72 0.12867433406653153 1123988 0.05 180
73 0.12810998986653216 1139096 0.05 180
74 0.12755787398009524 1154194 0.05 180
75 0.12701731070655217 1169286 0.05 180
76 0.12648746298953864 1184377 0.05 180
77 0.12596745970648385 1199458 0.05 180
78 0.1254565216375422 1214541 0.05 180
79 0.1249540649257537 1229613 0.05 180
80 0.12445976857416867 1244687 0.05 180
81 0.12397360197643044 1259752 0.05 180
82 0.12349581610354864 1274811 0.05 180
83 0.12302690600039333 1289865 0.05 180
84 0.12256755305721777 1304917 0.05 180
85 0.12211855472280013 1319961 0.05 180
86 0.12168074849088815 1335000 0.05 180
87 0.12125493686829768 1350036 0.05 180
88 0.12084182041925699 1365065 0.05 180
89 0.12044194605943828 1380089 0.05 180
90 0.12005567664542827 1395113 0.05 180
91 0.11968318509643723 1410128 0.05 180
92 0.11932447205501287 1425140 0.05 180
93 0.11897940145322995 1440150 0.05 180
94 0.11864774473849148 1455159 0.05 180
95 0.11832922319405784 1470159 0.05 180
96 0.11802353925094479 1485152 0.05 180
97 0.11773039140310228 1500142 0.05 180
98 0.11744947204098166 1515132 0.05 180
99 0.11718045176479709 1530172 0.05 180
