0 0.957968049923987 26483 0.02 300
1 0.9453290772629205 52929 0.02 300
2 0.9015281574881979 79379 0.02 300
3 0.8067047087577077 105832 0.02 300
4 0.7083020446619819 132292 0.02 300
5 0.6289680073704115 158744 0.02 300
6 0.5633620183358672 185186 0.02 300
7 0.50732810237699 211619 0.02 300
8 0.46297338069359734 238040 0.02 300
9 0.4296099551139378 264454 0.02 300
10 0.40302904315983107 290859 0.02 300
11 0.3806000744805401 317260 0.02 300
12 0.36151868356954375 343643 0.02 300
13 0.34548953093536383 370026 0.02 300
14 0.3320802026298784 396386 0.02 300
15 0.3207924860632809 422741 0.02 300
16 0.31115647820447884 449084 0.02 300
17 0.302746950371029 475415 0.02 300
18 0.29520658472949757 501743 0.02 300
19 0.28826920063633976 528059 0.02 300
20 0.28176341949902733 554376 0.02 300
21 0.2755996070778499 580685 0.02 300
22 0.2697486765323355 606987 0.02 300
23 0.2642184793895867 633273 0.02 300
24 0.25903185592066574 659559 0.02 300
25 0.2542098069489706 685825 0.02 300
26 0.2497616636357549 712089 0.02 300
27 0.2456819995914541 738349 0.02 300
28 0.24195253991542431 764594 0.02 300
29 0.2385466692823228 790842 0.02 300
30 0.23543423599339347 817075 0.02 300
31 0.23258513284389717 843305 0.02 300
32 0.22997118340556486 869522 0.02 300
33 0.22756662908137557 895733 0.02 300
34 0.22534780578097227 921938 0.02 300
35 0.223292559753301 948131 0.02 300
36 0.22137977728017563 974319 0.02 300
37 0.21958920807380305 1000495 0.02 300
38 0.2179015979443041 1026666 0.02 300
39 0.21629903682571996 1052834 0.02 300
40 0.21476538177635188 1078988 0.02 300
41 0.21328662319470335 1105140 0.02 300
42 0.21185110620557668 1131285 0.02 300
43 0.2104495740635755 1157424 0.02 300
44 0.209075046937244 1183558 0.02 300
45 0.20772257724895246 1209684 0.02 300
46 0.20638893118522572 1235817 0.02 300
47 0.20507224097584834 1261930 0.02 300
48 0.20377166190140147 1288039 0.02 300
49 0.20248705749979332 1314140 0.02 300
50 0.20121872828230541 1340241 0.02 300
51 0.19996719301361468 1366329 0.02 300
52 0.1987330261777837 1392413 0.02 300
53 0.1975167501887823 1418492 0.02 300
54 0.19631877651443227 1444562 0.02 300
55 0.19513938670680023 1470627 0.02 300
56 0.19397874265576603 1496698 0.02 300
57 0.19283691512352857 1522748 0.02 300
58 0.1917139204909548 1548797 0.02 300
59 0.1906097573401643 1574851 0.02 300
60 0.1895244367228653 1600884 0.02 300
61 0.18845800242657743 1626924 0.02 300
62 0.1874105399364759 1652946 0.02 300
63 0.18638217480023553 1678959 0.02 300
64 0.18537306251675442 1704981 0.02 300
65 0.18438337279551797 1730985 0.02 300
66 0.18341327111952377 1757004 0.02 300
67 0.18246290014713362 1783003 0.02 300
68 0.18153236281576227 1808990 0.02 300
69 0.18062170826695825 1834970 0.02 300
70 0.17973092105524996 1860950 0.02 300
71 0.17885991362284692 1886920 0.02 300
72 0.17800852174450507 1912896 0.02 300
73 0.17717650254712544 1938855 0.02 300
74 0.1763635347335118 1964808 0.02 300
75 0.17556922072718986 1990762 0.02 300
76 0.1747930905509261 2016706 0.02 300
77 0.1740346073183203 2042648 0.02 300
78 0.1732931742388174 2068581 0.02 300
79 0.17256814301286694 2094511 0.02 300
80 0.17185882343912448 2120430 0.02 300
81 0.17116449398808928 2146347 0.02 300
82 0.1704844130337615 2172270 0.02 300
83 0.16981783038957773 2198174 0.02 300
84 0.16916399877369298 2224089 0.02 300
85 0.16852218483314832 2249984 0.02 300
86 0.1678916793844225 2275878 0.02 300
87 0.16727180657493115 2301769 0.02 300
88 0.1666619317309954 2327650 0.02 300
89 0.16606146772706107 2353527 0.02 300
90 0.16546987978317004 2379404 0.02 300
91 0.16488668866797898 2405271 0.02 300
92 0.16431147234885835 2431147 0.02 300
93 0.16374386618556072 2457007 0.02 300
94 0.16318356180757962 2482861 0.02 300
95 0.16263030484665386 2508711 0.02 300
96 0.16208389171511928 2534560 0.02 300
97 0.16154416562883112 2560408 0.02 300
98 0.1610110120718388 2586247 0.02 300
99 0.1604843538906271 2612082 0.02 300
