0 0.9443699276816918 1775 0.06 20
1 0.8074997936369126 3543 0.06 20
2 0.6856945175041003 5284 0.06 20
3 0.5688359338510944 6994 0.06 20
4 0.5085459579991969 8679 0.06 20
5 0.4748544860339635 10342 0.06 20
6 0.4457032835572471 11983 0.06 20
7 0.42311204476153624 13605 0.06 20
8 0.403924557261434 15213 0.06 20
9 0.3848506748154645 16812 0.06 20
10 0.36539605951563436 18398 0.06 20
11 0.34658784284247635 19975 0.06 20
12 0.3294370309542404 21546 0.06 20
13 0.3142645187718279 23111 0.06 20
14 0.30104361865677887 24673 0.06 20
15 0.2895939308248017 26231 0.06 20
16 0.27964068017087906 27787 0.06 20
17 0.27089032766676524 29340 0.06 20
18 0.26309895438202024 30893 0.06 20
19 0.2560019086484322 32446 0.06 20
20 0.24934272604543253 33994 0.06 20
21 0.24303435563444212 35540 0.06 20
22 0.23716617126396414 37086 0.06 20
23 0.23179187343194096 38630 0.06 20
24 0.22689730656675816 40174 0.06 20
25 0.2224816755389329 41718 0.06 20
26 0.21855334658425368 43260 0.06 20
27 0.21512713796845512 44803 0.06 20
28 0.21218664710734347 46345 0.06 20
29 0.20964930412327457 47887 0.06 20
30 0.20741362873410016 49429 0.06 20
31 0.20541721115800357 50970 0.06 20
32 0.2036423411567076 52513 0.06 20
33 0.20208765070925475 54057 0.06 20
34 0.2007375634478376 55597 0.06 20
35 0.19955547425660256 57136 0.06 20
36 0.19849830257711965 58676 0.06 20
37 0.19752852340382446 60214 0.06 20
38 0.19662064200237872 61752 0.06 20
39 0.19576063253098624 63290 0.06 20
40 0.19494249896673302 64828 0.06 20
41 0.1941694667666598 66364 0.06 20
42 0.1934539192190743 67899 0.06 20
43 0.1928123177766277 69434 0.06 20
44 0.1922571403968166 70968 0.06 20
45 0.19178909560929105 72501 0.06 20
46 0.19138962317088337 74033 0.06 20
47 0.1910181398647098 75564 0.06 20
48 0.1906307357892825 77095 0.06 20
49 0.19020502226956493 78627 0.06 20
50 0.18974250004824433 80159 0.06 20
51 0.18925832781050828 81686 0.06 20
52 0.18876845867640238 83213 0.06 20
53 0.18827711422043042 84739 0.06 20
54 0.18777966514683378 86263 0.06 20
55 0.18727419412326535 87787 0.06 20
56 0.18676364626283165 89311 0.06 20
57 0.18625376757033169 90833 0.06 20
58 0.1857530244839536 92354 0.06 20
59 0.18527049360402692 93875 0.06 20
60 0.1848123599662489 95395 0.06 20
61 0.18438100760794204 96914 0.06 20
62 0.18397619961201905 98432 0.06 20
63 0.1835966257111233 99950 0.06 20
64 0.18324100928610798 101467 0.06 20
65 0.18290821830838946 102983 0.06 20
66 0.1825968867227691 104500 0.06 20
67 0.18230605561768168 106018 0.06 20
68 0.18203678161248274 107533 0.06 20
69 0.18179278858966988 109048 0.06 20
70 0.18157952756223178 110562 0.06 20
71 0.18140274033424134 112076 0.06 20
72 0.18126736711140928 113590 0.06 20
73 0.18117706354388596 115103 0.06 20
74 0.18113432860705636 116616 0.06 20
75 0.18114085182229683 118128 0.06 20
76 0.18119725073945459 119640 0.06 20
77 0.18130150945084883 121152 0.06 20
78 0.1814467339438976 122664 0.06 20
79 0.1816210333517962 124176 0.06 20
80 0.18181204682930993 125687 0.06 20
81 0.18201257144540026 127198 0.06 20
82 0.18222098742032328 128709 0.06 20
83 0.18243817601251935 130220 0.06 20
84 0.18266746092244923 131730 0.06 20
85 0.18291757036044368 133241 0.06 20
86 0.18320373953618826 134751 0.06 20
87 0.18354583839385866 136261 0.06 20
88 0.18396491893093822 137771 0.06 20
89 0.18447787555633288 139281 0.06 20
90 0.1850912469216688 140791 0.06 20
91 0.18579667206374617 142306 0.06 20
92 0.1865649381603383 143816 0.06 20
93 0.1873422687385118 145326 0.06 20
94 0.18807936071873724 146837 0.06 20
95 0.18878457935926124 148347 0.06 20
96 0.18952394798493596 149857 0.06 20
97 0.19037090774307125 151367 0.06 20
98 0.1913576901475492 152878 0.06 20
99 0.19244312341389364 154388 0.06 20
