0 0.9570170522698043 14124 0.02 160
1 0.9530039748725279 28230 0.02 160
2 0.9434172076902967 42336 0.02 160
3 0.9115532158561911 56554 0.02 160
4 0.8166134370621583 70784 0.02 160
5 0.6928970951856911 85010 0.02 160
6 0.5959004339994833 99229 0.02 160
7 0.5307881620614582 113444 0.02 160
8 0.4814963963321333 127644 0.02 160
9 0.44192696021434913 141946 0.02 160
10 0.4108203881551512 156122 0.02 160
11 0.38566873355609993 170289 0.02 160
12 0.36411393999966685 184448 0.02 160
13 0.344991034556218 198597 0.02 160
14 0.3278933336622445 212741 0.02 160
15 0.31270455020004795 226879 0.02 160
16 0.2993691354918814 241011 0.02 160
17 0.287808517521372 255136 0.02 160
18 0.27789812452247376 269259 0.02 160
19 0.2694698018837042 283374 0.02 160
20 0.2623272788895315 297487 0.02 160
21 0.2562656093149834 311591 0.02 160
22 0.2510878269505868 325695 0.02 160
23 0.24661607051986897 339801 0.02 160
24 0.24269718314387884 353894 0.02 160
25 0.23920430778960583 367981 0.02 160
26 0.23603614295922248 382066 0.02 160
27 0.23311484293473478 396144 0.02 160
28 0.23038300721484825 410218 0.02 160
29 0.22780007329624957 424286 0.02 160
30 0.22533847846242486 438351 0.02 160
31 0.22297997848786807 452412 0.02 160
32 0.22071244306672097 466469 0.02 160
33 0.21852731858307428 480521 0.02 160
34 0.21641780907389063 494569 0.02 160
35 0.21437771516556955 508618 0.02 160
36 0.21240080740491057 522658 0.02 160
37 0.21048059285456688 536699 0.02 160
38 0.20861034604958187 550731 0.02 160
39 0.20678329914491367 564763 0.02 160
40 0.20499291006638581 578787 0.02 160
41 0.203233148577295 592811 0.02 160
42 0.20149875870887843 606827 0.02 160
43 0.199785471798043 620846 0.02 160
44 0.19809015643851707 634854 0.02 160
45 0.1964108995403279 648862 0.02 160
46 0.19474701718290977 662863 0.02 160
47 0.19309899662585056 676859 0.02 160
48 0.1914683733291383 690851 0.02 160
49 0.18985755018044478 704840 0.02 160
50 0.18826957052428786 718824 0.02 160
51 0.18670786139048376 732807 0.02 160
52 0.18517596729686944 746784 0.02 160
53 0.18367729678141603 760759 0.02 160
54 0.1822149024178161 774734 0.02 160
55 0.1807913103434102 788705 0.02 160
56 0.17940840814295242 802672 0.02 160
57 0.17806739191645526 816631 0.02 160
58 0.17676876633069602 830590 0.02 160
59 0.17551238676472256 844556 0.02 160
60 0.1742975307931304 858509 0.02 160
61 0.1731229868263965 872452 0.02 160
62 0.17198714984037716 886396 0.02 160
63 0.1708881167919843 900331 0.02 160
64 0.16982377679893368 914269 0.02 160
65 0.16879189309330883 928198 0.02 160
66 0.16779017509361469 942122 0.02 160
67 0.16681633980990035 956044 0.02 160
68 0.1658681623789356 969963 0.02 160
69 0.16494351596038448 983879 0.02 160
70 0.16404040158294383 997791 0.02 160
71 0.16315696882805325 1011704 0.02 160
72 0.16229152846525957 1025610 0.02 160
73 0.16144255829019086 1039516 0.02 160
74 0.1606087034560468 1053419 0.02 160
75 0.15978877254011464 1067316 0.02 160
76 0.15898173046744923 1081207 0.02 160
77 0.15818668925019555 1095098 0.02 160
78 0.1574028973190819 1108982 0.02 160
79 0.15662972804563446 1122869 0.02 160
80 0.1558666678956951 1136749 0.02 160
81 0.15511330452644753 1150628 0.02 160
82 0.15436931504365212 1164501 0.02 160
83 0.15363445457165784 1178371 0.02 160
84 0.15290854525087197 1192238 0.02 160
85 0.1521914657586278 1206104 0.02 160
86 0.15148314144216063 1219966 0.02 160
87 0.15078353514958837 1233825 0.02 160
88 0.1500926388410665 1247682 0.02 160
89 0.1494104660540045 1261537 0.02 160
90 0.14873704528204496 1275387 0.02 160
91 0.14807241430756418 1289239 0.02 160
92 0.14741661550317575 1303084 0.02 160
93 0.14676969209111074 1316927 0.02 160
94 0.14613168532266407 1330766 0.02 160
95 0.14550263251502896 1344603 0.02 160
96 0.1448825658614941 1358436 0.02 160
97 0.14427151191420468 1372266 0.02 160
98 0.14366949162717646 1386093 0.02 160
99 0.14307652084122832 1399919 0.02 160
