0 0.9574524233309267 12358 0.03 140
1 0.9439015544910234 24715 0.03 140
2 0.8426687087162565 37064 0.03 140
3 0.7042479518104792 49404 0.03 140
4 0.6057460560206049 61734 0.03 140
5 0.515283876552799 74044 0.03 140
6 0.4439777209455158 86341 0.03 140
7 0.3936974735497272 98678 0.03 140
8 0.3571480720084512 111049 0.03 140
9 0.3291257167785964 123402 0.03 140
10 0.3070713096267673 135746 0.03 140
11 0.2894795621113462 148086 0.03 140
12 0.27530207288056635 160402 0.03 140
13 0.2637461196890852 172708 0.03 140
14 0.25420359026642386 185005 0.03 140
15 0.24620975615937943 197296 0.03 140
16 0.2394113922418735 209575 0.03 140
17 0.2335412401704476 221846 0.03 140
18 0.22839716137518443 234109 0.03 140
19 0.2238254536537593 246364 0.03 140
20 0.21970885041724547 258616 0.03 140
21 0.2159580933771409 270856 0.03 140
22 0.21250520291979455 283088 0.03 140
23 0.20929763525777212 295407 0.03 140
24 0.2062935836148096 307625 0.03 140
25 0.20345900116670418 319841 0.03 140
26 0.2007664842506855 332043 0.03 140
27 0.19819533958239174 344244 0.03 140
28 0.19573171010091872 356432 0.03 140
29 0.19336798373961941 368614 0.03 140
30 0.1911014451456766 380794 0.03 140
31 0.18893255262929115 392964 0.03 140
32 0.18686325285572877 405130 0.03 140
33 0.18489561866494258 417286 0.03 140
34 0.18303092904329774 429435 0.03 140
35 0.18126918700508268 441578 0.03 140
36 0.17960901040300584 453726 0.03 140
37 0.17804780017303112 465861 0.03 140
38 0.17658207288834818 477986 0.03 140
39 0.1752078438838128 490106 0.03 140
40 0.173920966972873 502219 0.03 140
41 0.1727173708674904 514328 0.03 140
42 0.17159317054737885 526436 0.03 140
43 0.1705446653382638 538533 0.03 140
44 0.16956825861625993 550624 0.03 140
45 0.16866034376645872 562711 0.03 140
46 0.16781719743431517 574791 0.03 140
47 0.16703490801685691 586872 0.03 140
48 0.16630935080698708 598942 0.03 140
49 0.16563620688345249 611014 0.03 140
50 0.1650110139648773 623075 0.03 140
51 0.16442923452239847 635132 0.03 140
52 0.16388632812974516 647185 0.03 140
53 0.16337781921128658 659236 0.03 140
54 0.16289935595797994 671283 0.03 140
55 0.16244675973246125 683323 0.03 140
56 0.1620160661488933 695357 0.03 140
57 0.16160355935504966 707387 0.03 140
58 0.1612058004772078 719415 0.03 140
59 0.1608196503652345 731442 0.03 140
60 0.1604422861189834 743460 0.03 140
61 0.16007121053240445 755475 0.03 140
62 0.15970425353831932 767485 0.03 140
63 0.15933956493438703 779492 0.03 140
64 0.15897559812027628 791499 0.03 140
65 0.15861108527160162 803498 0.03 140
66 0.15824500523433366 815498 0.03 140
67 0.1578765462774355 827490 0.03 140
68 0.1575050664993324 839478 0.03 140
69 0.157130054991023 851468 0.03 140
70 0.15675109673379753 863450 0.03 140
71 0.1563678436634428 875434 0.03 140
72 0.15597999347628766 887409 0.03 140
73 0.15558727677188516 899381 0.03 140
74 0.15518945221754202 911349 0.03 140
75 0.1547863087103373 923327 0.03 140
76 0.15437767303603306 935292 0.03 140
77 0.1539634212503458 947256 0.03 140
78 0.15354349189404468 959211 0.03 140
79 0.15311789917720564 971165 0.03 140
80 0.15268674442528501 983121 0.03 140
81 0.15225022436468144 995070 0.03 140
82 0.15180863521584495 1007013 0.03 140
83 0.15136237201732636 1018952 0.03 140
84 0.15091192307365925 1030887 0.03 140
85 0.15045785985387647 1042818 0.03 140
86 0.1500008230264964 1054752 0.03 140
87 0.14954150557686074 1066677 0.03 140
88 0.14908063410532796 1078603 0.03 140
89 0.1486189494541729 1090522 0.03 140
90 0.14815718776901696 1102439 0.03 140
91 0.14769606298261226 1114353 0.03 140
92 0.14723625153095715 1126263 0.03 140
93 0.14677837989094675 1138172 0.03 140
94 0.14632301528354996 1150077 0.03 140
95 0.14587065963791532 1161976 0.03 140
96 0.1454217466822638 1173874 0.03 140
97 0.14497664183803669 1185769 0.03 140
98 0.14453564446019854 1197661 0.03 140
99 0.14409899189624922 1209550 0.03 140
