0 0.9713021274335111 24871 0.06 280
1 0.583249069310232 49701 0.06 280
2 0.38926516823747714 74467 0.06 280
3 0.30729562088825263 99190 0.06 280
4 0.2672490925974045 123869 0.06 280
5 0.24218473464854587 148514 0.06 280
6 0.22547131080818958 173130 0.06 280
7 0.2140775040797863 197715 0.06 280
8 0.20587218474163765 222267 0.06 280
9 0.19947215829316714 246794 0.06 280
10 0.1941364927176914 271297 0.06 280
11 0.1895395608238571 295774 0.06 280
12 0.1855287182825996 320222 0.06 280
13 0.18199712535604332 344645 0.06 280
14 0.17885198800627783 369058 0.06 280
15 0.17601484784941576 393441 0.06 280
16 0.17342360296441586 417803 0.06 280
17 0.171030693689323 442133 0.06 280
18 0.16879901870299532 466442 0.06 280
19 0.1666977395908335 490731 0.06 280
20 0.16469945781857948 514998 0.06 280
21 0.1627792248637321 539236 0.06 280
22 0.1609149545543045 563518 0.06 280
23 0.15908845884449305 587717 0.06 280
24 0.15728646886081676 611894 0.06 280
25 0.15550129283944708 636043 0.06 280
26 0.15373100309246351 660178 0.06 280
27 0.1519791240013962 684288 0.06 280
28 0.15025372625526529 708376 0.06 280
29 0.14856588481587882 732442 0.06 280
30 0.14692775257935797 756480 0.06 280
31 0.145350782750185 780500 0.06 280
32 0.14384456384001432 804504 0.06 280
33 0.14241636958458492 828483 0.06 280
34 0.14107124482066014 852437 0.06 280
35 0.13981238967613993 876392 0.06 280
36 0.1386415951424119 900311 0.06 280
37 0.1375594764378065 924212 0.06 280
38 0.1365653896931596 948087 0.06 280
39 0.13565717262286947 971944 0.06 280
40 0.1348309834578679 995787 0.06 280
41 0.1340814093899244 1019538 0.06 280
42 0.1334018172214807 1043226 0.06 280
43 0.13278481030638656 1066895 0.06 280
44 0.13222267197311294 1090542 0.06 280
45 0.13170774000733135 1114173 0.06 280
46 0.13123270290926606 1137789 0.06 280
47 0.1307908240982103 1161391 0.06 280
48 0.13037610076068806 1184978 0.06 280
49 0.12998336227346868 1208543 0.06 280
50 0.1296083122364089 1232093 0.06 280
51 0.12924751848579644 1255633 0.06 280
52 0.12889835748878437 1279155 0.06 280
53 0.12855892275268807 1302660 0.06 280
54 0.12822790978399273 1326153 0.06 280
55 0.1279044912838098 1349636 0.06 280
56 0.12758819520133766 1373104 0.06 280
57 0.1272787954192141 1396551 0.06 280
58 0.12697622105356593 1419986 0.06 280
59 0.12668048644682692 1443412 0.06 280
60 0.1263916405731934 1466823 0.06 280
61 0.12610973223148486 1490219 0.06 280
62 0.1258347863294962 1513599 0.06 280
63 0.12556678680193353 1536968 0.06 280
64 0.1253056630391397 1560326 0.06 280
65 0.12505127866983023 1583670 0.06 280
66 0.12480342346566592 1606999 0.06 280
67 0.12456181032544071 1630313 0.06 280
68 0.1243260793367567 1653622 0.06 280
69 0.12409580986926447 1676917 0.06 280
70 0.1238705399962673 1700193 0.06 280
71 0.1236497908887552 1723460 0.06 280
72 0.12343309271603137 1746717 0.06 280
73 0.12322000832544906 1769969 0.06 280
74 0.12301015155225387 1793201 0.06 280
75 0.12280319815963049 1816426 0.06 280
76 0.12259888875885053 1839632 0.06 280
77 0.12239702429002995 1862830 0.06 280
78 0.1221974555559254 1886035 0.06 280
79 0.1220000688160604 1909204 0.06 280
80 0.12180476957905124 1932362 0.06 280
81 0.12161146654760302 1955525 0.06 280
82 0.12142005727333878 1978664 0.06 280
83 0.12123041657525543 2001799 0.06 280
84 0.1210423882622145 2024924 0.06 280
85 0.12085578024856881 2048033 0.06 280
86 0.12067036280647514 2071141 0.06 280
87 0.12048586947712268 2094228 0.06 280
88 0.12030200006439418 2117304 0.06 280
89 0.12011842514012609 2140371 0.06 280
90 0.11993479156858187 2163431 0.06 280
91 0.11975072866938048 2186482 0.06 280
92 0.1195658547448748 2209517 0.06 280
93 0.11937978377330342 2232541 0.06 280
94 0.119192132104836 2255560 0.06 280
95 0.11900252500296114 2278572 0.06 280
96 0.11881060286772188 2301570 0.06 280
97 0.11861602697894937 2324558 0.06 280
98 0.1184184846177636 2347543 0.06 280
99 0.11821769346344504 2370519 0.06 280
