0 0.777578538117261 24942 0.08 280
1 0.3904304902548066 49786 0.08 280
2 0.2805254616596849 74630 0.08 280
3 0.23886957970216546 99247 0.08 280
4 0.21687561938374186 123715 0.08 280
5 0.20408602410872287 148128 0.08 280
6 0.19513095196831515 172486 0.08 280
7 0.18778755466022504 196792 0.08 280
8 0.18149000901598428 221081 0.08 280
9 0.17606478276478266 245273 0.08 280
10 0.1713753357834345 269417 0.08 280
11 0.16728929487720734 293514 0.08 280
12 0.16368848739945702 317613 0.08 280
13 0.1604761061587808 341618 0.08 280
14 0.15757904993475255 365582 0.08 280
15 0.15494817403758307 389505 0.08 280
16 0.15255627536368618 413381 0.08 280
17 0.15039149668831653 437218 0.08 280
18 0.1484463341243212 461050 0.08 280
19 0.14670794020996225 484835 0.08 280
20 0.14515575519510762 508576 0.08 280
21 0.14376537276460877 532283 0.08 280
22 0.14251340434768617 555956 0.08 280
23 0.14138015760456138 579592 0.08 280
24 0.14034992178768746 603194 0.08 280
25 0.13940990931611236 626758 0.08 280
26 0.13854902625900184 650288 0.08 280
27 0.1377572421756103 673788 0.08 280
28 0.13702566770925215 697254 0.08 280
29 0.13634694851107107 720690 0.08 280
30 0.1357155236495637 744091 0.08 280
31 0.13512754185016612 767465 0.08 280
32 0.13458048712545864 790808 0.08 280
33 0.13407268105107217 814126 0.08 280
34 0.13360281544102398 837410 0.08 280
35 0.13316960140469303 860692 0.08 280
36 0.13277155620022008 883917 0.08 280
37 0.13240690884277836 907119 0.08 280
38 0.13207358693638396 930321 0.08 280
39 0.1317692445989378 953467 0.08 280
40 0.13149130080015337 976588 0.08 280
41 0.13123697349940733 999683 0.08 280
42 0.13100331002792479 1022743 0.08 280
43 0.1307872225340194 1045783 0.08 280
44 0.13058553789959493 1068780 0.08 280
45 0.13039506662688113 1091746 0.08 280
46 0.13021268808476405 1114693 0.08 280
47 0.1300354431208734 1137606 0.08 280
48 0.12986062135866203 1160498 0.08 280
49 0.1296858303022623 1183378 0.08 280
50 0.12950903650564294 1206223 0.08 280
51 0.12932857462394262 1229040 0.08 280
52 0.12914312650308407 1251844 0.08 280
53 0.1289516776608578 1274619 0.08 280
54 0.12875346130101087 1297377 0.08 280
55 0.12854790017154474 1320107 0.08 280
56 0.12833455468134483 1342815 0.08 280
57 0.12811308259447252 1365514 0.08 280
58 0.12788321223815752 1388180 0.08 280
59 0.12764472828169354 1410826 0.08 280
60 0.12739746731927562 1433453 0.08 280
61 0.1271413199357464 1456065 0.08 280
62 0.1268762365160253 1478648 0.08 280
63 0.12660223536818674 1501222 0.08 280
64 0.12631941320822648 1523772 0.08 280
65 0.12602795911117687 1546305 0.08 280
66 0.12572817314643916 1568818 0.08 280
67 0.12542048975872205 1591310 0.08 280
68 0.12510550358463857 1613788 0.08 280
69 0.12478399241890048 1636250 0.08 280
70 0.12445692961166911 1658694 0.08 280
71 0.12412547760108544 1681119 0.08 280
72 0.12379095635634274 1703528 0.08 280
73 0.12345478490084939 1725927 0.08 280
74 0.1231183993285573 1748306 0.08 280
75 0.12278315491865108 1770666 0.08 280
76 0.12245022182547821 1793012 0.08 280
77 0.12212048340874866 1815346 0.08 280
78 0.12179444475411168 1837668 0.08 280
79 0.12147215779667958 1859970 0.08 280
80 0.12115316952922471 1882259 0.08 280
81 0.1208365007213694 1904537 0.08 280
82 0.1205206630714085 1926800 0.08 280
83 0.1202037211763073 1949051 0.08 280
84 0.11988340124721963 1971287 0.08 280
85 0.11955724158788021 1993512 0.08 280
86 0.11922277229735315 2015726 0.08 280
87 0.11887770581789094 2037930 0.08 280
88 0.11852011762741463 2060114 0.08 280
89 0.11814859804061613 2082288 0.08 280
90 0.11776236083822648 2104454 0.08 280
91 0.11736130067358166 2126610 0.08 280
92 0.11694599738568186 2148750 0.08 280
93 0.11651767056667678 2170883 0.08 280
94 0.11607809173368888 2193005 0.08 280
95 0.11562946435001363 2215118 0.08 280
96 0.11517428384883506 2237218 0.08 280
97 0.11471519066626541 2259306 0.08 280
98 0.11425482887821352 2281386 0.08 280
99 0.11379572122224844 2303461 0.08 280
