0 0.9508700337390953 1775 0.04 20
1 0.9214726204235215 3550 0.04 20
2 0.8148065100570321 5322 0.04 20
3 0.7535903073409328 7070 0.04 20
4 0.6706765816445305 8801 0.04 20
5 0.597379913290016 10516 0.04 20
6 0.5394113361500324 12214 0.04 20
7 0.5031109883070565 13904 0.04 20
8 0.47897235449504433 15575 0.04 20
9 0.45864592156143985 17232 0.04 20
10 0.43867065403502664 18876 0.04 20
11 0.4205129894644836 20509 0.04 20
12 0.40603437734353215 22131 0.04 20
13 0.39391536805283095 23744 0.04 20
14 0.3827649536017636 25350 0.04 20
15 0.37197714080944927 26949 0.04 20
16 0.3612807205450297 28543 0.04 20
17 0.3507037264928132 30130 0.04 20
18 0.34046725871008127 31713 0.04 20
19 0.3308903777386321 33290 0.04 20
20 0.32221030839995113 34865 0.04 20
21 0.3143919941314982 36436 0.04 20
22 0.3072947209257438 38006 0.04 20
23 0.30086337766344895 39574 0.04 20
24 0.2950646478274037 41139 0.04 20
25 0.2898304866253405 42701 0.04 20
26 0.28508867476902316 44263 0.04 20
27 0.28076954708431645 45822 0.04 20
28 0.2767893954636658 47380 0.04 20
29 0.27305540647489646 48936 0.04 20
30 0.2694807204458061 50491 0.04 20
31 0.26599168511908794 52044 0.04 20
32 0.26252814893423587 53596 0.04 20
33 0.25904044417954175 55147 0.04 20
34 0.25548980052332326 56696 0.04 20
35 0.25185713278461014 58245 0.04 20
36 0.2481532100813555 59793 0.04 20
37 0.24441470156961576 61341 0.04 20
38 0.24068494891367753 62888 0.04 20
39 0.23699938930610923 64433 0.04 20
40 0.23339097822780044 65979 0.04 20
41 0.22990071448811805 67524 0.04 20
42 0.22657231551830953 69068 0.04 20
43 0.22343062979996056 70613 0.04 20
44 0.2204743866498133 72158 0.04 20
45 0.21769152673549302 73702 0.04 20
46 0.2150640722117266 75248 0.04 20
47 0.21256894435101314 76796 0.04 20
48 0.2101885446275637 78342 0.04 20
49 0.20791754528611142 79885 0.04 20
50 0.2057611569451297 81429 0.04 20
51 0.20372761420728883 82972 0.04 20
52 0.20182120283725374 84517 0.04 20
53 0.2000427574768931 86060 0.04 20
54 0.19839267822316758 87605 0.04 20
55 0.19686928547629726 89147 0.04 20
56 0.19546562222093714 90692 0.04 20
57 0.19416981801821634 92234 0.04 20
58 0.1929682881378346 93776 0.04 20
59 0.19184850791339322 95318 0.04 20
60 0.190800178832924 96860 0.04 20
61 0.1898156777927817 98401 0.04 20
62 0.18889036807176385 99942 0.04 20
63 0.1880222664420013 101482 0.04 20
64 0.1872111923968396 103029 0.04 20
65 0.18645804835264765 104568 0.04 20
66 0.18576408583264112 106108 0.04 20
67 0.18512978318910447 107646 0.04 20
68 0.1845537675998661 109185 0.04 20
69 0.18403244883839548 110722 0.04 20
70 0.18356034407008956 112260 0.04 20
71 0.18313074361487106 113796 0.04 20
72 0.18273651788683742 115333 0.04 20
73 0.18237089461910974 116868 0.04 20
74 0.18202802751822564 118403 0.04 20
75 0.18170329805543126 119938 0.04 20
76 0.18139341742056778 121472 0.04 20
77 0.18109641861181333 123005 0.04 20
78 0.18081157384195612 124538 0.04 20
79 0.18053921527868314 126070 0.04 20
80 0.18028043326111437 127601 0.04 20
81 0.18003667353691724 129131 0.04 20
82 0.17980930728009975 130661 0.04 20
83 0.17959926654551406 132190 0.04 20
84 0.1794068154006574 133719 0.04 20
85 0.1792314802547448 135246 0.04 20
86 0.17907212504150233 136773 0.04 20
87 0.17892714003813256 138299 0.04 20
88 0.17879469837780798 139831 0.04 20
89 0.17867301651910858 141356 0.04 20
90 0.1785605554228994 142880 0.04 20
91 0.17845612647732725 144404 0.04 20
92 0.17835889962700224 145927 0.04 20
93 0.1782683324675205 147449 0.04 20
94 0.17818405051793884 148970 0.04 20
95 0.17810571624959942 150492 0.04 20
96 0.17803292463217874 152013 0.04 20
97 0.17796515083436054 153533 0.04 20
98 0.17790175384659437 155053 0.04 20
99 0.17784201935399996 156571 0.04 20
