0 0.9633896502328952 19454 0.04 220
1 0.8663366473346495 38892 0.04 220
2 0.5980503629051348 58327 0.04 220
3 0.4372964212965755 77741 0.04 220
4 0.3568545933977244 97124 0.04 220
5 0.3154759404499165 116481 0.04 220
6 0.2896121667733591 135815 0.04 220
7 0.2716168699103423 155130 0.04 220
8 0.258458915414974 174425 0.04 220
9 0.24853426231592482 193699 0.04 220
10 0.24079823096364725 212956 0.04 220
11 0.23456509891068786 232195 0.04 220
12 0.2293922557102625 251415 0.04 220
13 0.2249734465764924 270614 0.04 220
14 0.2210951442154705 289795 0.04 220
15 0.21762492389894597 308958 0.04 220
16 0.21449753716325162 328104 0.04 220
17 0.21169198043190843 347231 0.04 220
18 0.20920290519786128 366345 0.04 220
19 0.2070140159465964 385448 0.04 220
20 0.2050827544079169 404530 0.04 220
21 0.20334075898076792 423598 0.04 220
22 0.20170718269105245 442647 0.04 220
23 0.20010752153392816 461678 0.04 220
24 0.19848945188532122 480699 0.04 220
25 0.19682902464634924 499705 0.04 220
26 0.1951264780755052 518692 0.04 220
27 0.1933969616708242 537667 0.04 220
28 0.1916619154278486 556624 0.04 220
29 0.18994316466980804 575568 0.04 220
30 0.18825915845121244 594496 0.04 220
31 0.18662263443504518 613408 0.04 220
32 0.18503958501603737 632310 0.04 220
33 0.18350950110586683 651211 0.04 220
34 0.1820265956201089 670084 0.04 220
35 0.18058151673214148 688946 0.04 220
36 0.1791631074940249 707796 0.04 220
37 0.17775994165580747 726633 0.04 220
38 0.17636152326337717 745456 0.04 220
39 0.17495912650179704 764266 0.04 220
40 0.17354629078208614 783066 0.04 220
41 0.1721190076689821 801855 0.04 220
42 0.17067565629474243 820633 0.04 220
43 0.16921675951635784 839401 0.04 220
44 0.16774463713442594 858159 0.04 220
45 0.16626302352790986 876908 0.04 220
46 0.164776699395033 895644 0.04 220
47 0.16329116670185467 914376 0.04 220
48 0.16181237714911054 933098 0.04 220
49 0.16034651093451655 951811 0.04 220
50 0.15889979568979737 970519 0.04 220
51 0.15747835369901048 989212 0.04 220
52 0.1560880660456014 1007895 0.04 220
53 0.15473444344468262 1026569 0.04 220
54 0.15342249497791333 1045244 0.04 220
55 0.15215658830842885 1063901 0.04 220
56 0.1509402991901509 1082554 0.04 220
57 0.14977625528819868 1101200 0.04 220
58 0.14866598927138358 1119839 0.04 220
59 0.14760982565824932 1138466 0.04 220
60 0.14660682966108451 1157086 0.04 220
61 0.14565484071348553 1175698 0.04 220
62 0.14475060023080377 1194354 0.04 220
63 0.1438899682151076 1212952 0.04 220
64 0.14306821135819228 1231546 0.04 220
65 0.14228033720322045 1250135 0.04 220
66 0.14152144351939674 1268717 0.04 220
67 0.14078704901834038 1287293 0.04 220
68 0.14007337180571713 1305858 0.04 220
69 0.13937752620523836 1324417 0.04 220
70 0.13869761661524982 1342970 0.04 220
71 0.13803271833129258 1361519 0.04 220
72 0.13738274933932768 1380061 0.04 220
73 0.1367482530095926 1398598 0.04 220
74 0.13613012698349103 1417131 0.04 220
75 0.13552934421156093 1435656 0.04 220
76 0.1349467134962055 1454171 0.04 220
77 0.1343827166029292 1472683 0.04 220
78 0.13383743912916402 1491189 0.04 220
79 0.13331058942328738 1509690 0.04 220
80 0.13280158182962054 1528186 0.04 220
81 0.13230965251668136 1546679 0.04 220
82 0.131833978366461 1565181 0.04 220
83 0.13137377825288538 1583665 0.04 220
84 0.1309283867687995 1602140 0.04 220
85 0.13049729944892643 1620609 0.04 220
86 0.13008019410299268 1639073 0.04 220
87 0.1296769349684152 1657534 0.04 220
88 0.1292875658821194 1675993 0.04 220
89 0.12891229672135213 1694448 0.04 220
90 0.12855148504355748 1712900 0.04 220
91 0.1282056129412282 1731344 0.04 220
92 0.12787525804485186 1749784 0.04 220
93 0.12756105747435434 1768216 0.04 220
94 0.12726366426145566 1786645 0.04 220
95 0.1269836971303733 1805069 0.04 220
96 0.12672168626831612 1823487 0.04 220
97 0.1264780195392901 1841903 0.04 220
98 0.12625289513046647 1860314 0.04 220
99 0.12604628740978882 1878806 0.04 220
