0 0.9497670180440814 15901 0.04 180
1 0.813792448791605 31782 0.04 180
2 0.6027253293498547 47636 0.04 180
3 0.49428643976301745 63467 0.04 180
4 0.42412571946571387 79265 0.04 180
5 0.3776946908987052 95033 0.04 180
6 0.34289602697126165 110774 0.04 180
7 0.3139599344806447 126492 0.04 180
8 0.2903150119344932 142184 0.04 180
9 0.2723859976158475 157855 0.04 180
10 0.2590383049701486 173508 0.04 180
11 0.24873350122621862 189139 0.04 180
12 0.240382087557375 204753 0.04 180
13 0.23333698443447878 220353 0.04 180
14 0.22722293077439432 235935 0.04 180
15 0.2218196054349597 251501 0.04 180
16 0.21699248323046888 267055 0.04 180
17 0.21265222008539103 282591 0.04 180
18 0.20873192240623178 298117 0.04 180
19 0.2051755832864891 313627 0.04 180
20 0.20193337631750458 329123 0.04 180
21 0.19896086920089087 344609 0.04 180
22 0.19621987713743522 360080 0.04 180
23 0.19367932054857062 375539 0.04 180
24 0.19131523975332332 390989 0.04 180
25 0.18910980393971033 406426 0.04 180
26 0.18704958957442985 421853 0.04 180
27 0.18512359829559744 437272 0.04 180
28 0.18332148553227184 452678 0.04 180
29 0.18163234036924863 468075 0.04 180
30 0.18004415216520442 483467 0.04 180
31 0.17854388926124817 498846 0.04 180
32 0.17711797878594968 514221 0.04 180
33 0.17575295031099064 529585 0.04 180
34 0.17443606080496019 544953 0.04 180
35 0.1731557986845711 560304 0.04 180
36 0.17190223136456967 575644 0.04 180
37 0.17066720003557012 590978 0.04 180
38 0.16944438119665836 606308 0.04 180
39 0.16822923706354437 621628 0.04 180
40 0.16701887587371805 636941 0.04 180
41 0.16581184349265354 652252 0.04 180
42 0.16460787009197855 667552 0.04 180
43 0.16340759767962884 682847 0.04 180
44 0.1622123133925874 698138 0.04 180
45 0.16102370894144646 713420 0.04 180
46 0.15984367964107066 728698 0.04 180
47 0.15867416915211158 743972 0.04 180
48 0.15751706000690113 759237 0.04 180
49 0.15637410579316538 774499 0.04 180
50 0.15524689831315533 789757 0.04 180
51 0.15413686157650927 805017 0.04 180
52 0.15304526363014745 820273 0.04 180
53 0.15197323682923583 835522 0.04 180
54 0.15092179748923498 850768 0.04 180
55 0.14989185740932612 865999 0.04 180
56 0.14888422275679614 881221 0.04 180
57 0.14789957987712446 896438 0.04 180
58 0.14693847175301722 911653 0.04 180
59 0.14600127184157638 926859 0.04 180
60 0.14508816294671015 942060 0.04 180
61 0.1441991274393868 957260 0.04 180
62 0.14333395212534428 972451 0.04 180
63 0.1424922474814343 987642 0.04 180
64 0.14167347795694765 1002822 0.04 180
65 0.14087699829092806 1017999 0.04 180
66 0.14010209050248235 1033176 0.04 180
67 0.13934799708255136 1048343 0.04 180
68 0.13861394744003475 1063507 0.04 180
69 0.13789917631914447 1078669 0.04 180
70 0.13720293433483735 1093823 0.04 180
71 0.13652449177974088 1108974 0.04 180
72 0.1358631374086223 1124125 0.04 180
73 0.13521817407553732 1139267 0.04 180
74 0.1345889129950487 1154406 0.04 180
75 0.13397466813056844 1169544 0.04 180
76 0.13337475186513392 1184675 0.04 180
77 0.13278847274177327 1199803 0.04 180
78 0.13221513571035323 1214930 0.04 180
79 0.1316540450094517 1230050 0.04 180
80 0.13110450955876446 1245166 0.04 180
81 0.13056585054435363 1260275 0.04 180
82 0.13003741074220648 1275380 0.04 180
83 0.12951856503638468 1290489 0.04 180
84 0.1290087315360483 1305587 0.04 180
85 0.1285073826723001 1320682 0.04 180
86 0.12801405565618237 1335776 0.04 180
87 0.12752836170200496 1350863 0.04 180
88 0.12704999346709053 1365946 0.04 180
89 0.1265787302337656 1381031 0.04 180
90 0.1261144404660643 1396108 0.04 180
91 0.1256570815127251 1411181 0.04 180
92 0.12520669639286863 1426255 0.04 180
93 0.12476340777588073 1441322 0.04 180
94 0.12432740943264108 1456390 0.04 180
95 0.12389895557321252 1471449 0.04 180
96 0.12347834858577617 1486613 0.04 180
97 0.12306592575159872 1501775 0.04 180
98 0.12266204553725123 1516940 0.04 180
99 0.12226707406727129 1532094 0.04 180
