0 0.9542944156921063 5301 0.02 60
1 0.9519942112179777 10594 0.02 60
2 0.943015781350449 15895 0.02 60
3 0.9133504071199123 21186 0.02 60
4 0.8779699805027864 26473 0.02 60
5 0.8270950874467207 31758 0.02 60
6 0.7629067203291356 37040 0.02 60
7 0.6989666958606657 42317 0.02 60
8 0.6360833119466798 47585 0.02 60
9 0.5707790447998342 52847 0.02 60
10 0.5083867992693784 58093 0.02 60
11 0.4570479450335784 63329 0.02 60
12 0.4170483125692272 68552 0.02 60
13 0.38600016787971714 73763 0.02 60
14 0.36170425835236086 78963 0.02 60
15 0.34241608397511386 84154 0.02 60
16 0.32684022822181324 89337 0.02 60
17 0.3141466994222465 94511 0.02 60
18 0.30381271000462323 99677 0.02 60
19 0.2954054120801392 104836 0.02 60
20 0.2885015762403373 109988 0.02 60
21 0.28272482769562557 115135 0.02 60
22 0.2777849239664833 120279 0.02 60
23 0.27347805322332897 125418 0.02 60
24 0.2696671473077158 130550 0.02 60
25 0.2662617375970917 135678 0.02 60
26 0.2632030562080968 140805 0.02 60
27 0.2604533222743313 145926 0.02 60
28 0.2579874459272753 151043 0.02 60
29 0.25578635764180147 156157 0.02 60
30 0.2538319377635849 161267 0.02 60
31 0.2521037209454248 166375 0.02 60
32 0.25057734460214875 171480 0.02 60
33 0.2492244537021501 176582 0.02 60
34 0.2480136661156882 181681 0.02 60
35 0.24691219894949948 186778 0.02 60
36 0.24588778259558233 191872 0.02 60
37 0.24491053996861395 196964 0.02 60
38 0.24395458175628137 202053 0.02 60
39 0.24299914567867392 207142 0.02 60
40 0.2420291841058236 212228 0.02 60
41 0.24103538736626834 217310 0.02 60
42 0.24001371280235909 222389 0.02 60
43 0.2389645487055844 227469 0.02 60
44 0.23789166072679852 232543 0.02 60
45 0.23680105068942556 237615 0.02 60
46 0.2356998258078406 242683 0.02 60
47 0.23459515464678307 247750 0.02 60
48 0.23349338352331572 252813 0.02 60
49 0.2323993881230587 257875 0.02 60
50 0.23131621555680526 262933 0.02 60
51 0.23024502486487394 267990 0.02 60
52 0.22918527927081586 273044 0.02 60
53 0.22813511044529644 278096 0.02 60
54 0.22709177336465622 283145 0.02 60
55 0.2260521258411392 288193 0.02 60
56 0.22501308238239642 293241 0.02 60
57 0.22397200243593351 298286 0.02 60
58 0.22292698161540728 303327 0.02 60
59 0.221877025081356 308365 0.02 60
60 0.22082209557791915 313400 0.02 60
61 0.21976304274789102 318433 0.02 60
62 0.2187014329125989 323463 0.02 60
63 0.21763930866999556 328491 0.02 60
64 0.21657891548968788 333516 0.02 60
65 0.21552243631643148 338540 0.02 60
66 0.2144717716005665 343560 0.02 60
67 0.21342838987728227 348578 0.02 60
68 0.21239325666246053 353595 0.02 60
69 0.21136683342590531 358609 0.02 60
70 0.21034912867820685 363621 0.02 60
71 0.20933978086566243 368632 0.02 60
72 0.20833815514430515 373640 0.02 60
73 0.20734343934705515 378649 0.02 60
74 0.2063547273369309 383655 0.02 60
75 0.20537108193282932 388659 0.02 60
76 0.20439157513190695 393658 0.02 60
77 0.20341530862443935 398656 0.02 60
78 0.2024414208554836 403651 0.02 60
79 0.20146908788341117 408643 0.02 60
80 0.20049752469720336 413634 0.02 60
81 0.19952599215607858 418624 0.02 60
82 0.19855381265843788 423611 0.02 60
83 0.19758039527253846 428596 0.02 60
84 0.19660526872267794 433579 0.02 60
85 0.19562811873049668 438561 0.02 60
86 0.19464882504250253 443539 0.02 60
87 0.19366749312845083 448517 0.02 60
88 0.19268447597799465 453492 0.02 60
89 0.1917003825486456 458466 0.02 60
90 0.1907160710670496 463439 0.02 60
91 0.18973262733502402 468412 0.02 60
92 0.18875133012805703 473382 0.02 60
93 0.18777360730261541 478348 0.02 60
94 0.18680098698572978 483317 0.02 60
95 0.18583504805718445 488280 0.02 60
96 0.18487737323041578 493241 0.02 60
97 0.18392950681820144 498200 0.02 60
98 0.18299291817043714 503158 0.02 60
99 0.18206897103875813 508114 0.02 60
