0 0.7357692598197192 14143 0.09 160
1 0.3695394971849156 28215 0.09 160
2 0.27433494662455427 42217 0.09 160
3 0.2364296112098879 56155 0.09 160
4 0.2170375815242633 70044 0.09 160
5 0.2041151185857089 83893 0.09 160
6 0.19416705367964907 97697 0.09 160
7 0.18600711532957082 111471 0.09 160
8 0.1791451681600282 125203 0.09 160
9 0.17328991215580292 138901 0.09 160
10 0.16821984926445996 152555 0.09 160
11 0.16379666275374424 166173 0.09 160
12 0.15995913971432937 179755 0.09 160
13 0.15667844613607185 193300 0.09 160
14 0.15391799882673546 206811 0.09 160
15 0.15161781372550862 220291 0.09 160
16 0.1497005569657094 233740 0.09 160
17 0.14808829674654406 247158 0.09 160
18 0.14671679861234613 260553 0.09 160
19 0.14554028523689225 273916 0.09 160
20 0.14452831459149987 287257 0.09 160
21 0.14365972988533776 300566 0.09 160
22 0.1429171455607329 313856 0.09 160
23 0.14228327046239292 327117 0.09 160
24 0.14173919971026747 340359 0.09 160
25 0.1412643141437258 353574 0.09 160
26 0.14083719454178348 366772 0.09 160
27 0.14043691301922717 379944 0.09 160
28 0.14004419405798382 393099 0.09 160
29 0.13964216980485175 406231 0.09 160
30 0.13921669091933814 419343 0.09 160
31 0.13875632210822503 432437 0.09 160
32 0.13825222067861323 445514 0.09 160
33 0.1376980742803811 458572 0.09 160
34 0.137090188203857 471613 0.09 160
35 0.13642770005459964 484640 0.09 160
36 0.13571280082429138 497651 0.09 160
37 0.13495079119514344 510653 0.09 160
38 0.13414981928502306 523642 0.09 160
39 0.13332022912901498 536617 0.09 160
40 0.13247357489138908 549577 0.09 160
41 0.13162148052422523 562528 0.09 160
42 0.130774592642954 575478 0.09 160
43 0.12994184423851737 588409 0.09 160
44 0.12913012892735032 601323 0.09 160
45 0.12834434950464005 614232 0.09 160
46 0.12758772247741135 627127 0.09 160
47 0.12686220577296461 640013 0.09 160
48 0.12616894023885866 652890 0.09 160
49 0.1255086295845697 665757 0.09 160
50 0.12488181588408255 678622 0.09 160
51 0.12428903432102804 691499 0.09 160
52 0.12373085064875664 704343 0.09 160
53 0.12320779786798111 717179 0.09 160
54 0.12272023410349832 730039 0.09 160
55 0.1222681421014563 742861 0.09 160
56 0.12185088690409179 755681 0.09 160
57 0.12146695004263582 768495 0.09 160
58 0.12111367327301062 781302 0.09 160
59 0.12078707289056675 794097 0.09 160
60 0.1204818136579673 806892 0.09 160
61 0.12019143342550027 819677 0.09 160
62 0.11990886392600227 832459 0.09 160
63 0.11962720396276844 845230 0.09 160
64 0.11934059851845452 858000 0.09 160
65 0.11904500202938426 870760 0.09 160
66 0.11873860090488113 883515 0.09 160
67 0.11842176338570347 896263 0.09 160
68 0.11809654083902091 909006 0.09 160
69 0.11776588900007721 921743 0.09 160
70 0.11743284565431476 934473 0.09 160
71 0.11709987340405799 947199 0.09 160
72 0.11676848227583331 959920 0.09 160
73 0.11643914002570614 972639 0.09 160
74 0.11611140122469135 985348 0.09 160
75 0.1157841562441423 998057 0.09 160
76 0.1154559109148346 1010755 0.09 160
77 0.11512503769499108 1023451 0.09 160
78 0.11478997103117586 1036142 0.09 160
79 0.11444934264590952 1048828 0.09 160
80 0.11410206456534999 1061503 0.09 160
81 0.11374737144988453 1074177 0.09 160
82 0.11338483304312164 1086842 0.09 160
83 0.11301434531047912 1099508 0.09 160
84 0.11263610670308867 1112161 0.09 160
85 0.11225058444885508 1124809 0.09 160
86 0.1118584747539802 1137453 0.09 160
87 0.1114606600567649 1150091 0.09 160
88 0.11105816583239095 1162724 0.09 160
89 0.1106521188317429 1175354 0.09 160
90 0.11024370805621017 1187981 0.09 160
91 0.10983414926527053 1200600 0.09 160
92 0.109424653425818 1213220 0.09 160
93 0.10901639926278522 1225831 0.09 160
94 0.10861050995100506 1238440 0.09 160
95 0.10820803396101863 1251042 0.09 160
96 0.1078099300802747 1263642 0.09 160
97 0.10741705661930069 1276234 0.09 160
98 0.10703016474250436 1288827 0.09 160
99 0.1066498957300882 1301412 0.09 160
