0 0.9546657115857967 16026 0.01 180
1 0.9519393952660361 32007 0.01 180
2 0.9476869302374069 47987 0.01 180
3 0.9399395906576984 63972 0.01 180
4 0.9245803721506417 79952 0.01 180
5 0.8985606715242809 95930 0.01 180
6 0.8670991669409187 111910 0.01 180
7 0.8289915219818881 127884 0.01 180
8 0.7767204362880169 143857 0.01 180
9 0.7169891263655611 159834 0.01 180
10 0.6643250659465268 175804 0.01 180
11 0.6239807660628408 191772 0.01 180
12 0.5936728538915547 207730 0.01 180
13 0.5697439570183571 223681 0.01 180
14 0.5493413588230042 239630 0.01 180
15 0.5306437427904749 255571 0.01 180
16 0.5126901814256104 271506 0.01 180
17 0.495207003830525 287441 0.01 180
18 0.47838283314448365 303366 0.01 180
19 0.462534624429194 319287 0.01 180
20 0.44783621157880704 335208 0.01 180
21 0.4342787304560051 351120 0.01 180
22 0.4217663889174807 367027 0.01 180
23 0.4101979522533786 382934 0.01 180
24 0.3994959563539096 398831 0.01 180
25 0.3896036416513174 414727 0.01 180
26 0.3804736079030094 430612 0.01 180
27 0.37205891122948315 446493 0.01 180
28 0.36430761447690907 462371 0.01 180
29 0.35716002056762247 478241 0.01 180
30 0.35054820309462126 494106 0.01 180
31 0.34439728966778493 509968 0.01 180
32 0.3386280569036083 525820 0.01 180
33 0.33316072386212314 541666 0.01 180
34 0.3279197304512179 557511 0.01 180
35 0.3228388888742135 573346 0.01 180
36 0.31786603480421344 589176 0.01 180
37 0.3129663622260051 605005 0.01 180
38 0.30812387341831504 620825 0.01 180
39 0.3033406385739481 636642 0.01 180
40 0.2986338469217104 652452 0.01 180
41 0.2940310184795338 668274 0.01 180
42 0.28956418490875097 684078 0.01 180
43 0.2852641528743837 699873 0.01 180
44 0.2811559403081058 715662 0.01 180
45 0.27725608644291844 731452 0.01 180
46 0.27357195031997616 747232 0.01 180
47 0.2701025951426743 763009 0.01 180
48 0.26684059611916927 778794 0.01 180
49 0.2637741293199478 794563 0.01 180
50 0.26088889040459945 810328 0.01 180
51 0.25816961886779766 826094 0.01 180
52 0.25560117892346257 841858 0.01 180
53 0.25316924828188947 857612 0.01 180
54 0.2508607045369115 873365 0.01 180
55 0.24866379978909553 889110 0.01 180
56 0.24656819786030545 904860 0.01 180
57 0.24456492799005342 920598 0.01 180
58 0.24264629082911449 936333 0.01 180
59 0.24080573915811376 952063 0.01 180
60 0.23903774699573374 967789 0.01 180
61 0.23733767557029375 983513 0.01 180
62 0.23570164177181202 999231 0.01 180
63 0.234126393135374 1014946 0.01 180
64 0.23260919240750555 1030661 0.01 180
65 0.23114771390842764 1046369 0.01 180
66 0.22973995306410086 1062076 0.01 180
67 0.22838414963147977 1077783 0.01 180
68 0.2270787243290893 1093481 0.01 180
69 0.2258222278727785 1109177 0.01 180
70 0.22461330085756695 1124872 0.01 180
71 0.2234506425700356 1140567 0.01 180
72 0.22233298669810944 1156258 0.01 180
73 0.22125908202984215 1171939 0.01 180
74 0.2202276765551435 1187619 0.01 180
75 0.21923750381908363 1203300 0.01 180
76 0.21828727082658445 1218973 0.01 180
77 0.21737564719151586 1234643 0.01 180
78 0.21650125552081614 1250312 0.01 180
79 0.21566266322173186 1265975 0.01 180
80 0.21485837603153432 1281639 0.01 180
81 0.2140868336121988 1297375 0.01 180
82 0.2133464075416936 1313029 0.01 180
83 0.21263540197807598 1328681 0.01 180
84 0.21195205717907012 1344332 0.01 180
85 0.2112945559360504 1359976 0.01 180
86 0.21066103283794269 1375635 0.01 180
87 0.21004958613109287 1391275 0.01 180
88 0.2094582918007459 1406928 0.01 180
89 0.2088852193823817 1422565 0.01 180
90 0.2083284489276306 1438195 0.01 180
91 0.2077860885059026 1453821 0.01 180
92 0.20725629162020087 1469451 0.01 180
93 0.2067372739500641 1485072 0.01 180
94 0.20622732889886156 1500699 0.01 180
95 0.20572484150755305 1516318 0.01 180
96 0.20522830039291384 1531945 0.01 180
97 0.20473630746689656 1547556 0.01 180
98 0.20424758528900175 1563167 0.01 180
99 0.20376098199174736 1578773 0.01 180
