0 0.8506408302428373 10596 0.08 120
1 0.500749704834276 21135 0.08 120
2 0.3509301536949133 31606 0.08 120
3 0.28439428060047145 42034 0.08 120
4 0.2476949702091921 52414 0.08 120
5 0.2265703617826267 62765 0.08 120
6 0.2138030628465018 73083 0.08 120
7 0.20546733816362897 83373 0.08 120
8 0.19950503126169009 93643 0.08 120
9 0.19485046047601506 103892 0.08 120
10 0.1909946959228384 114120 0.08 120
11 0.1877004276125688 124325 0.08 120
12 0.18482644923169655 134503 0.08 120
13 0.182272498591687 144664 0.08 120
14 0.17997925426620495 154801 0.08 120
15 0.1779240593789417 164922 0.08 120
16 0.1761034296186049 175024 0.08 120
17 0.17451211832509392 185103 0.08 120
18 0.17312867559168346 195162 0.08 120
19 0.1719125796091708 205203 0.08 120
20 0.17081106927265788 215231 0.08 120
21 0.16976942188700087 225238 0.08 120
22 0.16873906491092275 235229 0.08 120
23 0.1676814533354389 245209 0.08 120
24 0.16656855291776015 255168 0.08 120
25 0.16538171514491493 265112 0.08 120
26 0.16411027052257116 275040 0.08 120
27 0.16275032728589733 284957 0.08 120
28 0.16130372331960177 294860 0.08 120
29 0.15977694988269717 304751 0.08 120
30 0.1581799553483151 314626 0.08 120
31 0.1565248693922422 324486 0.08 120
32 0.15482478919790138 334336 0.08 120
33 0.1530928177779858 344172 0.08 120
34 0.15134152133433504 354002 0.08 120
35 0.14958286085449551 363817 0.08 120
36 0.14782847455967438 373625 0.08 120
37 0.14609002820555056 383423 0.08 120
38 0.1443793221020012 393208 0.08 120
39 0.14270799128125553 402986 0.08 120
40 0.14108687499481162 412756 0.08 120
41 0.13952530740533528 422520 0.08 120
42 0.1380305902209113 432277 0.08 120
43 0.13660777687825912 442022 0.08 120
44 0.13525973710568656 451763 0.08 120
45 0.13398737966074725 461495 0.08 120
46 0.13278992365068476 471222 0.08 120
47 0.13166518028016214 480944 0.08 120
48 0.13060985836805145 490659 0.08 120
49 0.12961990381726698 500372 0.08 120
50 0.1286908508584001 510077 0.08 120
51 0.12781813606540887 519779 0.08 120
52 0.12699732085534543 529473 0.08 120
53 0.12622418811568517 539163 0.08 120
54 0.12549471647401983 548856 0.08 120
55 0.12480497345817633 558542 0.08 120
56 0.12415098769245597 568224 0.08 120
57 0.12352865321557181 577898 0.08 120
58 0.12293369521757139 587569 0.08 120
59 0.12236170537582458 597239 0.08 120
60 0.12180825218054007 606905 0.08 120
61 0.12126908639503423 616570 0.08 120
62 0.12074046950452728 626226 0.08 120
63 0.12021960360789127 635884 0.08 120
64 0.11970499489168326 645535 0.08 120
65 0.11919643085856087 655181 0.08 120
66 0.11869437250469611 664823 0.08 120
67 0.11819906353483861 674466 0.08 120
68 0.11771001996440376 684104 0.08 120
69 0.11722622495791005 693742 0.08 120
70 0.11674673657064462 703372 0.08 120
71 0.11627125812922005 713002 0.08 120
72 0.11580044790550237 722630 0.08 120
73 0.11533594400254184 732256 0.08 120
74 0.11488016916372391 741877 0.08 120
75 0.11443604427091049 751492 0.08 120
76 0.11400676910111134 761104 0.08 120
77 0.1135957244576524 770713 0.08 120
78 0.11320628796670251 780322 0.08 120
79 0.11284116037300425 789929 0.08 120
80 0.11250105817631798 799536 0.08 120
81 0.11218336540925511 809137 0.08 120
82 0.11188183368980875 818732 0.08 120
83 0.11158797958828229 828324 0.08 120
84 0.11129371117942291 837913 0.08 120
85 0.11099384270429007 847503 0.08 120
86 0.1106872846930201 857092 0.08 120
87 0.11037666992501122 866677 0.08 120
88 0.1100670104784243 876259 0.08 120
89 0.10976410707992548 885835 0.08 120
90 0.1094731946117221 895407 0.08 120
91 0.10919809122465457 904980 0.08 120
92 0.10894092509020434 914556 0.08 120
93 0.10870232374691362 924121 0.08 120
94 0.10848184357321917 933688 0.08 120
95 0.10827842687326981 943253 0.08 120
96 0.1080907580976608 952811 0.08 120
97 0.10791748280151316 962366 0.08 120
98 0.10775731258294331 971931 0.08 120
99 0.10760906056490124 981484 0.08 120
