0 0.9544641588659553 5297 0.04 60
1 0.9088524762086521 10589 0.04 60
2 0.8042016759859877 15873 0.04 60
3 0.6529917270873462 21146 0.04 60
4 0.507432471306111 26401 0.04 60
5 0.41070610339781516 31624 0.04 60
6 0.3585149857975837 36821 0.04 60
7 0.32632331947348114 41996 0.04 60
8 0.3050202725411851 47153 0.04 60
9 0.29060574840484416 52301 0.04 60
10 0.2803375540955881 57437 0.04 60
11 0.27273867365842214 62555 0.04 60
12 0.2669811291800453 67667 0.04 60
13 0.26246010770836264 72767 0.04 60
14 0.25869193796235296 77860 0.04 60
15 0.255331480034573 82945 0.04 60
16 0.25217886869715134 88022 0.04 60
17 0.24914682027633656 93093 0.04 60
18 0.24620992984647994 98159 0.04 60
19 0.24336026051362591 103218 0.04 60
20 0.24058188880098136 108269 0.04 60
21 0.23784680173668077 113314 0.04 60
22 0.23512436800047956 118351 0.04 60
23 0.23239135632979485 123383 0.04 60
24 0.2296343322343924 128407 0.04 60
25 0.22684563202035488 133427 0.04 60
26 0.22401885250495254 138444 0.04 60
27 0.221147602676212 143457 0.04 60
28 0.21822676035134275 148459 0.04 60
29 0.21525438877157663 153456 0.04 60
30 0.21223391071852665 158447 0.04 60
31 0.20917661157399994 163433 0.04 60
32 0.20610382677032954 168414 0.04 60
33 0.20304714280996605 173393 0.04 60
34 0.2000448479133409 178367 0.04 60
35 0.19713511776647297 183335 0.04 60
36 0.19434922086710016 188298 0.04 60
37 0.19170787926250768 193258 0.04 60
38 0.189221228756678 198213 0.04 60
39 0.18689086411356076 203165 0.04 60
40 0.18471240229236874 208114 0.04 60
41 0.18267775019179347 213058 0.04 60
42 0.18077683793368685 218003 0.04 60
43 0.17899882769804135 222948 0.04 60
44 0.17733289052793189 227890 0.04 60
45 0.17576865823195767 232824 0.04 60
46 0.1742964442892551 237754 0.04 60
47 0.172907311193062 242682 0.04 60
48 0.17159305137464326 247607 0.04 60
49 0.17034613922630748 252532 0.04 60
50 0.16915969507687317 257453 0.04 60
51 0.16802747895327944 262371 0.04 60
52 0.1669439105018696 267287 0.04 60
53 0.1659040990139088 272201 0.04 60
54 0.16490386579892416 277113 0.04 60
55 0.16393974642703332 282023 0.04 60
56 0.16300896720818578 286931 0.04 60
57 0.16210939504114483 291837 0.04 60
58 0.16123946174617024 296740 0.04 60
59 0.1603980646855068 301643 0.04 60
60 0.15958444690643495 306548 0.04 60
61 0.15879806326664186 311452 0.04 60
62 0.1580384434225076 316348 0.04 60
63 0.15730506626615495 321249 0.04 60
64 0.1565972612414436 326142 0.04 60
65 0.15591414882244373 331034 0.04 60
66 0.1552546258868824 335929 0.04 60
67 0.15461739376672531 340820 0.04 60
68 0.1540010197707246 345711 0.04 60
69 0.15340401860444997 350596 0.04 60
70 0.15282493886583662 355481 0.04 60
71 0.15226244124752245 360363 0.04 60
72 0.15171535839302078 365267 0.04 60
73 0.15118273066156487 370149 0.04 60
74 0.15066381657321165 375028 0.04 60
75 0.15015808070804393 379904 0.04 60
76 0.14966516467626145 384784 0.04 60
77 0.14918484804410737 389658 0.04 60
78 0.14871700579114666 394532 0.04 60
79 0.1482615674273236 399404 0.04 60
80 0.14781848099632722 404274 0.04 60
81 0.1473876834532632 409143 0.04 60
82 0.14696907767117165 414011 0.04 60
83 0.14656251564571607 418878 0.04 60
84 0.14616778718806228 423743 0.04 60
85 0.14578461333128453 428608 0.04 60
86 0.14541264367780482 433471 0.04 60
87 0.14505145691500326 438333 0.04 60
88 0.14470056372649423 443194 0.04 60
89 0.14435941137194222 448058 0.04 60
90 0.14402738934123108 452920 0.04 60
91 0.14370383571339015 457779 0.04 60
92 0.14338804412043965 462636 0.04 60
93 0.1430792714520472 467492 0.04 60
94 0.14277674656351458 472347 0.04 60
95 0.14247968022804552 477200 0.04 60
96 0.1421872764147315 482053 0.04 60
97 0.14189874472603178 486905 0.04 60
98 0.14161331356065757 491756 0.04 60
99 0.14133024334332017 496605 0.04 60
