0 0.9086235093684805 17695 0.07 200
1 0.4948716477865683 35309 0.07 200
2 0.35590934925226003 52869 0.07 200
3 0.29135504678060953 70386 0.07 200
4 0.25553448243642957 87866 0.07 200
5 0.23333531963490228 105313 0.07 200
6 0.2182948938729308 122728 0.07 200
7 0.20701912400063932 140113 0.07 200
8 0.19799118476282154 157463 0.07 200
9 0.19055309266422116 174791 0.07 200
10 0.18431313886922737 192084 0.07 200
11 0.1789882571740381 209353 0.07 200
12 0.17439005619024234 226594 0.07 200
13 0.1703974338241997 243808 0.07 200
14 0.16691911604209386 260996 0.07 200
15 0.16387347050354048 278161 0.07 200
16 0.16118659074995292 295302 0.07 200
17 0.15879690873638785 312415 0.07 200
18 0.1566573994502837 329505 0.07 200
19 0.1547333617422539 346576 0.07 200
20 0.15299806055401263 363625 0.07 200
21 0.15142898886793335 380650 0.07 200
22 0.1500058914740563 397652 0.07 200
23 0.14871011868967438 414638 0.07 200
24 0.1475243937357678 431604 0.07 200
25 0.14643250586873713 448547 0.07 200
26 0.14541902282249275 465473 0.07 200
27 0.14446929140995335 482383 0.07 200
28 0.14356977450990813 499274 0.07 200
29 0.14270850657807532 516142 0.07 200
30 0.14187540892094735 533002 0.07 200
31 0.14106237046582384 549836 0.07 200
32 0.14026317122475507 566657 0.07 200
33 0.13947337164500556 583458 0.07 200
34 0.13869023254370816 600242 0.07 200
35 0.1379126559453835 617013 0.07 200
36 0.13714110357492484 633771 0.07 200
37 0.13637745548256425 650512 0.07 200
38 0.13562479015050244 667237 0.07 200
39 0.1348870826953814 683950 0.07 200
40 0.13416882785822745 700651 0.07 200
41 0.13347460443496265 717340 0.07 200
42 0.13280861172857797 734011 0.07 200
43 0.13217422646329602 750674 0.07 200
44 0.13157364550694373 767325 0.07 200
45 0.13100768330066978 783964 0.07 200
46 0.13047576741258274 800588 0.07 200
47 0.1299761254191713 817214 0.07 200
48 0.12950611008759083 833819 0.07 200
49 0.12906258674745685 850412 0.07 200
50 0.12864230468468252 866989 0.07 200
51 0.12824218797991305 883564 0.07 200
52 0.1278595078057281 900121 0.07 200
53 0.12749193251074337 916670 0.07 200
54 0.12713748410906867 933205 0.07 200
55 0.1267944493492139 949730 0.07 200
56 0.12646129415373775 966243 0.07 200
57 0.1261366137466746 982751 0.07 200
58 0.1258191262148246 999245 0.07 200
59 0.125507695916521 1015730 0.07 200
60 0.12520136301006138 1032205 0.07 200
61 0.12489935781698445 1048676 0.07 200
62 0.12460108942852684 1065135 0.07 200
63 0.12430611031386476 1081581 0.07 200
64 0.12401406742672208 1098019 0.07 200
65 0.12372465332881405 1114452 0.07 200
66 0.12343756893942194 1130876 0.07 200
67 0.12315250488665477 1147295 0.07 200
68 0.12286914327659204 1163698 0.07 200
69 0.12258717745639698 1180096 0.07 200
70 0.12230634462122088 1196485 0.07 200
71 0.12202646488462396 1212870 0.07 200
72 0.12174748037281438 1229241 0.07 200
73 0.12146948861977058 1245604 0.07 200
74 0.12119276570890707 1261972 0.07 200
75 0.12091777602125979 1278325 0.07 200
76 0.12064516700408945 1294664 0.07 200
77 0.12037574900636856 1310996 0.07 200
78 0.12011046186169155 1327324 0.07 200
79 0.11985033140067192 1343653 0.07 200
80 0.11959642024957853 1359963 0.07 200
81 0.11934977790482343 1376267 0.07 200
82 0.11911139499938624 1392567 0.07 200
83 0.11888216585834369 1408862 0.07 200
84 0.11866286200482797 1425144 0.07 200
85 0.1184541174991844 1441420 0.07 200
86 0.1182564252090845 1457694 0.07 200
87 0.11807014160522712 1473956 0.07 200
88 0.1178954966135745 1490212 0.07 200
89 0.11773260443809479 1506463 0.07 200
90 0.11758147099893375 1522718 0.07 200
91 0.11744199358505876 1538959 0.07 200
92 0.11731394842664927 1555190 0.07 200
93 0.11719696218897294 1571418 0.07 200
94 0.11709046404605214 1587649 0.07 200
95 0.11699361630190558 1603866 0.07 200
96 0.11690522387471784 1620074 0.07 200
97 0.11682362678289661 1636281 0.07 200
98 0.11674658551691845 1652491 0.07 200
99 0.11667117718718321 1668688 0.07 200
