0 0.9724685892332401 24846 0.04 280
1 0.8410206623472493 49607 0.04 280
2 0.6149321631948396 74314 0.04 280
3 0.4786837429597535 98978 0.04 280
4 0.3894708708949343 123618 0.04 280
5 0.33676228030565625 148237 0.04 280
6 0.3040795456627341 172835 0.04 280
7 0.28131061464020596 197412 0.04 280
8 0.26345715969414124 221970 0.04 280
9 0.248585092369048 246515 0.04 280
10 0.2361781201890939 271051 0.04 280
11 0.22602846355704403 295572 0.04 280
12 0.2177824178662133 320075 0.04 280
13 0.21099894654078438 344555 0.04 280
14 0.20529406266453987 369025 0.04 280
15 0.20039307297391737 393499 0.04 280
16 0.19611787519945037 417942 0.04 280
17 0.19235591035244828 442375 0.04 280
18 0.18903240413283393 466798 0.04 280
19 0.18609149101957118 491209 0.04 280
20 0.18348562930376136 515607 0.04 280
21 0.18117096109015543 540005 0.04 280
22 0.17910616265485058 564398 0.04 280
23 0.17725290358466822 588769 0.04 280
24 0.17557676414042817 613131 0.04 280
25 0.1740480227430374 637480 0.04 280
26 0.17264205331528945 661819 0.04 280
27 0.17133925602841565 686149 0.04 280
28 0.17012457466938527 710473 0.04 280
29 0.16898674787625095 734783 0.04 280
30 0.16791747556946604 759081 0.04 280
31 0.16691064772233352 783380 0.04 280
32 0.16596170932543666 807672 0.04 280
33 0.16506716601353044 831940 0.04 280
34 0.16422419549445516 856199 0.04 280
35 0.1634303217975528 880449 0.04 280
36 0.1626831200862997 904692 0.04 280
37 0.1619799370352745 928922 0.04 280
38 0.16131763034152521 953141 0.04 280
39 0.1606923520852052 977350 0.04 280
40 0.16009941646176962 1001550 0.04 280
41 0.15953327972659725 1025747 0.04 280
42 0.15898762398596814 1049924 0.04 280
43 0.1584555185179229 1074091 0.04 280
44 0.15792964270121304 1098250 0.04 280
45 0.15740256504405775 1122396 0.04 280
46 0.15686706866031566 1146530 0.04 280
47 0.15631650174944234 1170651 0.04 280
48 0.1557451205246044 1194767 0.04 280
49 0.1551483842226296 1218871 0.04 280
50 0.15452315891754526 1242961 0.04 280
51 0.15386779300819597 1267037 0.04 280
52 0.1531820462282758 1291108 0.04 280
53 0.15246688429094993 1315165 0.04 280
54 0.15172418323474055 1339210 0.04 280
55 0.15095640646330744 1363240 0.04 280
56 0.15016631355581198 1387260 0.04 280
57 0.14935673677816153 1411272 0.04 280
58 0.1485304330854664 1435269 0.04 280
59 0.14768999979554065 1459254 0.04 280
60 0.14683783549927906 1483228 0.04 280
61 0.14597613026578063 1507194 0.04 280
62 0.14510687444506387 1531150 0.04 280
63 0.14423187934736476 1555092 0.04 280
64 0.14335280513457346 1579019 0.04 280
65 0.14247119241365058 1602962 0.04 280
66 0.1415884949977636 1626900 0.04 280
67 0.14070611199177113 1651035 0.04 280
68 0.13982541750179323 1674926 0.04 280
69 0.1389477860682486 1698804 0.04 280
70 0.13807461190740156 1722669 0.04 280
71 0.1372073205569927 1746542 0.04 280
72 0.1363473724815267 1770388 0.04 280
73 0.13549625927044634 1794230 0.04 280
74 0.13465549390606013 1818052 0.04 280
75 0.13382659696373966 1841866 0.04 280
76 0.13301108050285437 1865713 0.04 280
77 0.132210430959692 1889507 0.04 280
78 0.13142609180035 1913288 0.04 280
79 0.13065944625025747 1937068 0.04 280
80 0.12991180021261753 1960834 0.04 280
81 0.12918436553120644 1984609 0.04 280
82 0.128478243958011 2008353 0.04 280
83 0.1277944124176724 2032088 0.04 280
84 0.12713371029363843 2055816 0.04 280
85 0.1264968294278186 2079543 0.04 280
86 0.12588430733147002 2103260 0.04 280
87 0.12529652381103626 2126959 0.04 280
88 0.12473370090408403 2150662 0.04 280
89 0.12419590577561132 2174350 0.04 280
90 0.12368305609277257 2198037 0.04 280
91 0.12319492738692797 2221703 0.04 280
92 0.12273116200037933 2245363 0.04 280
93 0.12229127935232663 2269020 0.04 280
94 0.12187468738901573 2292673 0.04 280
95 0.12148069516148333 2316311 0.04 280
96 0.12110852647726796 2339942 0.04 280
97 0.12075733450138702 2363570 0.04 280
98 0.12042621705860558 2387191 0.04 280
99 0.12011423224635726 2410800 0.04 280
