0 0.9377877501818076 3534 0.07 40
1 0.7234794789564782 7054 0.07 40
2 0.47510786553878276 10534 0.07 40
3 0.3685538760447049 13972 0.07 40
4 0.32773962659945666 17376 0.07 40
5 0.30345922034588374 20757 0.07 40
6 0.2850577330690237 24116 0.07 40
7 0.2704206917182847 27466 0.07 40
8 0.2585554770636661 30795 0.07 40
9 0.24892965830323222 34113 0.07 40
10 0.24123025663945583 37421 0.07 40
11 0.23517278293070756 40719 0.07 40
12 0.2304919130330488 44008 0.07 40
13 0.22695761867099767 47289 0.07 40
14 0.22432375588092834 50563 0.07 40
15 0.22228480435994494 53828 0.07 40
16 0.2205022594448617 57083 0.07 40
17 0.21868135852715315 60331 0.07 40
18 0.21663537767577742 63577 0.07 40
19 0.21429997623564018 66812 0.07 40
20 0.21169234419484323 70037 0.07 40
21 0.20885030860728238 73255 0.07 40
22 0.20580849443738844 76464 0.07 40
23 0.2026171908809278 79668 0.07 40
24 0.1993502028893095 82872 0.07 40
25 0.19608161693645226 86065 0.07 40
26 0.1928676276379983 89252 0.07 40
27 0.18974835785938787 92434 0.07 40
28 0.18675483203368187 95612 0.07 40
29 0.18391190681186037 98798 0.07 40
30 0.18123761681151043 101968 0.07 40
31 0.17874181069047548 105135 0.07 40
32 0.17642589418312024 108299 0.07 40
33 0.17428396696903953 111464 0.07 40
34 0.17230490156049674 114624 0.07 40
35 0.1704748096054529 117779 0.07 40
36 0.16877928945692658 120931 0.07 40
37 0.16720475317702332 124081 0.07 40
38 0.16573870461124468 127229 0.07 40
39 0.16436958234517635 130381 0.07 40
40 0.16308670897912048 133523 0.07 40
41 0.16188038007988587 136664 0.07 40
42 0.16074189894358173 139803 0.07 40
43 0.15966345516104757 142939 0.07 40
44 0.158637894273077 146072 0.07 40
45 0.15765850986612745 149204 0.07 40
46 0.1567190131158158 152334 0.07 40
47 0.15581377037072866 155466 0.07 40
48 0.1549382289158776 158593 0.07 40
49 0.1540892912239796 161718 0.07 40
50 0.15326540353058274 164841 0.07 40
51 0.1524662960535233 167967 0.07 40
52 0.1516925012214191 171086 0.07 40
53 0.15094485081755776 174205 0.07 40
54 0.15022409851152266 177322 0.07 40
55 0.14953070329970264 180437 0.07 40
56 0.14886472295816333 183556 0.07 40
57 0.14822574171993075 186669 0.07 40
58 0.14761277953574076 189780 0.07 40
59 0.14702416743095847 192890 0.07 40
60 0.14645740552838526 195998 0.07 40
61 0.14590904673031665 199106 0.07 40
62 0.1453746546679861 202212 0.07 40
63 0.144848849131657 205318 0.07 40
64 0.14432542458406822 208422 0.07 40
65 0.1437975931587131 211526 0.07 40
66 0.1432585130978829 214629 0.07 40
67 0.1427022097963914 217731 0.07 40
68 0.1421246797317777 220833 0.07 40
69 0.1415246030128466 223934 0.07 40
70 0.1409030776644957 227034 0.07 40
71 0.14026234681026262 230135 0.07 40
72 0.139604321503435 233235 0.07 40
73 0.13892998549381624 236340 0.07 40
74 0.13823990721172852 239439 0.07 40
75 0.13753505736438454 242539 0.07 40
76 0.13681723571619392 245638 0.07 40
77 0.13608906785902833 248738 0.07 40
78 0.1353538122168295 251837 0.07 40
79 0.13461517176895685 254936 0.07 40
80 0.1338771813705781 258035 0.07 40
81 0.13314409188950305 261134 0.07 40
82 0.13242008156149906 264234 0.07 40
83 0.1317087242067535 267333 0.07 40
84 0.13101241192203372 270433 0.07 40
85 0.13033212197572688 273534 0.07 40
86 0.12966778821593733 276635 0.07 40
87 0.1290191646756979 279736 0.07 40
88 0.12838678661819342 282838 0.07 40
89 0.12777259157893905 285941 0.07 40
90 0.12717990013822764 289049 0.07 40
91 0.12661281829136206 292153 0.07 40
92 0.126075562709432 295257 0.07 40
93 0.125572308216834 298363 0.07 40
94 0.12510767541845666 301471 0.07 40
95 0.12468711791034191 304578 0.07 40
96 0.12431615993944144 307685 0.07 40
97 0.12399822247951885 310794 0.07 40
98 0.12373287493282355 313903 0.07 40
99 0.12351700229916052 317013 0.07 40
