0 0.7776417654224594 19540 0.08 220
1 0.36870055081828845 39069 0.08 220
2 0.2758551170115589 58517 0.08 220
3 0.24136503131837542 77900 0.08 220
4 0.22274058500468416 97225 0.08 220
5 0.20979179316452154 116497 0.08 220
6 0.19993167849202353 135716 0.08 220
7 0.1922047658685947 154889 0.08 220
8 0.1860582234232421 174021 0.08 220
9 0.18108540071391538 193110 0.08 220
10 0.17698204044126672 212160 0.08 220
11 0.17352335235078217 231168 0.08 220
12 0.1705501981503596 250136 0.08 220
13 0.16795285837326285 269069 0.08 220
14 0.16565460919029742 287966 0.08 220
15 0.16360067051595 306829 0.08 220
16 0.1617515888324336 325664 0.08 220
17 0.16007869175173875 344467 0.08 220
18 0.15856062739836874 363240 0.08 220
19 0.15718083858472456 381987 0.08 220
20 0.15592573773034263 400702 0.08 220
21 0.1547832202539574 419390 0.08 220
22 0.15374143430516785 438056 0.08 220
23 0.1527879936557057 456697 0.08 220
24 0.151909787498584 475313 0.08 220
25 0.1510933818772975 493902 0.08 220
26 0.15032583792555174 512468 0.08 220
27 0.14959565737486374 531009 0.08 220
28 0.14889357617525922 549524 0.08 220
29 0.14821304229875062 568016 0.08 220
30 0.14755034847475812 586487 0.08 220
31 0.14690447941059523 604938 0.08 220
32 0.1462767619058098 623365 0.08 220
33 0.1456703929610782 641773 0.08 220
34 0.1450898896625941 660161 0.08 220
35 0.14454047545730853 678527 0.08 220
36 0.14402740189384772 696870 0.08 220
37 0.14355520500290705 715193 0.08 220
38 0.14312691468979755 733497 0.08 220
39 0.14274328274411002 751781 0.08 220
40 0.1424021657841993 770047 0.08 220
41 0.14209825415854954 788297 0.08 220
42 0.14182331205914708 806532 0.08 220
43 0.14156695238916805 824746 0.08 220
44 0.1413177660516959 842940 0.08 220
45 0.14106449031143867 861118 0.08 220
46 0.14079693359171117 879280 0.08 220
47 0.14050653970782048 897426 0.08 220
48 0.1401866389632419 915556 0.08 220
49 0.139832498748325 933675 0.08 220
50 0.13944126402927237 951779 0.08 220
51 0.13901183564510794 969869 0.08 220
52 0.1385447108729528 987945 0.08 220
53 0.1380418010336927 1006004 0.08 220
54 0.13750622949686592 1024050 0.08 220
55 0.13694209970489882 1042083 0.08 220
56 0.13635421758906016 1060110 0.08 220
57 0.13574776323454982 1078120 0.08 220
58 0.13512792852680652 1096118 0.08 220
59 0.1344995587663863 1114106 0.08 220
60 0.13386684667768453 1132081 0.08 220
61 0.13323312392450698 1150038 0.08 220
62 0.13260078070042697 1167984 0.08 220
63 0.13197132214349858 1185919 0.08 220
64 0.13134554548998273 1203844 0.08 220
65 0.13072379931369357 1221757 0.08 220
66 0.13010627158624732 1239663 0.08 220
67 0.1294932505544706 1257556 0.08 220
68 0.12888531208509474 1275439 0.08 220
69 0.12828340636798666 1293307 0.08 220
70 0.1276888406849691 1311166 0.08 220
71 0.1271031774423039 1329015 0.08 220
72 0.12652808240420832 1346854 0.08 220
73 0.12596516353147405 1364684 0.08 220
74 0.12541583556176186 1382508 0.08 220
75 0.12488123231369001 1400323 0.08 220
76 0.12436217275418916 1418128 0.08 220
77 0.12385917339916133 1435927 0.08 220
78 0.1233724919491266 1453711 0.08 220
79 0.12290218564813638 1471488 0.08 220
80 0.12244817087558928 1489257 0.08 220
81 0.1220102753223726 1507029 0.08 220
82 0.12158827867004172 1524782 0.08 220
83 0.12118194095470318 1542529 0.08 220
84 0.12079101963990371 1560268 0.08 220
85 0.12041527720351965 1578002 0.08 220
86 0.12005448121310582 1595722 0.08 220
87 0.11970839876903781 1613437 0.08 220
88 0.11937678703455712 1631144 0.08 220
89 0.11905938143028146 1648843 0.08 220
90 0.1187558829607194 1666535 0.08 220
91 0.11846594603813342 1684229 0.08 220
92 0.11818916803697456 1701908 0.08 220
93 0.11792508161610907 1719583 0.08 220
94 0.1176731505710679 1737256 0.08 220
95 0.1174327696364796 1754921 0.08 220
96 0.11720326828571238 1772574 0.08 220
97 0.11698391821761273 1790220 0.08 220
98 0.11677394392205122 1807861 0.08 220
99 0.11657253550536811 1825496 0.08 220
