0 0.9571775382233129 12357 0.02 140
1 0.9533189400892104 24697 0.02 140
2 0.9430336327428485 37041 0.02 140
3 0.9016029603438808 49389 0.02 140
4 0.7966451134329894 61729 0.02 140
5 0.7126968740746782 74062 0.02 140
6 0.6501713164958985 86389 0.02 140
7 0.590468369540323 98706 0.02 140
8 0.5343438724271553 111016 0.02 140
9 0.48483831909415903 123315 0.02 140
10 0.4439929011654239 135609 0.02 140
11 0.41118365351273783 147890 0.02 140
12 0.384399870840881 160163 0.02 140
13 0.3620382003317868 172431 0.02 140
14 0.3430903623928076 184687 0.02 140
15 0.32688269619232657 196936 0.02 140
16 0.312930175958896 209176 0.02 140
17 0.3008579765755638 221408 0.02 140
18 0.2903528946001801 233633 0.02 140
19 0.2811467502330921 245852 0.02 140
20 0.2730169420109805 258066 0.02 140
21 0.26578482311964674 270294 0.02 140
22 0.25930856043726624 282493 0.02 140
23 0.2534748544284172 294686 0.02 140
24 0.24819197070240398 306874 0.02 140
25 0.24338445303552766 319059 0.02 140
26 0.23898948326993916 331236 0.02 140
27 0.23495450208851545 343413 0.02 140
28 0.23123549097726398 355581 0.02 140
29 0.22779557829894004 367745 0.02 140
30 0.22460381608126884 379907 0.02 140
31 0.2216340312634481 392062 0.02 140
32 0.2188637409337219 404214 0.02 140
33 0.21627319262407657 416359 0.02 140
34 0.2138446052828464 428500 0.02 140
35 0.21156164994625887 440635 0.02 140
36 0.20940915618447375 452771 0.02 140
37 0.20737299557246125 464901 0.02 140
38 0.20544008510678882 477024 0.02 140
39 0.20359845898730364 489141 0.02 140
40 0.20183736552324344 501255 0.02 140
41 0.20014735616745177 513365 0.02 140
42 0.19852034562817725 525473 0.02 140
43 0.19694963097922874 537574 0.02 140
44 0.19542986147472838 549669 0.02 140
45 0.193956955395533 561761 0.02 140
46 0.19252797149210865 573849 0.02 140
47 0.19114095263591932 585933 0.02 140
48 0.1897947564677384 598012 0.02 140
49 0.18848887841631043 610089 0.02 140
50 0.18722327018600024 622159 0.02 140
51 0.18599816118974158 634223 0.02 140
52 0.18481389357457859 646289 0.02 140
53 0.18367078080226854 658348 0.02 140
54 0.18256899670080606 670405 0.02 140
55 0.1815084980771419 682455 0.02 140
56 0.18048898029385477 694502 0.02 140
57 0.1795098622958403 706545 0.02 140
58 0.17857029579581254 718585 0.02 140
59 0.1776691926778186 730622 0.02 140
60 0.17680526484186485 742661 0.02 140
61 0.17597707129958498 754690 0.02 140
62 0.1751830680602738 766715 0.02 140
63 0.1744216570984329 778736 0.02 140
64 0.173691231454613 790756 0.02 140
65 0.17299021430379707 802771 0.02 140
66 0.1723170906195309 814785 0.02 140
67 0.17167043082490344 826792 0.02 140
68 0.17104890649530413 838797 0.02 140
69 0.17045129871148557 850801 0.02 140
70 0.16987650002610402 862799 0.02 140
71 0.16932351120098382 874796 0.02 140
72 0.16879143391789972 886787 0.02 140
73 0.16827946059952748 898776 0.02 140
74 0.16778686234159323 910767 0.02 140
75 0.167312975790451 922752 0.02 140
76 0.16685718963218735 934735 0.02 140
77 0.16641893120818857 946712 0.02 140
78 0.16599765364665434 958686 0.02 140
79 0.16559282380079485 970656 0.02 140
80 0.1652039112093373 982624 0.02 140
81 0.16483037823873392 994592 0.02 140
82 0.16447167152427886 1006555 0.02 140
83 0.16412721479508416 1018515 0.02 140
84 0.1637964031422997 1030473 0.02 140
85 0.16347859876838478 1042428 0.02 140
86 0.1631731282356623 1054384 0.02 140
87 0.16287928121315925 1066333 0.02 140
88 0.1625963107007982 1078284 0.02 140
89 0.16232343468862245 1090226 0.02 140
90 0.16205983918578157 1102167 0.02 140
91 0.16180468252939784 1114110 0.02 140
92 0.16155710085771832 1126049 0.02 140
93 0.161316214605434 1137984 0.02 140
94 0.16108113585267472 1149917 0.02 140
95 0.1608509763337309 1161849 0.02 140
96 0.16062485588853717 1173774 0.02 140
97 0.16040191112089913 1185698 0.02 140
98 0.1601813040147138 1197620 0.02 140
99 0.1599622302550224 1209538 0.02 140
