0 0.9586059722108152 14126 0.04 160
1 0.8979703748642905 28243 0.04 160
2 0.6508220066483864 42359 0.04 160
3 0.5014603193741206 56458 0.04 160
4 0.41494261681559863 70530 0.04 160
5 0.3601421358181438 84581 0.04 160
6 0.3208799903499973 98604 0.04 160
7 0.2918418278622389 112617 0.04 160
8 0.2709621905265368 126619 0.04 160
9 0.2560704845687633 140605 0.04 160
10 0.24522062150987328 154575 0.04 160
11 0.23694736989949414 168544 0.04 160
12 0.23026828958994341 182492 0.04 160
13 0.22458001239007927 196429 0.04 160
14 0.21953423214805612 210361 0.04 160
15 0.2149347803022115 224276 0.04 160
16 0.2106692195236513 238181 0.04 160
17 0.2066708696001309 252080 0.04 160
18 0.20290070980777658 265965 0.04 160
19 0.19933861114130935 279840 0.04 160
20 0.1959767721214596 293709 0.04 160
21 0.19281293740700958 307564 0.04 160
22 0.18984430227746174 321415 0.04 160
23 0.18706357344303629 335250 0.04 160
24 0.18445760369634104 349083 0.04 160
25 0.1820081304848074 362911 0.04 160
26 0.17969389335385474 376726 0.04 160
27 0.17749331106318753 390526 0.04 160
28 0.17538684247254877 404323 0.04 160
29 0.173358401837929 418106 0.04 160
30 0.1713957092283636 431885 0.04 160
31 0.169489873503522 445652 0.04 160
32 0.16763462787807165 459409 0.04 160
33 0.1658255463367264 473159 0.04 160
34 0.16405941871709384 486907 0.04 160
35 0.16233384005397297 500641 0.04 160
36 0.1606469938494377 514367 0.04 160
37 0.15899757143263804 528090 0.04 160
38 0.15738476047104108 541801 0.04 160
39 0.1558082461180572 555510 0.04 160
40 0.15426818870393103 569211 0.04 160
41 0.15276516312965885 582903 0.04 160
42 0.15130006120053976 596585 0.04 160
43 0.14987396739297593 610269 0.04 160
44 0.14848802238084494 623935 0.04 160
45 0.14714328920795278 637599 0.04 160
46 0.14584063569660982 651272 0.04 160
47 0.14458064401514897 664923 0.04 160
48 0.14336355441384638 678563 0.04 160
49 0.14218924532710817 692206 0.04 160
50 0.1410572470878422 705833 0.04 160
51 0.13996678237049617 719459 0.04 160
52 0.13891682397499952 733078 0.04 160
53 0.13790616003537892 746685 0.04 160
54 0.13693345798705267 760287 0.04 160
55 0.1359973210266348 773887 0.04 160
56 0.13509633355286435 787474 0.04 160
57 0.1342290945201094 801056 0.04 160
58 0.13339423940419237 814641 0.04 160
59 0.13259045251248322 828211 0.04 160
60 0.1318164717922112 841781 0.04 160
61 0.13107108829831865 855348 0.04 160
62 0.1303531422638839 868908 0.04 160
63 0.12966151741167578 882456 0.04 160
64 0.1289951348285399 896009 0.04 160
65 0.12835294741406716 909553 0.04 160
66 0.12773393560429525 923090 0.04 160
67 0.12713710475582365 936623 0.04 160
68 0.12656148427115602 950151 0.04 160
69 0.12600612828702032 963669 0.04 160
70 0.1254701175757896 977188 0.04 160
71 0.12495256225698032 990697 0.04 160
72 0.12445260498524419 1004201 0.04 160
73 0.12396942443856246 1017699 0.04 160
74 0.12350223910342771 1031198 0.04 160
75 0.12305031145606866 1044688 0.04 160
76 0.12261295261220241 1058175 0.04 160
77 0.12218952737088955 1071660 0.04 160
78 0.12177945938174904 1085138 0.04 160
79 0.121382236000364 1098614 0.04 160
80 0.12099741230686066 1112082 0.04 160
81 0.1206246137520712 1125552 0.04 160
82 0.12026353696271971 1139033 0.04 160
83 0.11991394838543312 1152494 0.04 160
84 0.11957568066665417 1165949 0.04 160
85 0.11924862690291455 1179403 0.04 160
86 0.11893273308564414 1192850 0.04 160
87 0.11862798917651174 1206294 0.04 160
88 0.11833441933652149 1219737 0.04 160
89 0.11805207200370062 1233173 0.04 160
90 0.11778101082026803 1246605 0.04 160
91 0.117521307731579 1260034 0.04 160
92 0.11727303963546233 1273458 0.04 160
93 0.11703628944180242 1286884 0.04 160
94 0.11681115114944737 1300314 0.04 160
95 0.11659773677068465 1313735 0.04 160
96 0.11639618136477786 1327145 0.04 160
97 0.11620664205322576 1340558 0.04 160
98 0.11602928817861263 1353962 0.04 160
99 0.1158642823692938 1367370 0.04 160
