0 0.9543801735305396 3534 0.04 40
1 0.9310694784454978 7066 0.04 40
2 0.8709451623149136 10588 0.04 40
3 0.7108493270566144 14098 0.04 40
4 0.5666425580635622 17590 0.04 40
5 0.47370026906324975 21062 0.04 40
6 0.4034291881944656 24515 0.04 40
7 0.3645215954002633 27949 0.04 40
8 0.34042926588124417 31369 0.04 40
9 0.323593232038912 34775 0.04 40
10 0.31054360567776923 38170 0.04 40
11 0.2994271331131571 41555 0.04 40
12 0.2895814636420824 44931 0.04 40
13 0.28087999317374845 48299 0.04 40
14 0.27324589059527854 51661 0.04 40
15 0.2665229617311233 55015 0.04 40
16 0.2605177060266514 58367 0.04 40
17 0.25505650468397256 61709 0.04 40
18 0.25001108504844416 65048 0.04 40
19 0.24529899234976654 68381 0.04 40
20 0.240872407270045 71712 0.04 40
21 0.2367040827634337 75037 0.04 40
22 0.23277672810379182 78359 0.04 40
23 0.22907726473483636 81677 0.04 40
24 0.22559405513518058 84991 0.04 40
25 0.22231580758996006 88302 0.04 40
26 0.2192316828126002 91610 0.04 40
27 0.21633199009057458 94916 0.04 40
28 0.21360877573395093 98218 0.04 40
29 0.21105582558296795 101518 0.04 40
30 0.20866803276158422 104813 0.04 40
31 0.20644049182014132 108106 0.04 40
32 0.20436773878000322 111395 0.04 40
33 0.20244330419723902 114682 0.04 40
34 0.20065952829618253 117966 0.04 40
35 0.19900756334061195 121246 0.04 40
36 0.1974775433637611 124530 0.04 40
37 0.19605891369769313 127806 0.04 40
38 0.1947408808528767 131079 0.04 40
39 0.19351290985803277 134348 0.04 40
40 0.19236518397351016 137618 0.04 40
41 0.19128895647218477 140882 0.04 40
42 0.19027676108646946 144149 0.04 40
43 0.18932248842168276 147407 0.04 40
44 0.1884213623089832 150663 0.04 40
45 0.18756985589332859 153916 0.04 40
46 0.18676556428114027 157167 0.04 40
47 0.18600700566553016 160415 0.04 40
48 0.18529330572034697 163660 0.04 40
49 0.18462376633937533 166901 0.04 40
50 0.18399739169858126 170140 0.04 40
51 0.18341248527829038 173376 0.04 40
52 0.1828664267828961 176609 0.04 40
53 0.18235569893134576 179843 0.04 40
54 0.18187616475324203 183072 0.04 40
55 0.18142350833835644 186296 0.04 40
56 0.1809936913468296 189528 0.04 40
57 0.1805832886949733 192749 0.04 40
58 0.18018963921804632 195968 0.04 40
59 0.17981082872072027 199181 0.04 40
60 0.17944557805893036 202397 0.04 40
61 0.1790931354892546 205605 0.04 40
62 0.17875325680958787 208809 0.04 40
63 0.1784262651800002 212016 0.04 40
64 0.1781130506662733 215215 0.04 40
65 0.17781482606256316 218412 0.04 40
66 0.17753258171816785 221605 0.04 40
67 0.17726639713916062 224796 0.04 40
68 0.1770148930124814 227984 0.04 40
69 0.17677505350863995 231172 0.04 40
70 0.17654249583491366 234354 0.04 40
71 0.17631211267290609 237535 0.04 40
72 0.17607887877619036 240712 0.04 40
73 0.17583853872231425 243888 0.04 40
74 0.17558796257336326 247063 0.04 40
75 0.1753251456922597 250234 0.04 40
76 0.1750490005344184 253401 0.04 40
77 0.17475913292849915 256566 0.04 40
78 0.1744557161140426 259728 0.04 40
79 0.17413945902914027 262887 0.04 40
80 0.1738115959352421 266050 0.04 40
81 0.1734738275915887 269205 0.04 40
82 0.17312819181529318 272357 0.04 40
83 0.17277688995904772 275508 0.04 40
84 0.17242211699487878 278657 0.04 40
85 0.17206593324027397 281803 0.04 40
86 0.1717101904917004 284946 0.04 40
87 0.17135650290691484 288089 0.04 40
88 0.1710062433874748 291228 0.04 40
89 0.17066054882276463 294365 0.04 40
90 0.17032032608994876 297500 0.04 40
91 0.16998625897694933 300633 0.04 40
92 0.1696588207946916 303768 0.04 40
93 0.16933829767740036 306897 0.04 40
94 0.16902482450833617 310025 0.04 40
95 0.1687184310254725 313150 0.04 40
96 0.16841909210788317 316273 0.04 40
97 0.16812677507483376 319401 0.04 40
98 0.16784147826389745 322521 0.04 40
99 0.1675632579199463 325639 0.04 40
