0 0.8568808038352972 1773 0.09 20
1 0.6465629254683473 3509 0.09 20
2 0.5235867183098444 5197 0.09 20
3 0.47495730703874367 6848 0.09 20
4 0.4405345650690802 8466 0.09 20
5 0.4069842736403507 10059 0.09 20
6 0.37186098972013026 11628 0.09 20
7 0.3427955254304384 13182 0.09 20
8 0.31984928759312653 14723 0.09 20
9 0.3008361974328018 16254 0.09 20
10 0.2842614413625558 17779 0.09 20
11 0.2701793238923389 19299 0.09 20
12 0.2591883195986736 20816 0.09 20
13 0.25083063666131405 22330 0.09 20
14 0.24404067179765462 23843 0.09 20
15 0.2379928833206276 25353 0.09 20
16 0.23248571543754404 26862 0.09 20
17 0.2276163772421766 28369 0.09 20
18 0.2232340336229883 29874 0.09 20
19 0.2190981706809564 31378 0.09 20
20 0.2150893298470849 32878 0.09 20
21 0.2111991411332909 34376 0.09 20
22 0.20749124847202285 35871 0.09 20
23 0.20405526400373133 37365 0.09 20
24 0.20092779107155692 38857 0.09 20
25 0.1980576344582442 40346 0.09 20
26 0.1953753367986738 41835 0.09 20
27 0.19286681297832406 43322 0.09 20
28 0.19055830783704092 44808 0.09 20
29 0.18843179780321603 46300 0.09 20
30 0.1863980047874149 47784 0.09 20
31 0.1844112771889165 49266 0.09 20
32 0.18252588726487837 50748 0.09 20
33 0.18076283156237166 52229 0.09 20
34 0.17906293313766952 53709 0.09 20
35 0.177395448909305 55188 0.09 20
36 0.1758091061844452 56667 0.09 20
37 0.17432887555921642 58145 0.09 20
38 0.1729317220262895 59622 0.09 20
39 0.1716213771131926 61099 0.09 20
40 0.1704331523013328 62575 0.09 20
41 0.16937109536205658 64051 0.09 20
42 0.16842389605367108 65528 0.09 20
43 0.16757803308557276 67003 0.09 20
44 0.16681979106967437 68479 0.09 20
45 0.16615636075670331 69956 0.09 20
46 0.16557545842714794 71437 0.09 20
47 0.16504909365164766 72913 0.09 20
48 0.16457872148752747 74388 0.09 20
49 0.16420514345105525 75864 0.09 20
50 0.16397293642919458 77339 0.09 20
51 0.16389138135994866 78814 0.09 20
52 0.16393125629301034 80290 0.09 20
53 0.1640338997189843 81765 0.09 20
54 0.1641182373282288 83240 0.09 20
55 0.16410985892661073 84715 0.09 20
56 0.16396461266504606 86190 0.09 20
57 0.16368098188134958 87664 0.09 20
58 0.16330067763857414 89138 0.09 20
59 0.16288966156894538 90612 0.09 20
60 0.16251780087874462 92086 0.09 20
61 0.1622333106473401 93559 0.09 20
62 0.162041402963764 95032 0.09 20
63 0.16191525058704204 96507 0.09 20
64 0.16182443830853346 97980 0.09 20
65 0.16178430690772574 99452 0.09 20
66 0.16182167249893994 100924 0.09 20
67 0.16193188305363698 102396 0.09 20
68 0.162099540266745 103868 0.09 20
69 0.16232890424579408 105340 0.09 20
70 0.16263732410238996 106812 0.09 20
71 0.16302645486055692 108283 0.09 20
72 0.16346395625255114 109754 0.09 20
73 0.1639082522027137 111225 0.09 20
74 0.164340876479315 112696 0.09 20
75 0.16476322676623514 114167 0.09 20
76 0.16517365644557902 115637 0.09 20
77 0.16555881326356567 117109 0.09 20
78 0.1659214668639858 118579 0.09 20
79 0.16629656870040152 120050 0.09 20
80 0.16671324806656637 121520 0.09 20
81 0.16716566017803933 122990 0.09 20
82 0.16762324748588053 124460 0.09 20
83 0.16805898695165536 125931 0.09 20
84 0.16847641872508837 127401 0.09 20
85 0.16885949327420316 128872 0.09 20
86 0.16915541869090112 130344 0.09 20
87 0.16934395022163531 131821 0.09 20
88 0.16946599295275708 133292 0.09 20
89 0.1695696717934136 134764 0.09 20
90 0.16959203335198333 136235 0.09 20
91 0.16940367221103658 137708 0.09 20
92 0.16903861860051625 139180 0.09 20
93 0.16868630908880913 140652 0.09 20
94 0.16840073460729382 142125 0.09 20
95 0.16809699367045913 143598 0.09 20
96 0.16775637226285306 145072 0.09 20
97 0.16743741596918066 146547 0.09 20
98 0.16710955250714823 148022 0.09 20
99 0.1667785079845181 149498 0.09 20
