0 0.956862963147531 23117 0.02 260
1 0.9438305307411022 46205 0.02 260
2 0.8954611633045924 69294 0.02 260
3 0.7862031747166763 92299 0.02 260
4 0.6817279740863685 115218 0.02 260
5 0.6056735945171557 138131 0.02 260
6 0.5507185924445535 161035 0.02 260
7 0.502984639678913 183936 0.02 260
8 0.4604169133969514 206823 0.02 260
9 0.42456230843162307 229706 0.02 260
10 0.39489942350329577 252579 0.02 260
11 0.3698991588559068 275447 0.02 260
12 0.34842324470339786 298305 0.02 260
13 0.329849023820933 321155 0.02 260
14 0.31382397888645286 343997 0.02 260
15 0.30006942144705767 366831 0.02 260
16 0.2882869433137794 389659 0.02 260
17 0.278153188399743 412480 0.02 260
18 0.26936132859795975 435297 0.02 260
19 0.26165404248223206 458108 0.02 260
20 0.2548296670047899 480911 0.02 260
21 0.24873331532942772 503707 0.02 260
22 0.2432457699468491 526514 0.02 260
23 0.2382748164175634 549297 0.02 260
24 0.2337489095018683 572074 0.02 260
25 0.2296122059659804 594845 0.02 260
26 0.2258204779910766 617612 0.02 260
27 0.22233780168272396 640376 0.02 260
28 0.21913400379525474 663135 0.02 260
29 0.21618282309418843 685889 0.02 260
30 0.21346070246997753 708639 0.02 260
31 0.210946091250298 731385 0.02 260
32 0.20861911246516177 754121 0.02 260
33 0.20646144955972118 776853 0.02 260
34 0.2044563323596574 799582 0.02 260
35 0.2025885410703918 822307 0.02 260
36 0.20084438547559466 845030 0.02 260
37 0.1992116457497166 867747 0.02 260
38 0.1976794793202275 890461 0.02 260
39 0.19623830654279617 913169 0.02 260
40 0.19487968924648919 935873 0.02 260
41 0.1935962131338322 958569 0.02 260
42 0.19238137997963667 981263 0.02 260
43 0.19122951058027846 1003953 0.02 260
44 0.19013565591152098 1026638 0.02 260
45 0.18909551265456018 1049324 0.02 260
46 0.18810534004982704 1072008 0.02 260
47 0.18716187721236696 1094685 0.02 260
48 0.18626226255821363 1117367 0.02 260
49 0.18540395885632183 1140034 0.02 260
50 0.18458468794920813 1162707 0.02 260
51 0.18380237811592554 1185371 0.02 260
52 0.18305512454682574 1208026 0.02 260
53 0.18234116001354364 1230682 0.02 260
54 0.1816588294808567 1253331 0.02 260
55 0.181006560398169 1275975 0.02 260
56 0.1803828211321172 1298616 0.02 260
57 0.1797860643930958 1321251 0.02 260
58 0.17921466012584436 1343882 0.02 260
59 0.17866683070589529 1366520 0.02 260
60 0.17814060640699547 1389144 0.02 260
61 0.17763381749312007 1411777 0.02 260
62 0.17714413052373976 1434396 0.02 260
63 0.17666912410284977 1457014 0.02 260
64 0.1762063889286353 1479624 0.02 260
65 0.175753632711301 1502233 0.02 260
66 0.17530877276859289 1524832 0.02 260
67 0.17487000530568583 1547427 0.02 260
68 0.17443584724289365 1570020 0.02 260
69 0.1740051518032139 1592609 0.02 260
70 0.17357710226280282 1615199 0.02 260
71 0.17315118957776887 1637783 0.02 260
72 0.17272717955597724 1660366 0.02 260
73 0.1723050743085669 1682939 0.02 260
74 0.17188507130146732 1705512 0.02 260
75 0.1714675218578735 1728087 0.02 260
76 0.17105288985724362 1750646 0.02 260
77 0.17064171091407226 1773203 0.02 260
78 0.1702345525098171 1795758 0.02 260
79 0.16983197612575143 1818310 0.02 260
80 0.16943450297958795 1840859 0.02 260
81 0.16904258516771703 1863405 0.02 260
82 0.16865658372715572 1885946 0.02 260
83 0.1682767544471151 1908479 0.02 260
84 0.16790324140274415 1931008 0.02 260
85 0.1675360773924752 1953541 0.02 260
86 0.16717518990510746 1976062 0.02 260
87 0.16682041099284983 1998594 0.02 260
88 0.16647148946350038 2021108 0.02 260
89 0.1661281040536659 2043630 0.02 260
90 0.16578987660658062 2066139 0.02 260
91 0.16545638465704893 2088649 0.02 260
92 0.16512717314870645 2111145 0.02 260
93 0.16480176523395182 2133636 0.02 260
94 0.16447967222559215 2156125 0.02 260
95 0.16416040279732316 2178611 0.02 260
96 0.16384347149690281 2201096 0.02 260
97 0.16352840657334072 2223577 0.02 260
98 0.16321475705548452 2246056 0.02 260
99 0.16290209897403835 2268526 0.02 260
