0 0.9522690840511074 7078 0.01 80
1 0.9512086334525863 14131 0.01 80
2 0.9497289532580397 21184 0.01 80
3 0.9474451232521159 28237 0.01 80
4 0.9435848687901505 35292 0.01 80
5 0.936749073404359 42347 0.01 80
6 0.9258275542572175 49401 0.01 80
7 0.9109000074479743 56451 0.01 80
8 0.88829178873018 63498 0.01 80
9 0.8531021482119082 70540 0.01 80
10 0.8069064961522778 77579 0.01 80
11 0.7587026733624006 84613 0.01 80
12 0.7155501216170164 91644 0.01 80
13 0.6772193432912194 98669 0.01 80
14 0.6411098425885982 105689 0.01 80
15 0.6062837258607404 112708 0.01 80
16 0.5738022103524759 119721 0.01 80
17 0.545441192121341 126731 0.01 80
18 0.5220286171056219 133731 0.01 80
19 0.5030784894391461 140725 0.01 80
20 0.48746038325007124 147713 0.01 80
21 0.47402849829699034 154696 0.01 80
22 0.46194807856242637 161675 0.01 80
23 0.4507290115916287 168646 0.01 80
24 0.4401189920715244 175611 0.01 80
25 0.4299892467511996 182570 0.01 80
26 0.4202600736768528 189525 0.01 80
27 0.4108663869299931 196474 0.01 80
28 0.4017474358222756 203419 0.01 80
29 0.3928471182625074 210363 0.01 80
30 0.384119019470375 217299 0.01 80
31 0.3755332183928667 224229 0.01 80
32 0.367081819509981 231157 0.01 80
33 0.35878132643084404 238082 0.01 80
34 0.35067117970702066 245001 0.01 80
35 0.34280789848215387 251914 0.01 80
36 0.33525525895660463 258823 0.01 80
37 0.32807300139208206 265727 0.01 80
38 0.3213075706514247 272628 0.01 80
39 0.3149873054745329 279525 0.01 80
40 0.30912227243385526 286417 0.01 80
41 0.30370722491145824 293306 0.01 80
42 0.2987257515315909 300192 0.01 80
43 0.29415422135614677 307075 0.01 80
44 0.289964902627381 313953 0.01 80
45 0.28612818215628677 320829 0.01 80
46 0.28261406424080027 327704 0.01 80
47 0.2793931705516172 334574 0.01 80
48 0.27643740805015005 341441 0.01 80
49 0.2737204023286686 348306 0.01 80
50 0.27121774848738905 355171 0.01 80
51 0.26890711591734134 362033 0.01 80
52 0.26676824430313006 368889 0.01 80
53 0.26478287077713253 375743 0.01 80
54 0.26293462377513616 382594 0.01 80
55 0.26120890712675715 389444 0.01 80
56 0.2595927833726055 396289 0.01 80
57 0.25807485467586216 403133 0.01 80
58 0.25664513638247477 409975 0.01 80
59 0.2552949210816127 416813 0.01 80
60 0.25401663603197355 423649 0.01 80
61 0.25280370048787093 430484 0.01 80
62 0.25165039026531855 437316 0.01 80
63 0.25055171527438436 444148 0.01 80
64 0.24950331308360432 450975 0.01 80
65 0.24850135914147678 457800 0.01 80
66 0.24754249266480818 464623 0.01 80
67 0.24662375637415695 471448 0.01 80
68 0.2457425478859155 478269 0.01 80
69 0.244896580388918 485090 0.01 80
70 0.2440838501489673 491905 0.01 80
71 0.24330260841778792 498718 0.01 80
72 0.24255133551056926 505527 0.01 80
73 0.2418287151715169 512336 0.01 80
74 0.24113360785662327 519142 0.01 80
75 0.24046502218786586 525946 0.01 80
76 0.2398220845052418 532747 0.01 80
77 0.23920400707508976 539547 0.01 80
78 0.2386100560206581 546346 0.01 80
79 0.2380395203647821 553142 0.01 80
80 0.23749168369122237 559938 0.01 80
81 0.23696579984920502 566731 0.01 80
82 0.23646107387538845 573523 0.01 80
83 0.23597664893186335 580312 0.01 80
84 0.2355115996080092 587102 0.01 80
85 0.23506493146323054 593890 0.01 80
86 0.23463558625276512 600676 0.01 80
87 0.2342224519300729 607459 0.01 80
88 0.23382437629132605 614239 0.01 80
89 0.23344018303271233 621019 0.01 80
90 0.2330686890180292 627797 0.01 80
91 0.23270872167302697 634573 0.01 80
92 0.23235913559741195 641347 0.01 80
93 0.2320188276812928 648120 0.01 80
94 0.23168675020569482 654892 0.01 80
95 0.23136192158341357 661662 0.01 80
96 0.23104343455209275 668476 0.01 80
97 0.2307304617663329 675292 0.01 80
98 0.2304222588508921 682108 0.01 80
99 0.23011816507333246 688923 0.01 80
