0 0.7652251511525715 26669 0.08 300
1 0.3817558154437331 53235 0.08 300
2 0.2921100180452034 79710 0.08 300
3 0.2577962919259832 106115 0.08 300
4 0.23142978042885606 132362 0.08 300
5 0.21095703507271235 158487 0.08 300
6 0.19618986008140252 184549 0.08 300
7 0.1853739394440452 210555 0.08 300
8 0.17726703076283573 236504 0.08 300
9 0.1709246861041648 262404 0.08 300
10 0.1657702316339003 288257 0.08 300
11 0.16149627257962446 314071 0.08 300
12 0.15790592406961357 339830 0.08 300
13 0.15484426208753613 365559 0.08 300
14 0.15219133153256167 391232 0.08 300
15 0.14986313349050165 416869 0.08 300
16 0.14780921921979526 442468 0.08 300
17 0.14600269085676396 468019 0.08 300
18 0.144425125918986 493534 0.08 300
19 0.14305654724551514 519015 0.08 300
20 0.14187362854676866 544458 0.08 300
21 0.1408522965723334 569860 0.08 300
22 0.1399708763929586 595234 0.08 300
23 0.13921195934235048 620558 0.08 300
24 0.13856231605215988 645851 0.08 300
25 0.13801128686750785 671108 0.08 300
26 0.13754895594860525 696335 0.08 300
27 0.13716524769911329 721533 0.08 300
28 0.13685002874948546 746690 0.08 300
29 0.1365935983138667 771819 0.08 300
30 0.13638707824020227 796908 0.08 300
31 0.136222571414133 821971 0.08 300
32 0.13609314407973966 846993 0.08 300
33 0.13599272308999483 871984 0.08 300
34 0.13591597932562 896941 0.08 300
35 0.13585823869580815 921866 0.08 300
36 0.13581543502935453 946774 0.08 300
37 0.13578409872729433 971636 0.08 300
38 0.13576136208878825 996483 0.08 300
39 0.1357449560495834 1021288 0.08 300
40 0.13573317364452606 1046060 0.08 300
41 0.13572478348072292 1070805 0.08 300
42 0.13571889116073615 1095525 0.08 300
43 0.1357147641338994 1120210 0.08 300
44 0.1357116496210512 1144870 0.08 300
45 0.13570862024394473 1169501 0.08 300
46 0.13570447579499237 1194103 0.08 300
47 0.1356977152105859 1218679 0.08 300
48 0.13568657628455208 1243229 0.08 300
49 0.13566912756248906 1267758 0.08 300
50 0.13564339003994952 1292256 0.08 300
51 0.13560746572291849 1316740 0.08 300
52 0.13555965406222387 1341185 0.08 300
53 0.13549854351712076 1365609 0.08 300
54 0.13542307206227605 1390004 0.08 300
55 0.13533255593049992 1414377 0.08 300
56 0.13522668954943765 1438727 0.08 300
57 0.13510552136228035 1463050 0.08 300
58 0.13496941037727095 1487364 0.08 300
59 0.1348189675665785 1511641 0.08 300
60 0.1346549855438358 1535899 0.08 300
61 0.13447836019522436 1560138 0.08 300
62 0.13429000957237086 1584349 0.08 300
63 0.13409079784247846 1608542 0.08 300
64 0.13388147383404383 1632720 0.08 300
65 0.1336626328990432 1656869 0.08 300
66 0.13343470678819527 1681001 0.08 300
67 0.13319798025784593 1705114 0.08 300
68 0.13295262762866497 1729203 0.08 300
69 0.1326987595377351 1753278 0.08 300
70 0.13243647022717214 1777333 0.08 300
71 0.13216587806168867 1801376 0.08 300
72 0.13188715518038363 1825394 0.08 300
73 0.13160054512431407 1849393 0.08 300
74 0.13130636937214113 1873383 0.08 300
75 0.13100502488583304 1897347 0.08 300
76 0.13069697520442847 1921293 0.08 300
77 0.13038273757776184 1945222 0.08 300
78 0.13006286831502534 1969138 0.08 300
79 0.12973794807783662 1993035 0.08 300
80 0.12940856836085862 2016923 0.08 300
81 0.12907531992862528 2040791 0.08 300
82 0.12873878355280974 2064649 0.08 300
83 0.12839952304874133 2088485 0.08 300
84 0.12805808036273428 2112305 0.08 300
85 0.12771497231887388 2136108 0.08 300
86 0.12737068858692374 2159901 0.08 300
87 0.1270256904617308 2183676 0.08 300
88 0.12668041012247105 2207436 0.08 300
89 0.1263352501409265 2231187 0.08 300
90 0.12599058311018327 2254932 0.08 300
91 0.12564675135408993 2278657 0.08 300
92 0.1253040667458555 2302366 0.08 300
93 0.12496281070888636 2326062 0.08 300
94 0.1246232344954492 2349743 0.08 300
95 0.1242855598416565 2373412 0.08 300
96 0.12394998008373405 2397066 0.08 300
97 0.12361666179339546 2420710 0.08 300
98 0.12328574695189647 2444341 0.08 300
99 0.12295735563541695 2467959 0.08 300
