0 0.8600012836400109 7060 0.08 80
1 0.4966960168441992 14072 0.08 80
2 0.3487953607009082 21009 0.08 80
3 0.2853650831634171 27894 0.08 80
4 0.25733237634590217 34739 0.08 80
5 0.24275425092969127 41560 0.08 80
6 0.23401435994305889 48361 0.08 80
7 0.2280962674802236 55134 0.08 80
8 0.22341597020274004 61886 0.08 80
9 0.21922516388365015 68625 0.08 80
10 0.21523839264927253 75342 0.08 80
11 0.21137104315469568 82040 0.08 80
12 0.207591636044503 88713 0.08 80
13 0.2038740162486569 95368 0.08 80
14 0.20020599288667026 102006 0.08 80
15 0.19659853766856566 108624 0.08 80
16 0.1930746302337054 115232 0.08 80
17 0.18965528406556217 121818 0.08 80
18 0.18635470325380118 128391 0.08 80
19 0.18318232825740452 134948 0.08 80
20 0.18014568967997713 141490 0.08 80
21 0.1772501853427206 148021 0.08 80
22 0.1744961060720204 154539 0.08 80
23 0.17187597742876132 161053 0.08 80
24 0.16937460050096662 167549 0.08 80
25 0.1669718682246889 174036 0.08 80
26 0.1646468790163931 180517 0.08 80
27 0.16238169402427202 186993 0.08 80
28 0.1601637502478639 193458 0.08 80
29 0.15798673391205237 199914 0.08 80
30 0.15585019331853603 206358 0.08 80
31 0.15375827798264077 212799 0.08 80
32 0.1517179503719852 219230 0.08 80
33 0.14973699969443963 225661 0.08 80
34 0.14782221009606078 232081 0.08 80
35 0.14597804616695592 238497 0.08 80
36 0.14420614967136086 244909 0.08 80
37 0.14250573788085133 251316 0.08 80
38 0.14087469167823427 257719 0.08 80
39 0.13931088657859866 264119 0.08 80
40 0.13781329026332884 270522 0.08 80
41 0.1363824841235579 276917 0.08 80
42 0.1350204631233341 283311 0.08 80
43 0.13372985362123854 289700 0.08 80
44 0.13251300727761847 296096 0.08 80
45 0.1313714294919696 302487 0.08 80
46 0.13030556170128704 308874 0.08 80
47 0.1293146142312427 315256 0.08 80
48 0.12839645798054192 321640 0.08 80
49 0.12754799059555766 328020 0.08 80
50 0.12676603210258763 334398 0.08 80
51 0.12604811907541255 340774 0.08 80
52 0.1253925279289572 347150 0.08 80
53 0.12479755035938048 353524 0.08 80
54 0.12426078804317461 359896 0.08 80
55 0.123779128583704 366268 0.08 80
56 0.12334911209383066 372638 0.08 80
57 0.12296698157888679 379015 0.08 80
58 0.12262843352246214 385383 0.08 80
59 0.12232866143106172 391752 0.08 80
60 0.12206289315881229 398117 0.08 80
61 0.12182701389891554 404489 0.08 80
62 0.12161783553969346 410856 0.08 80
63 0.12143295453802998 417219 0.08 80
64 0.12127040924231842 423579 0.08 80
65 0.12112834650213682 429937 0.08 80
66 0.1210047909771773 436293 0.08 80
67 0.1208975199209426 442646 0.08 80
68 0.12080401121166498 448998 0.08 80
69 0.12072143555257991 455349 0.08 80
70 0.12064669184146248 461698 0.08 80
71 0.12057651282219174 468045 0.08 80
72 0.12050765086417278 474390 0.08 80
73 0.12043709951769276 480737 0.08 80
74 0.12036228420246776 487080 0.08 80
75 0.12028118100761799 493428 0.08 80
76 0.12019235307206287 499773 0.08 80
77 0.1200949086259942 506119 0.08 80
78 0.11998839399373488 512456 0.08 80
79 0.11987264556115307 518791 0.08 80
80 0.11974763252678208 525124 0.08 80
81 0.11961332388322578 531456 0.08 80
82 0.11946960660824871 537788 0.08 80
83 0.11931626593802479 544116 0.08 80
84 0.11915301862806635 550444 0.08 80
85 0.11897957670507835 556778 0.08 80
86 0.1187957167587664 563105 0.08 80
87 0.11860133415541085 569434 0.08 80
88 0.11839646745759042 575756 0.08 80
89 0.11818128561382632 582078 0.08 80
90 0.11795604106958678 588404 0.08 80
91 0.11772100344348496 594729 0.08 80
92 0.11747639420932987 601052 0.08 80
93 0.11722233925684314 607370 0.08 80
94 0.1169588469322005 613688 0.08 80
95 0.11668581140850683 620004 0.08 80
96 0.11640303907521551 626321 0.08 80
97 0.11611029730186512 632643 0.08 80
98 0.11580738560146912 638958 0.08 80
99 0.1154942261877982 645275 0.08 80
