0 0.9480954847633601 3534 0.06 40
1 0.8464819448124881 7056 0.06 40
2 0.5785308624943187 10555 0.06 40
3 0.4319899730404725 14020 0.06 40
4 0.36157941452403614 17452 0.06 40
5 0.3291199638704284 20858 0.06 40
6 0.3080631671716715 24244 0.06 40
7 0.29121714134680415 27614 0.06 40
8 0.2774304177376769 30968 0.06 40
9 0.2660871912503293 34311 0.06 40
10 0.2565251458871623 37643 0.06 40
11 0.24832717694667908 40967 0.06 40
12 0.24129135179239106 44285 0.06 40
13 0.23528995337226047 47595 0.06 40
14 0.23020409670846195 50897 0.06 40
15 0.22591464707132547 54193 0.06 40
16 0.22230918981076175 57482 0.06 40
17 0.21929086959561553 60766 0.06 40
18 0.2167771204244455 64042 0.06 40
19 0.21468948315345193 67313 0.06 40
20 0.21294464354113107 70578 0.06 40
21 0.21145071520084838 73836 0.06 40
22 0.21010959901348322 77089 0.06 40
23 0.2088254083525838 80335 0.06 40
24 0.20751690412026805 83575 0.06 40
25 0.20612750745342007 86809 0.06 40
26 0.2046259119641386 90037 0.06 40
27 0.2029985232452826 93258 0.06 40
28 0.20124223317740939 96474 0.06 40
29 0.19936222840101026 99687 0.06 40
30 0.19737362207663223 102892 0.06 40
31 0.1953040021262793 106092 0.06 40
32 0.19319100724898647 109286 0.06 40
33 0.19107235888455304 112479 0.06 40
34 0.18897584506351 115664 0.06 40
35 0.18691690256931404 118848 0.06 40
36 0.18490238657946598 122025 0.06 40
37 0.182935589265113 125198 0.06 40
38 0.18101990949807206 128368 0.06 40
39 0.1791603826509934 131535 0.06 40
40 0.17736335216653698 134698 0.06 40
41 0.17563534902476807 137859 0.06 40
42 0.1739821142581389 141015 0.06 40
43 0.17240813145436815 144170 0.06 40
44 0.17091666806857977 147321 0.06 40
45 0.1695101306289598 150470 0.06 40
46 0.16819036377200985 153621 0.06 40
47 0.1669585765064411 156766 0.06 40
48 0.1658149146925535 159908 0.06 40
49 0.1647579870744589 163048 0.06 40
50 0.16378464734824388 166185 0.06 40
51 0.1628901063283094 169321 0.06 40
52 0.16206822600944712 172458 0.06 40
53 0.16131179560255146 175589 0.06 40
54 0.16061271403586197 178718 0.06 40
55 0.15996217087461062 181845 0.06 40
56 0.1593509691667744 184970 0.06 40
57 0.15877003258899988 188093 0.06 40
58 0.15821099517910833 191214 0.06 40
59 0.1576667112651624 194332 0.06 40
60 0.15713157085245447 197449 0.06 40
61 0.1566015993183343 200564 0.06 40
62 0.15607439120913347 203677 0.06 40
63 0.15554894707725328 206790 0.06 40
64 0.15502545959667755 209901 0.06 40
65 0.15450506141973833 213007 0.06 40
66 0.15398953057116113 216112 0.06 40
67 0.1534809580160417 219221 0.06 40
68 0.152981404976773 222320 0.06 40
69 0.15249259538673587 225418 0.06 40
70 0.15201568658766573 228514 0.06 40
71 0.1515511379820106 231608 0.06 40
72 0.15109866942251837 234699 0.06 40
73 0.15065728954305552 237789 0.06 40
74 0.15022538133195865 240876 0.06 40
75 0.14980084027569554 243972 0.06 40
76 0.14938125678236822 247055 0.06 40
77 0.14896412671657075 250136 0.06 40
78 0.1485470734344218 253216 0.06 40
79 0.14812806836057932 256293 0.06 40
80 0.14770563093850295 259374 0.06 40
81 0.14727896805401772 262448 0.06 40
82 0.14684799281852834 265520 0.06 40
83 0.1464131716853511 268591 0.06 40
84 0.14597521443873995 271662 0.06 40
85 0.14553472792275257 274729 0.06 40
86 0.14509200652261697 277795 0.06 40
87 0.14464704975518364 280860 0.06 40
88 0.14419974890588763 283923 0.06 40
89 0.14375010864572077 286984 0.06 40
90 0.14329840050859913 290045 0.06 40
91 0.14284521746308212 293104 0.06 40
92 0.1423914514297348 296162 0.06 40
93 0.14193823307551748 299225 0.06 40
94 0.14148686678236688 302281 0.06 40
95 0.14103877845882237 305335 0.06 40
96 0.1405954800772698 308388 0.06 40
97 0.14015854698476862 311446 0.06 40
98 0.13972960198132436 314497 0.06 40
99 0.1393103009963881 317548 0.06 40
