0 0.9518884103720021 8850 0.05 100
1 0.7854555740757669 17690 0.05 100
2 0.5412105158711925 26508 0.05 100
3 0.4114238392935299 35294 0.05 100
4 0.3473984979398209 44053 0.05 100
5 0.3089286243366509 52788 0.05 100
6 0.28244362391910266 61504 0.05 100
7 0.26297969654183984 70200 0.05 100
8 0.24808116183426238 78884 0.05 100
9 0.23650246192604987 87577 0.05 100
10 0.2274944303170532 96272 0.05 100
11 0.2204786724772433 104954 0.05 100
12 0.2149840208424219 113628 0.05 100
13 0.21064662584178792 122287 0.05 100
14 0.20719694171760525 130935 0.05 100
15 0.20443510725318118 139569 0.05 100
16 0.20220804268677436 148193 0.05 100
17 0.2003936838773619 156804 0.05 100
18 0.19889180072773502 165409 0.05 100
19 0.19761882454955854 173998 0.05 100
20 0.19650473791270653 182575 0.05 100
21 0.195490968350291 191141 0.05 100
22 0.19452861564519952 199703 0.05 100
23 0.19357695824147594 208245 0.05 100
24 0.19260240904780035 216780 0.05 100
25 0.1915778856587926 225299 0.05 100
26 0.19048255888039525 233807 0.05 100
27 0.18930200906940334 242304 0.05 100
28 0.18802862016654162 250790 0.05 100
29 0.1866618112851712 259270 0.05 100
30 0.1852077323544002 267742 0.05 100
31 0.18367827689087327 276197 0.05 100
32 0.18208952142759519 284642 0.05 100
33 0.1804598826254542 293078 0.05 100
34 0.17880832856605772 301504 0.05 100
35 0.17715288695096468 309926 0.05 100
36 0.17550954367977029 318373 0.05 100
37 0.1738915213496891 326771 0.05 100
38 0.17230889671269378 335161 0.05 100
39 0.1707685200526063 343542 0.05 100
40 0.1692741965546207 351916 0.05 100
41 0.16782707214544598 360287 0.05 100
42 0.1664261486556818 368646 0.05 100
43 0.16506884940134364 376999 0.05 100
44 0.16375156859839207 385343 0.05 100
45 0.1624701595 393681 0.05 100
46 0.1612203382121096 402016 0.05 100
47 0.15999799755143868 410344 0.05 100
48 0.15879943650577313 418664 0.05 100
49 0.15762151610707434 426977 0.05 100
50 0.1564617528027877 435285 0.05 100
51 0.15531835758556845 443588 0.05 100
52 0.15419022605088048 451889 0.05 100
53 0.1530768838056692 460182 0.05 100
54 0.15197839405181826 468470 0.05 100
55 0.15089523829138177 476754 0.05 100
56 0.14982818441143558 485034 0.05 100
57 0.14877815690842724 493309 0.05 100
58 0.1477461212733762 501585 0.05 100
59 0.14673298967746132 509853 0.05 100
60 0.14573954989870289 518119 0.05 100
61 0.144766415513586 526380 0.05 100
62 0.14381399350549706 534639 0.05 100
63 0.14288246547087627 542895 0.05 100
64 0.14197177982928547 551151 0.05 100
65 0.14108165407644752 559401 0.05 100
66 0.1402115876317675 567648 0.05 100
67 0.13936088704141486 575894 0.05 100
68 0.13852870620552463 584137 0.05 100
69 0.13771410479143936 592380 0.05 100
70 0.1369161275886709 600620 0.05 100
71 0.1361339053410095 608856 0.05 100
72 0.13536677250260307 617091 0.05 100
73 0.13461438895900038 625324 0.05 100
74 0.1338768424046497 633555 0.05 100
75 0.13315470014510083 641787 0.05 100
76 0.13244898055962487 650016 0.05 100
77 0.1317610310821306 658242 0.05 100
78 0.1310923294927889 666475 0.05 100
79 0.13044425568685453 674698 0.05 100
80 0.12981789398234186 682919 0.05 100
81 0.12921391204348454 691141 0.05 100
82 0.12863252970299555 699359 0.05 100
83 0.12807355909637483 707577 0.05 100
84 0.12753648248192756 715793 0.05 100
85 0.1270205379703542 724007 0.05 100
86 0.12652479730970376 732224 0.05 100
87 0.1260482335356066 740441 0.05 100
88 0.12558978362947473 748653 0.05 100
89 0.12514841084148554 756863 0.05 100
90 0.12472316527636455 765072 0.05 100
91 0.12431323434786944 773280 0.05 100
92 0.12391797086897094 781490 0.05 100
93 0.12353688754168737 789695 0.05 100
94 0.12316961213243241 797900 0.05 100
95 0.1228158061492239 806103 0.05 100
96 0.12247505908930542 814308 0.05 100
97 0.12214677771736676 822509 0.05 100
98 0.12183009361917559 830710 0.05 100
99 0.12152381313548559 838908 0.05 100
