0 0.9435206087745369 10598 0.06 120
1 0.6778468455098305 21173 0.06 120
2 0.48000287757929183 31702 0.06 120
3 0.3762692927115332 42190 0.06 120
4 0.317312777018344 52647 0.06 120
5 0.2800063670677199 63083 0.06 120
6 0.25410003226622013 73488 0.06 120
7 0.23556814270658366 83869 0.06 120
8 0.22222043243154319 94234 0.06 120
9 0.21246355510746281 104579 0.06 120
10 0.20522209310669237 114903 0.06 120
11 0.1997795082757983 125211 0.06 120
12 0.19562728733668472 135506 0.06 120
13 0.19239507955494795 145786 0.06 120
14 0.18981663773118215 156053 0.06 120
15 0.1877023203879493 166310 0.06 120
16 0.18591609549703197 176553 0.06 120
17 0.18435851856096006 186780 0.06 120
18 0.1829550150907379 196999 0.06 120
19 0.1816483568945599 207201 0.06 120
20 0.18039461413733998 217390 0.06 120
21 0.17916174304575003 227569 0.06 120
22 0.17792937464623598 237749 0.06 120
23 0.17668831477682126 247905 0.06 120
24 0.1754390344173886 258053 0.06 120
25 0.1741892898708456 268191 0.06 120
26 0.17295139192321587 278315 0.06 120
27 0.1717395932444398 288426 0.06 120
28 0.17056786634266377 298527 0.06 120
29 0.16944818811855547 308627 0.06 120
30 0.16838936843685204 318713 0.06 120
31 0.1673964167708909 328783 0.06 120
32 0.16647039678815043 338848 0.06 120
33 0.16560867456422246 348898 0.06 120
34 0.16480544143176484 358938 0.06 120
35 0.16405239844887184 368975 0.06 120
36 0.1633395171326474 378995 0.06 120
37 0.1626558187170011 389004 0.06 120
38 0.1619901257324983 399005 0.06 120
39 0.16133173695386235 409001 0.06 120
40 0.1606709734213935 418983 0.06 120
41 0.15999955161972215 428964 0.06 120
42 0.15931076370237 438934 0.06 120
43 0.1585994784941638 448893 0.06 120
44 0.15786200921056148 458839 0.06 120
45 0.15709591192187436 468778 0.06 120
46 0.15629977623718433 478715 0.06 120
47 0.15547304982032012 488641 0.06 120
48 0.15461591204213115 498561 0.06 120
49 0.15372919073006563 508474 0.06 120
50 0.152814305405053 518376 0.06 120
51 0.1518732196085942 528269 0.06 120
52 0.1509083893092898 538156 0.06 120
53 0.1499226996797838 548036 0.06 120
54 0.14891938667810428 557910 0.06 120
55 0.14790194227663456 567782 0.06 120
56 0.1468740028980659 577652 0.06 120
57 0.14583922139795996 587508 0.06 120
58 0.14480112734554626 597359 0.06 120
59 0.14376298911986485 607211 0.06 120
60 0.14272769913995473 617051 0.06 120
61 0.1416977038790077 626886 0.06 120
62 0.1406749917793497 636720 0.06 120
63 0.1396611386896722 646551 0.06 120
64 0.13865739735213062 656371 0.06 120
65 0.13766480854624283 666194 0.06 120
66 0.1366843083262639 676012 0.06 120
67 0.13571680867907954 685821 0.06 120
68 0.13476323744019172 695629 0.06 120
69 0.13382453552633405 705430 0.06 120
70 0.13290162169677516 715229 0.06 120
71 0.1319953428827616 725022 0.06 120
72 0.13110642912391407 734812 0.06 120
73 0.13023546685345194 744604 0.06 120
74 0.1293828958007497 754388 0.06 120
75 0.12854902700720938 764173 0.06 120
76 0.12773407482359628 773954 0.06 120
77 0.12693819428773775 783728 0.06 120
78 0.12616151557804253 793500 0.06 120
79 0.12540416824329276 803269 0.06 120
80 0.1246662895139337 813040 0.06 120
81 0.12394801352133576 822810 0.06 120
82 0.12324944184695595 832582 0.06 120
83 0.12257060026679865 842344 0.06 120
84 0.12191139116787084 852099 0.06 120
85 0.12127155469881405 861852 0.06 120
86 0.12065065264762834 871603 0.06 120
87 0.12004808574653644 881357 0.06 120
88 0.11946314707448102 891111 0.06 120
89 0.11889510304527333 900860 0.06 120
90 0.11834328296691987 910607 0.06 120
91 0.11780715298510358 920348 0.06 120
92 0.11728635329509826 930087 0.06 120
93 0.11678068804795701 939824 0.06 120
94 0.11629007121880953 949555 0.06 120
95 0.11581444368110763 959289 0.06 120
96 0.11535368325641174 969020 0.06 120
97 0.11490752958691879 978748 0.06 120
98 0.1144755403397167 988471 0.06 120
99 0.11405708659609147 998198 0.06 120
