0 0.9551988447167795 8849 0.04 100
1 0.9027732754119817 17686 0.04 100
2 0.6909441790539145 26512 0.04 100
3 0.5253582105553769 35318 0.04 100
4 0.42464983046318006 44103 0.04 100
5 0.36661152342876113 52870 0.04 100
6 0.32977637639461027 61618 0.04 100
7 0.3035285618324093 70350 0.04 100
8 0.28377047649159876 79064 0.04 100
9 0.26826242529331984 87766 0.04 100
10 0.25566926844219795 96458 0.04 100
11 0.24519749272260094 105141 0.04 100
12 0.23639065511633864 113814 0.04 100
13 0.22896428231866592 122479 0.04 100
14 0.222706315727719 131131 0.04 100
15 0.21743715172819947 139773 0.04 100
16 0.21299880083522021 148407 0.04 100
17 0.2092533409052503 157036 0.04 100
18 0.20608264299344797 165654 0.04 100
19 0.20338727050449304 174263 0.04 100
20 0.20108437226522158 182864 0.04 100
21 0.19910500074877957 191457 0.04 100
22 0.19739141020841314 200046 0.04 100
23 0.19589475399659176 208623 0.04 100
24 0.19457341508968054 217193 0.04 100
25 0.19339199902557916 225755 0.04 100
26 0.19232079800562393 234309 0.04 100
27 0.19133541717440564 242854 0.04 100
28 0.19041631233238676 251394 0.04 100
29 0.1895481308408565 259925 0.04 100
30 0.18871886784859543 268448 0.04 100
31 0.1879189288676246 276966 0.04 100
32 0.18714023924712261 285474 0.04 100
33 0.18637554645278848 293973 0.04 100
34 0.1856180049698167 302464 0.04 100
35 0.1848610407401791 310948 0.04 100
36 0.18409841480488784 319428 0.04 100
37 0.18332437912772634 327897 0.04 100
38 0.1825338392237445 336360 0.04 100
39 0.1817224819802374 344816 0.04 100
40 0.18088686512825772 353264 0.04 100
41 0.18002448238143484 361705 0.04 100
42 0.17913381597856487 370140 0.04 100
43 0.17821437644416097 378568 0.04 100
44 0.1772667190520875 386989 0.04 100
45 0.17629242386226615 395403 0.04 100
46 0.17529403087180967 403816 0.04 100
47 0.17427492949397327 412219 0.04 100
48 0.1732392080516627 420617 0.04 100
49 0.17219147250359443 429006 0.04 100
50 0.1711366448489852 437387 0.04 100
51 0.1700797520817405 445763 0.04 100
52 0.16902571711398845 454133 0.04 100
53 0.1679791636554356 462501 0.04 100
54 0.16694424691045923 470860 0.04 100
55 0.1659245204872223 479214 0.04 100
56 0.1649228468873649 487563 0.04 100
57 0.16394135464000367 495906 0.04 100
58 0.16298144025217084 504243 0.04 100
59 0.16204380862518375 512581 0.04 100
60 0.16112854238530006 520908 0.04 100
61 0.1602351893017404 529231 0.04 100
62 0.15936285763849936 537547 0.04 100
63 0.15851031137965446 545865 0.04 100
64 0.15767605996756442 554172 0.04 100
65 0.1568584397336753 562480 0.04 100
66 0.1560556860987569 570778 0.04 100
67 0.15526599673205177 579072 0.04 100
68 0.15448758630487977 587364 0.04 100
69 0.15371873348838888 595650 0.04 100
70 0.15295782066114275 603935 0.04 100
71 0.1522033665825586 612215 0.04 100
72 0.15145405215291768 620491 0.04 100
73 0.15070873935825438 628764 0.04 100
74 0.14996648358272374 637033 0.04 100
75 0.14922653962715962 645298 0.04 100
76 0.14848836195356782 653564 0.04 100
77 0.14775159983734043 661825 0.04 100
78 0.14701608822157106 670081 0.04 100
79 0.14628183511747347 678337 0.04 100
80 0.14554900638165547 686594 0.04 100
81 0.14481790863267174 694843 0.04 100
82 0.14408897095508189 703093 0.04 100
83 0.14336272588787505 711336 0.04 100
84 0.1426397900161426 719578 0.04 100
85 0.14192084430022703 727817 0.04 100
86 0.14120661411937138 736095 0.04 100
87 0.14049784892143477 744373 0.04 100
88 0.13979530139456328 752648 0.04 100
89 0.1390997062242999 760925 0.04 100
90 0.13841175875114217 769196 0.04 100
91 0.13773209415407325 777466 0.04 100
92 0.13706126809930771 785734 0.04 100
93 0.13639974005746625 794000 0.04 100
94 0.13574786066594166 802270 0.04 100
95 0.13510586457582152 810536 0.04 100
96 0.1344738701755782 818798 0.04 100
97 0.13385188743326867 827059 0.04 100
98 0.1332398348166668 835317 0.04 100
99 0.13263756573720478 843575 0.04 100
