0 0.9647556963275444 21213 0.04 240
1 0.8701873198883436 42388 0.04 240
2 0.6108176448619509 63551 0.04 240
3 0.44770308903928135 84687 0.04 240
4 0.36254053329180924 105799 0.04 240
5 0.3163188438897391 126871 0.04 240
6 0.28692270307675694 147916 0.04 240
7 0.26672317193700246 168940 0.04 240
8 0.25211134274202307 189944 0.04 240
9 0.24102841113060358 210938 0.04 240
10 0.23229061571449597 231909 0.04 240
11 0.22518150717413424 252866 0.04 240
12 0.2192349027785678 273809 0.04 240
13 0.21412257801754758 294747 0.04 240
14 0.2096056913182375 315672 0.04 240
15 0.2055189979965329 336576 0.04 240
16 0.20176033114497316 357468 0.04 240
17 0.19827262504150633 378348 0.04 240
18 0.19502158784582152 399222 0.04 240
19 0.19197864233079942 420077 0.04 240
20 0.18911441245363333 440919 0.04 240
21 0.18640012531245634 461749 0.04 240
22 0.1838110187226434 482567 0.04 240
23 0.18132799862874993 503382 0.04 240
24 0.17893712621556143 524179 0.04 240
25 0.17662815023294443 544974 0.04 240
26 0.17439323614618304 565752 0.04 240
27 0.17222633145569038 586529 0.04 240
28 0.17012303766845413 607289 0.04 240
29 0.16808067356022585 628036 0.04 240
30 0.16609828104435834 648767 0.04 240
31 0.16417646029497449 669497 0.04 240
32 0.16231703311573542 690220 0.04 240
33 0.16052259781823824 710925 0.04 240
34 0.15879605713318565 731620 0.04 240
35 0.15714018800515706 752308 0.04 240
36 0.15555729653979447 772987 0.04 240
37 0.15404897600926531 793665 0.04 240
38 0.15261596713501502 814326 0.04 240
39 0.15125810933971454 834980 0.04 240
40 0.14997436763245867 855624 0.04 240
41 0.14876291886700843 876269 0.04 240
42 0.1476212800068822 896906 0.04 240
43 0.14654645881821676 917529 0.04 240
44 0.14553510644013265 938145 0.04 240
45 0.14458365483632665 958754 0.04 240
46 0.1436884302739438 979363 0.04 240
47 0.1428457426050307 999971 0.04 240
48 0.14205195495575815 1020564 0.04 240
49 0.14130353876874804 1041148 0.04 240
50 0.1405971172481788 1061728 0.04 240
51 0.13992949843718186 1082299 0.04 240
52 0.1392976983160881 1102860 0.04 240
53 0.1386989543018494 1123417 0.04 240
54 0.13813072992644632 1143966 0.04 240
55 0.13759071194598604 1164509 0.04 240
56 0.1370768014934695 1185043 0.04 240
57 0.13658710104260396 1205571 0.04 240
58 0.1361198988747303 1226095 0.04 240
59 0.1356736524749762 1246620 0.04 240
60 0.13524697190801713 1267128 0.04 240
61 0.1348386038316457 1287628 0.04 240
62 0.134447416476803 1308123 0.04 240
63 0.13407238570354746 1328611 0.04 240
64 0.1337125821427665 1349095 0.04 240
65 0.13336715942709462 1369598 0.04 240
66 0.13303534355505553 1390084 0.04 240
67 0.13271642347369195 1410566 0.04 240
68 0.13240974297731836 1431037 0.04 240
69 0.1321146939958092 1451508 0.04 240
70 0.13183071129291957 1471970 0.04 240
71 0.13155726852852118 1492421 0.04 240
72 0.1312938755728758 1512868 0.04 240
73 0.1310400769076708 1533318 0.04 240
74 0.13079545091419856 1553752 0.04 240
75 0.1305596098354069 1574179 0.04 240
76 0.13033220020234626 1594600 0.04 240
77 0.13011290353071822 1615016 0.04 240
78 0.12990143711382338 1635424 0.04 240
79 0.1296975547612157 1655836 0.04 240
80 0.12950104735930165 1676235 0.04 240
81 0.12931174316505156 1696624 0.04 240
82 0.12912950779003174 1717009 0.04 240
83 0.12895424388690369 1737387 0.04 240
84 0.1287858906046659 1757762 0.04 240
85 0.12862442291690881 1778129 0.04 240
86 0.12846985093273092 1798486 0.04 240
87 0.12832221926133766 1818848 0.04 240
88 0.1281816064171618 1839197 0.04 240
89 0.12804812413280992 1859541 0.04 240
90 0.12792191631278527 1879879 0.04 240
91 0.12780315723885072 1900209 0.04 240
92 0.12769204855634625 1920543 0.04 240
93 0.12758881455473833 1940862 0.04 240
94 0.12749369532236693 1961180 0.04 240
95 0.1274069375113766 1981492 0.04 240
96 0.12732878268719575 2001779 0.04 240
97 0.12725945353601015 2022064 0.04 240
98 0.1271991385269225 2042339 0.04 240
99 0.12714797592537302 2062608 0.04 240
