0 0.9601921880402902 19441 0.03 220
1 0.9392595833979389 38933 0.03 220
2 0.8140938312222682 58488 0.03 220
3 0.6181859051777522 78045 0.03 220
4 0.48367318993912434 97585 0.03 220
5 0.4010871939749269 117105 0.03 220
6 0.3530188143533741 136608 0.03 220
7 0.3231393333855241 156095 0.03 220
8 0.30217940799022175 175567 0.03 220
9 0.2863124439291189 195029 0.03 220
10 0.2737763974835313 214477 0.03 220
11 0.2636373237853764 233912 0.03 220
12 0.2553459391423638 253327 0.03 220
13 0.2485243446862222 272730 0.03 220
14 0.24287548073115248 292119 0.03 220
15 0.23815829941356792 311495 0.03 220
16 0.23417575547737837 330859 0.03 220
17 0.2307620847776077 350214 0.03 220
18 0.2277762269319894 369557 0.03 220
19 0.22510203701200518 388890 0.03 220
20 0.222649880090586 408210 0.03 220
21 0.22035573132152825 427513 0.03 220
22 0.21817747669014137 446803 0.03 220
23 0.2160898055688555 466085 0.03 220
24 0.21407897845482343 485367 0.03 220
25 0.2121382222730535 504628 0.03 220
26 0.21026426387354266 523876 0.03 220
27 0.20845507987501855 543114 0.03 220
28 0.20670827291787286 562340 0.03 220
29 0.20501948312613916 581552 0.03 220
30 0.2033811349217548 600750 0.03 220
31 0.20178251781985992 619938 0.03 220
32 0.20021162680532878 639123 0.03 220
33 0.19865781665174764 658290 0.03 220
34 0.1971137130303115 677449 0.03 220
35 0.1955755924554594 696597 0.03 220
36 0.19404265309637092 715734 0.03 220
37 0.1925160951615563 734857 0.03 220
38 0.19099857309561744 753971 0.03 220
39 0.1894940198962117 773076 0.03 220
40 0.18800758071960694 792171 0.03 220
41 0.1865454364907627 811255 0.03 220
42 0.18511444392118362 830335 0.03 220
43 0.1837216295100538 849406 0.03 220
44 0.18237362332384788 868468 0.03 220
45 0.18107612206638588 887518 0.03 220
46 0.17983345187006727 906556 0.03 220
47 0.17864827325658694 925586 0.03 220
48 0.17752144206485868 944608 0.03 220
49 0.17645201625297105 963620 0.03 220
50 0.17543738270890674 982629 0.03 220
51 0.17447347152656748 1001631 0.03 220
52 0.17355502622251137 1020620 0.03 220
53 0.1726759041094051 1039606 0.03 220
54 0.1718293881517353 1058579 0.03 220
55 0.17100849742896965 1077546 0.03 220
56 0.17020628641934962 1096503 0.03 220
57 0.16941612370155065 1115471 0.03 220
58 0.16863193950330743 1134414 0.03 220
59 0.16784843052101242 1153355 0.03 220
60 0.16706121113230502 1172285 0.03 220
61 0.16626690325943458 1191212 0.03 220
62 0.16546316239231745 1210126 0.03 220
63 0.16464864348734112 1229034 0.03 220
64 0.16382291616225783 1247933 0.03 220
65 0.16298634261100675 1266826 0.03 220
66 0.16213993336920582 1285713 0.03 220
67 0.16128519552494452 1304598 0.03 220
68 0.16042398572292327 1323475 0.03 220
69 0.15955837710502005 1342350 0.03 220
70 0.15869054589828424 1361218 0.03 220
71 0.1578226802526449 1380078 0.03 220
72 0.1569569114561441 1398931 0.03 220
73 0.15609526591094505 1417776 0.03 220
74 0.1552396351864958 1436616 0.03 220
75 0.15439176094767582 1455451 0.03 220
76 0.15355323143359967 1474280 0.03 220
77 0.1527254862982587 1493110 0.03 220
78 0.15190982690996313 1511931 0.03 220
79 0.15110742957129106 1530747 0.03 220
80 0.1503193595234063 1549559 0.03 220
81 0.14954658401508084 1568362 0.03 220
82 0.14878998313212558 1587158 0.03 220
83 0.14805035748385104 1605959 0.03 220
84 0.1473284322172831 1624754 0.03 220
85 0.14662485716873638 1643541 0.03 220
86 0.1459402032631669 1662325 0.03 220
87 0.1452749555379483 1681104 0.03 220
88 0.14462950340613176 1699877 0.03 220
89 0.14400412899108167 1718639 0.03 220
90 0.14339899456038863 1737399 0.03 220
91 0.14281413025362005 1756153 0.03 220
92 0.14224942341565514 1774904 0.03 220
93 0.14170461088481198 1793648 0.03 220
94 0.14117927550804737 1812394 0.03 220
95 0.14067284793559837 1831134 0.03 220
96 0.14018461437554994 1849871 0.03 220
97 0.1397137304864379 1868604 0.03 220
98 0.13925924100894557 1887328 0.03 220
99 0.13882010416873397 1906048 0.03 220
