0 0.8532925018819553 16030 0.07 180
1 0.4989946402580662 31988 0.07 180
2 0.3692871370829116 47872 0.07 180
3 0.3056892431065673 63693 0.07 180
4 0.2689705681761877 79472 0.07 180
5 0.2467035754628282 95205 0.07 180
6 0.23135137695773458 110895 0.07 180
7 0.21985938308734448 126551 0.07 180
8 0.21082195966191966 142178 0.07 180
9 0.2034806816901653 157771 0.07 180
10 0.1973583145806053 173338 0.07 180
11 0.1921105082089058 188884 0.07 180
12 0.18748839389241848 204403 0.07 180
13 0.18333329860783604 219898 0.07 180
14 0.17955868578700965 235375 0.07 180
15 0.1761206793655866 250828 0.07 180
16 0.17299256203503519 266261 0.07 180
17 0.17015018100423418 281678 0.07 180
18 0.16756669329669333 297075 0.07 180
19 0.1652125462151586 312457 0.07 180
20 0.1630574212554698 327819 0.07 180
21 0.16107236066857963 343163 0.07 180
22 0.1592313856984463 358495 0.07 180
23 0.15751246797787122 373808 0.07 180
24 0.15589788252193706 389106 0.07 180
25 0.15437400082870692 404392 0.07 180
26 0.15293064335332965 419661 0.07 180
27 0.15156019216551306 434915 0.07 180
28 0.1502566916951871 450159 0.07 180
29 0.14901511428069894 465385 0.07 180
30 0.1478308735034215 480599 0.07 180
31 0.14669958105995126 495801 0.07 180
32 0.14561698897251837 510989 0.07 180
33 0.1445790406697237 526165 0.07 180
34 0.14358196204745113 541326 0.07 180
35 0.14262234397973836 556486 0.07 180
36 0.14169719019321217 571624 0.07 180
37 0.14080392297470318 586750 0.07 180
38 0.13994035151815973 601860 0.07 180
39 0.13910461373248773 616961 0.07 180
40 0.13829510372687137 632048 0.07 180
41 0.13751039661852607 647123 0.07 180
42 0.1367491818143798 662189 0.07 180
43 0.1360102157305044 677242 0.07 180
44 0.13529230325702576 692282 0.07 180
45 0.13459431174065625 707315 0.07 180
46 0.13391521165546114 722334 0.07 180
47 0.13325412817797552 737344 0.07 180
48 0.13261038299521952 752346 0.07 180
49 0.13198350880292528 767336 0.07 180
50 0.13137322871686027 782317 0.07 180
51 0.13077940505150087 797286 0.07 180
52 0.13020197187144336 812245 0.07 180
53 0.12964086955738138 827196 0.07 180
54 0.12909599613350684 842135 0.07 180
55 0.1285671817056774 857064 0.07 180
56 0.12805418350056982 871988 0.07 180
57 0.1275566932837212 886901 0.07 180
58 0.12707434775140541 901804 0.07 180
59 0.12660673504978742 916700 0.07 180
60 0.1261533947869234 931585 0.07 180
61 0.12571381278221821 946461 0.07 180
62 0.12528741425312281 961331 0.07 180
63 0.12487355966532983 976191 0.07 180
64 0.12447154593106038 991043 0.07 180
65 0.124080612832724 1005887 0.07 180
66 0.12369995230842004 1020722 0.07 180
67 0.12332871802005531 1035739 0.07 180
68 0.12296603414681041 1050561 0.07 180
69 0.12261100401415273 1065375 0.07 180
70 0.12226271964150918 1080182 0.07 180
71 0.12192027240912368 1094981 0.07 180
72 0.12158276361172164 1109772 0.07 180
73 0.12124931268631661 1124561 0.07 180
74 0.12091906092312533 1139339 0.07 180
75 0.12059116939682149 1154115 0.07 180
76 0.12026481119422554 1168878 0.07 180
77 0.11993915927366897 1183648 0.07 180
78 0.11961337226823639 1198402 0.07 180
79 0.11928658136358478 1213147 0.07 180
80 0.11895788232815584 1227886 0.07 180
81 0.11862633803176947 1242625 0.07 180
82 0.11829099814583556 1257350 0.07 180
83 0.11795094335210815 1272072 0.07 180
84 0.11760535988692894 1286794 0.07 180
85 0.1172536451004686 1301504 0.07 180
86 0.11689553534412764 1316209 0.07 180
87 0.11653123556779792 1330911 0.07 180
88 0.11616151996661403 1345604 0.07 180
89 0.1157877708461546 1360292 0.07 180
90 0.11541193277621359 1374977 0.07 180
91 0.11503637991503167 1389656 0.07 180
92 0.11466371872972732 1404331 0.07 180
93 0.11429656606442827 1418999 0.07 180
94 0.11393734647878095 1433664 0.07 180
95 0.11358814275860019 1448329 0.07 180
96 0.11325061544099717 1462984 0.07 180
97 0.11292598906112074 1477634 0.07 180
98 0.11261509034425424 1492282 0.07 180
99 0.11231841845758474 1506923 0.07 180
