0 0.9560709065426329 26522 0.01 300
1 0.9529581330075431 52982 0.01 300
2 0.9483734058568052 79436 0.01 300
3 0.9408685712042496 105893 0.01 300
4 0.9274685462191916 132353 0.01 300
5 0.9032133799619914 158807 0.01 300
6 0.8644800357346321 185263 0.01 300
7 0.8140918086043242 211731 0.01 300
8 0.7604774432781418 238202 0.01 300
9 0.7110139750405651 264712 0.01 300
10 0.667556686002418 291199 0.01 300
11 0.6295335165565608 317673 0.01 300
12 0.5958482857522457 344160 0.01 300
13 0.5655052442745687 370638 0.01 300
14 0.5378620316164657 397101 0.01 300
15 0.5127464967124586 423635 0.01 300
16 0.4903400268262031 450096 0.01 300
17 0.47074585110394485 476548 0.01 300
18 0.4537028575665817 503002 0.01 300
19 0.43872121830131555 529449 0.01 300
20 0.42529957457049783 555895 0.01 300
21 0.4130252642093493 582335 0.01 300
22 0.4016038533484013 608769 0.01 300
23 0.3908643719779779 635195 0.01 300
24 0.3807469245655618 661621 0.01 300
25 0.37126691879192525 688038 0.01 300
26 0.36246412934589856 714453 0.01 300
27 0.3543613181174685 740865 0.01 300
28 0.34694903839548014 767267 0.01 300
29 0.3401912582204812 793668 0.01 300
30 0.33403723313321265 820070 0.01 300
31 0.3284304868087644 846459 0.01 300
32 0.323313202533545 872850 0.01 300
33 0.3186278047058433 899237 0.01 300
34 0.3143177540226979 925616 0.01 300
35 0.31032857111624934 951997 0.01 300
36 0.3066091605544592 978371 0.01 300
37 0.30311310276584136 1004739 0.01 300
38 0.29979960747260664 1031104 0.01 300
39 0.29663400391803546 1057468 0.01 300
40 0.2935877978545176 1083823 0.01 300
41 0.29063840191987705 1110176 0.01 300
42 0.2877686620492866 1136527 0.01 300
43 0.28496628488038955 1162873 0.01 300
44 0.2822232368514663 1189217 0.01 300
45 0.27953514692636344 1215554 0.01 300
46 0.27690071372366093 1241887 0.01 300
47 0.2743211034567815 1268219 0.01 300
48 0.2717993288406929 1294546 0.01 300
49 0.2693396147040391 1320867 0.01 300
50 0.2669467740789537 1347187 0.01 300
51 0.2646256310268416 1373500 0.01 300
52 0.26238052909588466 1399813 0.01 300
53 0.2602149568034244 1426125 0.01 300
54 0.25813130676185314 1452426 0.01 300
55 0.25613076766132714 1478728 0.01 300
56 0.25421333301830445 1505027 0.01 300
57 0.2523779005888436 1531316 0.01 300
58 0.2506224324472343 1557608 0.01 300
59 0.24894414678321905 1583898 0.01 300
60 0.24733971654428613 1610180 0.01 300
61 0.24580545554993724 1636456 0.01 300
62 0.24433747875980807 1662731 0.01 300
63 0.24293182952448697 1689004 0.01 300
64 0.2415845723675764 1715278 0.01 300
65 0.24029185444986165 1741543 0.01 300
66 0.2390499417644789 1767806 0.01 300
67 0.23785523713262582 1794061 0.01 300
68 0.23670428652632883 1820314 0.01 300
69 0.23559377877006815 1846561 0.01 300
70 0.23452054195368824 1872804 0.01 300
71 0.23348153844543532 1899048 0.01 300
72 0.23247385947289814 1925283 0.01 300
73 0.23149471982863917 1951520 0.01 300
74 0.23054145318211858 1977748 0.01 300
75 0.2296115085241503 2003985 0.01 300
76 0.22870244826809347 2030212 0.01 300
77 0.227811948407151 2056447 0.01 300
78 0.2269378008857426 2082661 0.01 300
79 0.22607791804199207 2108875 0.01 300
80 0.2252303386880405 2135087 0.01 300
81 0.2243932351727217 2161291 0.01 300
82 0.22356492064906 2187496 0.01 300
83 0.22274385575365693 2213698 0.01 300
84 0.22192865398302664 2239892 0.01 300
85 0.2211180851987082 2266088 0.01 300
86 0.22031107687975976 2292279 0.01 300
87 0.2195067129400848 2318462 0.01 300
88 0.2187042301155196 2344646 0.01 300
89 0.21790301208442478 2370825 0.01 300
90 0.21710258160542845 2397001 0.01 300
91 0.2163025910336829 2423175 0.01 300
92 0.21550281161492843 2449341 0.01 300
93 0.21470312196119967 2475507 0.01 300
94 0.21390349609115197 2501667 0.01 300
95 0.21310399137977296 2527803 0.01 300
96 0.21230473671323172 2553934 0.01 300
97 0.21150592109034294 2580073 0.01 300
98 0.21070778285649547 2606199 0.01 300
99 0.20991059970230785 2632320 0.01 300
