0 0.9529852206729931 3535 0.05 40
1 0.9009046562244936 7064 0.05 40
2 0.7290977387674674 10577 0.05 40
3 0.5431916875787116 14068 0.05 40
4 0.4321553032783029 17531 0.05 40
5 0.3704372767197302 20969 0.05 40
6 0.3389705989303401 24385 0.05 40
7 0.31908168805809695 27784 0.05 40
8 0.30358290408599076 31170 0.05 40
9 0.2902780399425965 34542 0.05 40
10 0.27891862571268716 37904 0.05 40
11 0.26931858069472303 41255 0.05 40
12 0.2610804048332423 44598 0.05 40
13 0.25382484684599416 47939 0.05 40
14 0.2473102875245551 51269 0.05 40
15 0.24141590468358995 54593 0.05 40
16 0.23608279694185072 57911 0.05 40
17 0.2312684090803725 61226 0.05 40
18 0.22693097098340517 64535 0.05 40
19 0.22303148936877068 67839 0.05 40
20 0.2195355967270982 71138 0.05 40
21 0.2164108714484188 74434 0.05 40
22 0.21362355154575097 77725 0.05 40
23 0.21113780783974728 81010 0.05 40
24 0.2089171556053505 84292 0.05 40
25 0.20692630498302558 87569 0.05 40
26 0.20513292100049754 90842 0.05 40
27 0.2035093512418606 94111 0.05 40
28 0.20203379698592108 97376 0.05 40
29 0.20069025578006244 100637 0.05 40
30 0.19946716080555552 103901 0.05 40
31 0.19835499605942156 107153 0.05 40
32 0.19734329571739187 110401 0.05 40
33 0.196417963508786 113645 0.05 40
34 0.19556007628242306 116885 0.05 40
35 0.19474652595744896 120119 0.05 40
36 0.19395205293094123 123356 0.05 40
37 0.19315221654851447 126581 0.05 40
38 0.19232666714395377 129802 0.05 40
39 0.19146139562962228 133024 0.05 40
40 0.19054896786648023 136237 0.05 40
41 0.18958742542837426 139444 0.05 40
42 0.18857939349632385 142648 0.05 40
43 0.18753207180744694 145850 0.05 40
44 0.18645721987569372 149046 0.05 40
45 0.1853694085128345 152238 0.05 40
46 0.18428232497080702 155427 0.05 40
47 0.18320528598749325 158613 0.05 40
48 0.18214207416812644 161795 0.05 40
49 0.18109216996851338 164973 0.05 40
50 0.18005290760078854 168147 0.05 40
51 0.17902119683510415 171319 0.05 40
52 0.17799452359821083 174486 0.05 40
53 0.17697155390227456 177650 0.05 40
54 0.17595249572874655 180817 0.05 40
55 0.17493915150638253 183976 0.05 40
56 0.1739346667951471 187137 0.05 40
57 0.17294311575352808 190290 0.05 40
58 0.17196907798275482 193440 0.05 40
59 0.17101729010594477 196587 0.05 40
60 0.17009238437106977 199734 0.05 40
61 0.16919868719115722 202877 0.05 40
62 0.16834003950988213 206023 0.05 40
63 0.16751961503908178 209160 0.05 40
64 0.16673973860669927 212295 0.05 40
65 0.16600172517713135 215428 0.05 40
66 0.1653057635951394 218559 0.05 40
67 0.16465086293090667 221688 0.05 40
68 0.16403487203297346 224815 0.05 40
69 0.16345458051101813 227940 0.05 40
70 0.16290591004374202 231063 0.05 40
71 0.16238419989017402 234184 0.05 40
72 0.16188457334272946 237309 0.05 40
73 0.16140234567460082 240433 0.05 40
74 0.16093341054241345 243552 0.05 40
75 0.16047453463223404 246665 0.05 40
76 0.16002350607509785 249777 0.05 40
77 0.15957911412607242 252886 0.05 40
78 0.15914097216096862 255993 0.05 40
79 0.15870922663503978 259104 0.05 40
80 0.15828422543936468 262207 0.05 40
81 0.15786624595401572 265309 0.05 40
82 0.1574553759279425 268409 0.05 40
83 0.15705157329684527 271508 0.05 40
84 0.15665483831520843 274604 0.05 40
85 0.15626538658986758 277699 0.05 40
86 0.155883737921273 280792 0.05 40
87 0.1555106887836617 283883 0.05 40
88 0.15514717587347696 286973 0.05 40
89 0.1547940659069213 290061 0.05 40
90 0.15445193357695366 293156 0.05 40
91 0.1541209042964187 296245 0.05 40
92 0.15380062028169844 299328 0.05 40
93 0.15349033744556173 302410 0.05 40
94 0.153189102226969 305490 0.05 40
95 0.15289592408283323 308568 0.05 40
96 0.1526098724747072 311651 0.05 40
97 0.15233008211734314 314727 0.05 40
98 0.15205570706610083 317801 0.05 40
99 0.15178588109676763 320873 0.05 40
