0 0.9504773248300457 1778 0.03 20
1 0.9454846161070124 3552 0.03 20
2 0.8997783965068007 5325 0.03 20
3 0.8188042528375227 7093 0.03 20
4 0.7804478792642013 8846 0.03 20
5 0.7243375434702763 10586 0.03 20
6 0.6650973413692695 12315 0.03 20
7 0.6128570730170784 14032 0.03 20
8 0.5656515363102022 15737 0.03 20
9 0.5286660112795404 17430 0.03 20
10 0.5024167506793791 19116 0.03 20
11 0.4831489219884611 20791 0.03 20
12 0.4674257746583603 22456 0.03 20
13 0.45302915066270083 24111 0.03 20
14 0.43856891910355666 25757 0.03 20
15 0.42423143223699683 27396 0.03 20
16 0.41138316905470695 29026 0.03 20
17 0.4007741165912139 30649 0.03 20
18 0.3919047817793179 32267 0.03 20
19 0.3840648002832227 33881 0.03 20
20 0.37675291274282513 35491 0.03 20
21 0.3697270135303288 37093 0.03 20
22 0.36282041485566835 38690 0.03 20
23 0.3559371537277416 40283 0.03 20
24 0.3490669043226182 41871 0.03 20
25 0.3422991798514771 43456 0.03 20
26 0.3357882937400886 45037 0.03 20
27 0.3296949857142583 46615 0.03 20
28 0.3240927763871675 48192 0.03 20
29 0.318934938843999 49765 0.03 20
30 0.31417896206585344 51338 0.03 20
31 0.3098101060597096 52908 0.03 20
32 0.30577156116839105 54476 0.03 20
33 0.3019911889410014 56043 0.03 20
34 0.29842017330222437 57609 0.03 20
35 0.295027162858804 59173 0.03 20
36 0.29179204456547586 60736 0.03 20
37 0.2886995822782981 62299 0.03 20
38 0.2857327503779789 63859 0.03 20
39 0.28286906886302976 65418 0.03 20
40 0.2800810483377968 66975 0.03 20
41 0.27734002157002763 68531 0.03 20
42 0.2746206717362839 70086 0.03 20
43 0.2719031796736362 71639 0.03 20
44 0.2691730510154467 73192 0.03 20
45 0.2664212988209131 74743 0.03 20
46 0.26364604153539556 76293 0.03 20
47 0.2608537420178926 77843 0.03 20
48 0.2580580058416384 79391 0.03 20
49 0.25527593440027774 80939 0.03 20
50 0.2525239357439968 82486 0.03 20
51 0.24981448777508045 84033 0.03 20
52 0.24715496892037825 85578 0.03 20
53 0.24454967894007337 87123 0.03 20
54 0.24200377112452276 88667 0.03 20
55 0.2395263124799863 90212 0.03 20
56 0.23713066400827063 91755 0.03 20
57 0.2348312675030757 93298 0.03 20
58 0.2326382922062724 94841 0.03 20
59 0.2305542853772948 96384 0.03 20
60 0.2285746526035038 97926 0.03 20
61 0.22669008698313817 99473 0.03 20
62 0.2248892550141818 101015 0.03 20
63 0.22316123914295846 102557 0.03 20
64 0.22149717691035514 104098 0.03 20
65 0.21989056089639886 105639 0.03 20
66 0.218336401705542 107180 0.03 20
67 0.2168300848956413 108720 0.03 20
68 0.21536667346928592 110260 0.03 20
69 0.21394089921320697 111800 0.03 20
70 0.2125477493436647 113339 0.03 20
71 0.2111835077665053 114879 0.03 20
72 0.20984687091641677 116418 0.03 20
73 0.2085395401421797 117956 0.03 20
74 0.20726599373549887 119495 0.03 20
75 0.2060325488314427 121033 0.03 20
76 0.20484595115385354 122571 0.03 20
77 0.20371177887227754 124109 0.03 20
78 0.202633154964968 125650 0.03 20
79 0.20161041906584587 127187 0.03 20
80 0.20064199752948114 128723 0.03 20
81 0.1997258229260712 130259 0.03 20
82 0.19886029419444204 131794 0.03 20
83 0.1980443851230113 133330 0.03 20
84 0.19727723939675587 134864 0.03 20
85 0.19655770773577141 136398 0.03 20
86 0.19588402828771642 137933 0.03 20
87 0.19525367427246018 139466 0.03 20
88 0.1946633733713529 141000 0.03 20
89 0.19410930255302958 142533 0.03 20
90 0.1935874030923749 144065 0.03 20
91 0.19309370101531698 145610 0.03 20
92 0.19262453580924274 147141 0.03 20
93 0.19217667655077053 148672 0.03 20
94 0.19174735782488803 150203 0.03 20
95 0.19133427421955884 151733 0.03 20
96 0.1909355640333394 153262 0.03 20
97 0.1905498003234573 154790 0.03 20
98 0.19017598855301074 156318 0.03 20
99 0.1898135545598144 157845 0.03 20
