0 0.8949429806879082 19471 0.07 220
1 0.44265752124996466 38892 0.07 220
2 0.3105783865281061 58246 0.07 220
3 0.263700218124221 77547 0.07 220
4 0.2404209442008817 96803 0.07 220
5 0.22580114102751772 116016 0.07 220
6 0.2150748481293393 135180 0.07 220
7 0.20669501013724423 154303 0.07 220
8 0.19996361255995654 173386 0.07 220
9 0.19445931705555014 192434 0.07 220
10 0.18986585065970837 211497 0.07 220
11 0.18593041497120752 230481 0.07 220
12 0.18245482289635043 249433 0.07 220
13 0.17929936168718424 268361 0.07 220
14 0.17637925489754377 287244 0.07 220
15 0.17364898188559516 306101 0.07 220
16 0.17108521696641282 324926 0.07 220
17 0.16867589912482794 343723 0.07 220
18 0.16641479423929126 362493 0.07 220
19 0.1642985528893671 381245 0.07 220
20 0.16232472261229774 399971 0.07 220
21 0.16049040159074604 418672 0.07 220
22 0.1587914351049365 437347 0.07 220
23 0.1572219588030806 456008 0.07 220
24 0.15577412844502925 474641 0.07 220
25 0.15443808421404592 493255 0.07 220
26 0.15320239028467958 511850 0.07 220
27 0.15205511429091337 530430 0.07 220
28 0.15098533750839935 548991 0.07 220
29 0.1499845138843051 567534 0.07 220
30 0.14904706456961897 586060 0.07 220
31 0.1481699509750855 604564 0.07 220
32 0.14735145796058954 623050 0.07 220
33 0.14658973645071727 641520 0.07 220
34 0.14588166758393956 659972 0.07 220
35 0.14522238053513678 678414 0.07 220
36 0.14460544770819914 696839 0.07 220
37 0.14402355097521768 715248 0.07 220
38 0.1434693335806908 733636 0.07 220
39 0.14293619965623258 752008 0.07 220
40 0.14241892476301882 770368 0.07 220
41 0.1419140344725942 788710 0.07 220
42 0.14141996540640187 807041 0.07 220
43 0.14093704335100857 825363 0.07 220
44 0.14046730754410244 843670 0.07 220
45 0.14001419261131104 861964 0.07 220
46 0.1395820621461621 880296 0.07 220
47 0.13917558181538528 898558 0.07 220
48 0.1387989359282301 916807 0.07 220
49 0.13845493770757253 935045 0.07 220
50 0.13814415822509143 953273 0.07 220
51 0.13786427895403883 971490 0.07 220
52 0.13760990777169949 989694 0.07 220
53 0.13737302939353144 1007887 0.07 220
54 0.13714407252601368 1026065 0.07 220
55 0.13691333905123887 1044229 0.07 220
56 0.13667238979726387 1062379 0.07 220
57 0.13641501371592646 1080519 0.07 220
58 0.13613759839644451 1098650 0.07 220
59 0.13583894845143807 1116768 0.07 220
60 0.1355197470941453 1134878 0.07 220
61 0.13518188557569166 1152978 0.07 220
62 0.13482782875278185 1171068 0.07 220
63 0.13446010167401104 1189142 0.07 220
64 0.13408091561705338 1207210 0.07 220
65 0.13369191887215146 1225266 0.07 220
66 0.13329405275289663 1243357 0.07 220
67 0.13288750229408805 1261395 0.07 220
68 0.1324717397319226 1279430 0.07 220
69 0.1320456586998729 1297454 0.07 220
70 0.13160778678687549 1315469 0.07 220
71 0.13115654893497392 1333476 0.07 220
72 0.13069054301177263 1351469 0.07 220
73 0.1302087885968232 1369453 0.07 220
74 0.1297109203624405 1387432 0.07 220
75 0.12919731185875188 1405400 0.07 220
76 0.1286691268168013 1423366 0.07 220
77 0.12812830052013607 1441324 0.07 220
78 0.1275774555838577 1459271 0.07 220
79 0.12701975860814554 1477212 0.07 220
80 0.12645872905655423 1495141 0.07 220
81 0.12589801887152474 1513063 0.07 220
82 0.12534118803439662 1530979 0.07 220
83 0.12479150412071041 1548903 0.07 220
84 0.12425179065651074 1566804 0.07 220
85 0.12372433985198268 1584701 0.07 220
86 0.12321089256485501 1602592 0.07 220
87 0.1227126758956986 1620475 0.07 220
88 0.12223048006688206 1638348 0.07 220
89 0.12176475299671098 1656214 0.07 220
90 0.12131569305818339 1674074 0.07 220
91 0.12088332620211781 1691926 0.07 220
92 0.12046756064367674 1709772 0.07 220
93 0.1200682186696644 1727616 0.07 220
94 0.1196850496160974 1745455 0.07 220
95 0.11931773033595537 1763287 0.07 220
96 0.11896585980403906 1781114 0.07 220
97 0.11862895349148818 1798932 0.07 220
98 0.11830644144392828 1816827 0.07 220
99 0.11799767215716446 1834774 0.07 220
