0 0.9589848532772931 23107 0.05 260
1 0.6608003771131539 46179 0.05 260
2 0.4813678792640496 69214 0.05 260
3 0.37117629993434637 92215 0.05 260
4 0.31386677927896406 115187 0.05 260
5 0.2790376219457342 138132 0.05 260
6 0.25549971092596757 161059 0.05 260
7 0.23851075868169727 183954 0.05 260
8 0.22558466597782464 206905 0.05 260
9 0.21533286009264227 229759 0.05 260
10 0.20693051854720693 252597 0.05 260
11 0.199873010301228 275420 0.05 260
12 0.19385089130976926 298226 0.05 260
13 0.1886751626473948 321018 0.05 260
14 0.18422848279238616 343792 0.05 260
15 0.1804321658871938 366556 0.05 260
16 0.17722401760225215 389299 0.05 260
17 0.1745432657979587 412031 0.05 260
18 0.17232003651010191 434742 0.05 260
19 0.17047105994003323 457446 0.05 260
20 0.1689051430770993 480137 0.05 260
21 0.16753578097872826 502817 0.05 260
22 0.16629219505267204 525481 0.05 260
23 0.1651230416848505 548133 0.05 260
24 0.16399392450673678 570770 0.05 260
25 0.16288275277050465 593393 0.05 260
26 0.16177577512766808 616002 0.05 260
27 0.160665098233275 638597 0.05 260
28 0.15954734692290032 661180 0.05 260
29 0.1584228311965574 683755 0.05 260
30 0.15729474182978365 706318 0.05 260
31 0.15616818108495958 728866 0.05 260
32 0.1550490678500807 751400 0.05 260
33 0.1539430765585866 773915 0.05 260
34 0.1528547933330866 796416 0.05 260
35 0.1517872338791515 818906 0.05 260
36 0.15074177832916752 841380 0.05 260
37 0.14971845768785177 863851 0.05 260
38 0.14871642912686955 886300 0.05 260
39 0.14773445687503478 908814 0.05 260
40 0.1467712738734688 931236 0.05 260
41 0.14582578807457483 953650 0.05 260
42 0.14489716419932966 976039 0.05 260
43 0.14398483793208208 998416 0.05 260
44 0.14308851403336223 1020779 0.05 260
45 0.14220817821225476 1043126 0.05 260
46 0.141344127136465 1065465 0.05 260
47 0.1404970010913097 1087791 0.05 260
48 0.1396677958029728 1110104 0.05 260
49 0.13885783494075277 1132402 0.05 260
50 0.13806869812567493 1154706 0.05 260
51 0.13730211325576805 1176975 0.05 260
52 0.13655983062263385 1199230 0.05 260
53 0.13584349783343735 1221473 0.05 260
54 0.135154550684203 1243704 0.05 260
55 0.1344941289745495 1265922 0.05 260
56 0.1338630204982581 1288131 0.05 260
57 0.13326163247958003 1310325 0.05 260
58 0.1326899876831779 1332508 0.05 260
59 0.13214774170366606 1354727 0.05 260
60 0.1316342177954684 1376884 0.05 260
61 0.13114845554119237 1399034 0.05 260
62 0.1306892695389987 1421168 0.05 260
63 0.13025531421869946 1443296 0.05 260
64 0.1298451510130638 1465409 0.05 260
65 0.12945731444098635 1487512 0.05 260
66 0.12909037408360172 1509605 0.05 260
67 0.1287429897693336 1531683 0.05 260
68 0.1284139574054377 1553747 0.05 260
69 0.12810224283097985 1575808 0.05 260
70 0.12780700101947914 1597861 0.05 260
71 0.12752757823936245 1619893 0.05 260
72 0.12726349569005624 1641920 0.05 260
73 0.12701441482493553 1663932 0.05 260
74 0.12678008693437007 1685939 0.05 260
75 0.12656029216615922 1707949 0.05 260
76 0.12635477534833953 1729929 0.05 260
77 0.12616318706192944 1751903 0.05 260
78 0.12598503792598967 1773869 0.05 260
79 0.12581967196912036 1795903 0.05 260
80 0.12566626170511852 1817847 0.05 260
81 0.1255238238696857 1839784 0.05 260
82 0.12539125154179118 1861707 0.05 260
83 0.1252673562167176 1883620 0.05 260
84 0.12515091264137504 1905522 0.05 260
85 0.12504069985213168 1927416 0.05 260
86 0.12493553358739104 1949304 0.05 260
87 0.12483428761744465 1971184 0.05 260
88 0.12473590399164808 1993055 0.05 260
89 0.12463939422236009 2014917 0.05 260
90 0.12454383463285812 2036780 0.05 260
91 0.12444835936377366 2058654 0.05 260
92 0.1243521539868917 2080487 0.05 260
93 0.12425445162485417 2102310 0.05 260
94 0.12415453228661041 2124127 0.05 260
95 0.12405172510863967 2145937 0.05 260
96 0.12394541252030294 2167818 0.05 260
97 0.1238350350701062 2189509 0.05 260
98 0.12372009569754162 2211172 0.05 260
99 0.12360016250129452 2232813 0.05 260
