0 0.9562173726231127 8862 0.03 100
1 0.9444701155233463 17714 0.03 100
2 0.8709831884724859 26568 0.03 100
3 0.7080784443964958 35407 0.03 100
4 0.5762934825419113 44233 0.03 100
5 0.4835079021771324 53046 0.03 100
6 0.41945608208820206 61849 0.03 100
7 0.3763138007359043 70634 0.03 100
8 0.3458351594338187 79410 0.03 100
9 0.32256215727709914 88171 0.03 100
10 0.30417175661458307 96931 0.03 100
11 0.289293124763178 105669 0.03 100
12 0.2769891994335016 114404 0.03 100
13 0.26660850090468585 123125 0.03 100
14 0.25768504629380257 131869 0.03 100
15 0.24988400609276684 140608 0.03 100
16 0.24297417591295434 149340 0.03 100
17 0.2368018823658577 158068 0.03 100
18 0.2312637707505046 166829 0.03 100
19 0.22628549147945592 175540 0.03 100
20 0.22180861645721633 184246 0.03 100
21 0.2177835438643023 192944 0.03 100
22 0.21416580114252706 201642 0.03 100
23 0.2109142646664983 210331 0.03 100
24 0.2079904993657802 219013 0.03 100
25 0.20535868785969652 227689 0.03 100
26 0.20298578205338205 236361 0.03 100
27 0.20084166443021956 245028 0.03 100
28 0.19889922494846912 253694 0.03 100
29 0.19713432384568383 262350 0.03 100
30 0.19552564184782373 271001 0.03 100
31 0.1940544410232321 279648 0.03 100
32 0.1927042748949984 288291 0.03 100
33 0.19146068978603345 296927 0.03 100
34 0.1903109502514689 305564 0.03 100
35 0.18924380511355235 314190 0.03 100
36 0.1882492943353875 322812 0.03 100
37 0.1873185871155135 331430 0.03 100
38 0.18644384043087536 340041 0.03 100
39 0.1856180718040988 348653 0.03 100
40 0.18483504505333434 357256 0.03 100
41 0.18408917002171585 365853 0.03 100
42 0.18337541709819932 374446 0.03 100
43 0.18268924655655422 383035 0.03 100
44 0.18202655235379725 391619 0.03 100
45 0.18138361980838083 400202 0.03 100
46 0.18075709600891912 408777 0.03 100
47 0.18014397084001474 417347 0.03 100
48 0.1795415655464082 425912 0.03 100
49 0.17894752523350946 434482 0.03 100
50 0.17835981183297664 443038 0.03 100
51 0.17777669477818564 451636 0.03 100
52 0.17719673768571267 460183 0.03 100
53 0.1766187804268239 468725 0.03 100
54 0.17604191686098178 477263 0.03 100
55 0.17546546907497199 485797 0.03 100
56 0.17488895922918948 494331 0.03 100
57 0.17431208013579166 502856 0.03 100
58 0.17373466558224615 511377 0.03 100
59 0.1731566612520807 519894 0.03 100
60 0.1725780969363997 528406 0.03 100
61 0.17199906060215778 536918 0.03 100
62 0.17141967479373404 545428 0.03 100
63 0.1708400757868678 553928 0.03 100
64 0.17026039587347785 562425 0.03 100
65 0.16968074911369518 570916 0.03 100
66 0.16910122083018136 579413 0.03 100
67 0.16852186102527822 587899 0.03 100
68 0.16794268176459784 596389 0.03 100
69 0.16736365838893383 604865 0.03 100
70 0.1667847341989722 613338 0.03 100
71 0.1662058280279154 621807 0.03 100
72 0.16562684391336607 630272 0.03 100
73 0.16504768194441014 638740 0.03 100
74 0.16446824932795978 647203 0.03 100
75 0.16388847080378832 655658 0.03 100
76 0.16330829772649047 664110 0.03 100
77 0.16272771538559222 672557 0.03 100
78 0.1621467483995149 681001 0.03 100
79 0.16156546424387425 689446 0.03 100
80 0.16098397512392157 697883 0.03 100
81 0.1604024384619796 706317 0.03 100
82 0.1598210562535796 714762 0.03 100
83 0.1592400734774425 723189 0.03 100
84 0.15865977565819742 731613 0.03 100
85 0.15808048560806595 740038 0.03 100
86 0.15750255933596982 748455 0.03 100
87 0.15692638111807336 756875 0.03 100
88 0.15635235776800852 765287 0.03 100
89 0.15578091221400084 773694 0.03 100
90 0.15521247656499526 782103 0.03 100
91 0.15464748491041447 790510 0.03 100
92 0.15408636613467505 798910 0.03 100
93 0.15352953703152006 807305 0.03 100
94 0.15297739597565715 815700 0.03 100
95 0.15243031735716916 824091 0.03 100
96 0.1518886469184273 832482 0.03 100
97 0.15135269806480625 840866 0.03 100
98 0.1508227491587896 849248 0.03 100
99 0.15029904175799083 857626 0.03 100
