0 0.9541116909814594 3535 0.03 40
1 0.9483269379176986 7068 0.03 40
2 0.9209822028951455 10605 0.03 40
3 0.8777790450415721 14130 0.03 40
4 0.786088616059689 17644 0.03 40
5 0.6563192336960579 21147 0.03 40
6 0.564268869907055 24637 0.03 40
7 0.49716343501507115 28113 0.03 40
8 0.4375194647465798 31580 0.03 40
9 0.39408764397176854 35030 0.03 40
10 0.36671916052798137 38468 0.03 40
11 0.3474314950449266 41894 0.03 40
12 0.33263460527583416 45311 0.03 40
13 0.3206528896743238 48719 0.03 40
14 0.3106470171361376 52120 0.03 40
15 0.3020512085999077 55514 0.03 40
16 0.2944610787699138 58902 0.03 40
17 0.2876403901581329 62284 0.03 40
18 0.28147310008777526 65660 0.03 40
19 0.2758924303236539 69031 0.03 40
20 0.27083386830286776 72400 0.03 40
21 0.2662252981682933 75763 0.03 40
22 0.2619954577918558 79120 0.03 40
23 0.2580801604650579 82473 0.03 40
24 0.25442285491695416 85824 0.03 40
25 0.2509742157784615 89170 0.03 40
26 0.2476929463179519 92512 0.03 40
27 0.2445469928008655 95852 0.03 40
28 0.24151396219400278 99189 0.03 40
29 0.23858005579048175 102523 0.03 40
30 0.2357376918072198 105855 0.03 40
31 0.23298283881561874 109185 0.03 40
32 0.23031304465032598 112511 0.03 40
33 0.22772634184262736 115836 0.03 40
34 0.22522064672858236 119160 0.03 40
35 0.22279338199921425 122481 0.03 40
36 0.22044139715006078 125799 0.03 40
37 0.21816129664497186 129115 0.03 40
38 0.21595002309520228 132429 0.03 40
39 0.21380536139463946 135741 0.03 40
40 0.21172612218557754 139054 0.03 40
41 0.20971198558314713 142362 0.03 40
42 0.20776314416866415 145674 0.03 40
43 0.20587992527555368 148978 0.03 40
44 0.20406252988925486 152279 0.03 40
45 0.20231094178728878 155578 0.03 40
46 0.20062497481684405 158875 0.03 40
47 0.19900437292090806 162171 0.03 40
48 0.1974488752012619 165464 0.03 40
49 0.1959582004337508 168756 0.03 40
50 0.19453196381086674 172050 0.03 40
51 0.19316957854728428 175338 0.03 40
52 0.19187019600276486 178625 0.03 40
53 0.19063270699547663 181910 0.03 40
54 0.1894557903347094 185194 0.03 40
55 0.18833797592905252 188481 0.03 40
56 0.18727769417315426 191761 0.03 40
57 0.186273299870553 195039 0.03 40
58 0.1853230742925668 198317 0.03 40
59 0.18442521624554928 201592 0.03 40
60 0.18357783247733747 204871 0.03 40
61 0.18277893319121413 208143 0.03 40
62 0.18202643384357434 211414 0.03 40
63 0.18131816209675922 214683 0.03 40
64 0.1806518689318335 217950 0.03 40
65 0.18002524413761972 221217 0.03 40
66 0.17943593708003247 224482 0.03 40
67 0.17888158305718527 227745 0.03 40
68 0.17835983404260833 231007 0.03 40
69 0.17786839115273037 234268 0.03 40
70 0.1774050352787657 237526 0.03 40
71 0.17696765187963248 240783 0.03 40
72 0.17655424610623696 244044 0.03 40
73 0.17616294609029143 247298 0.03 40
74 0.1757919954898458 250550 0.03 40
75 0.1754397395048148 253801 0.03 40
76 0.17510460956886179 257050 0.03 40
77 0.17478511061268415 260297 0.03 40
78 0.17447981264798698 263548 0.03 40
79 0.17418734693810098 266793 0.03 40
80 0.17390640668520344 270036 0.03 40
81 0.17363575253191316 273277 0.03 40
82 0.1733742234714517 276517 0.03 40
83 0.17312075339799132 279756 0.03 40
84 0.17287439236200358 282993 0.03 40
85 0.172634329948795 286229 0.03 40
86 0.17239991673540095 289463 0.03 40
87 0.172170679253523 292695 0.03 40
88 0.17194632480841657 295926 0.03 40
89 0.17172673483530765 299161 0.03 40
90 0.17151194847092896 302388 0.03 40
91 0.17130214045599723 305615 0.03 40
92 0.1710975983350614 308840 0.03 40
93 0.17089870304267632 312065 0.03 40
94 0.17070591514750202 315288 0.03 40
95 0.17051976729414015 318508 0.03 40
96 0.1703408623190414 321733 0.03 40
97 0.17016987612398438 324951 0.03 40
98 0.17000756426725142 328167 0.03 40
99 0.1698547707328915 331382 0.03 40
