0 0.9533741365213044 15890 0.03 180
1 0.9022195991734433 31762 0.03 180
2 0.7568322239503797 47625 0.03 180
3 0.6118113973992134 63473 0.03 180
4 0.5294127168512368 79357 0.03 180
5 0.4683005550324422 95287 0.03 180
6 0.4231854163114986 111194 0.03 180
7 0.38920297279030297 127086 0.03 180
8 0.36247641697221317 142952 0.03 180
9 0.34009433061051264 158800 0.03 180
10 0.3200814476456389 174635 0.03 180
11 0.3019958793796248 190447 0.03 180
12 0.2864307299810591 206244 0.03 180
13 0.2736729875195651 222029 0.03 180
14 0.26337896934657246 237795 0.03 180
15 0.25498219373271513 253549 0.03 180
16 0.24798418133905226 269295 0.03 180
17 0.24202249889386254 285023 0.03 180
18 0.23684508890739772 300739 0.03 180
19 0.23227395933948422 316448 0.03 180
20 0.22818173278329273 332142 0.03 180
21 0.22447759850629562 347830 0.03 180
22 0.22109710965290547 363501 0.03 180
23 0.21799392210739274 379163 0.03 180
24 0.21513329819016327 394817 0.03 180
25 0.21248737544335836 410458 0.03 180
26 0.2100320496954161 426089 0.03 180
27 0.20774521306283308 441722 0.03 180
28 0.20560602578899612 457335 0.03 180
29 0.20359487211471006 472938 0.03 180
30 0.20169366579582004 488536 0.03 180
31 0.19988623350832702 504120 0.03 180
32 0.19815859557594184 519696 0.03 180
33 0.19649905594388847 535267 0.03 180
34 0.1948980903329471 550826 0.03 180
35 0.19334807819275054 566382 0.03 180
36 0.19184295610933186 581925 0.03 180
37 0.19037787293062627 597476 0.03 180
38 0.1889489037806614 613007 0.03 180
39 0.18755284558650423 628527 0.03 180
40 0.18618708739982104 644039 0.03 180
41 0.18484953388659728 659550 0.03 180
42 0.1835385584031383 675053 0.03 180
43 0.18225296599417146 690560 0.03 180
44 0.18099195119504313 706067 0.03 180
45 0.17975504001476492 721561 0.03 180
46 0.1785420113531788 737052 0.03 180
47 0.1773528007123518 752537 0.03 180
48 0.17618739676312314 768014 0.03 180
49 0.17504574651653657 783489 0.03 180
50 0.17392768537088313 798961 0.03 180
51 0.17283290349766553 814422 0.03 180
52 0.17176095118434753 829882 0.03 180
53 0.17071127577959183 845336 0.03 180
54 0.1696832751992512 860808 0.03 180
55 0.1686763500493126 876244 0.03 180
56 0.16768993893913195 891671 0.03 180
57 0.16672352820074632 907093 0.03 180
58 0.16577663550653857 922516 0.03 180
59 0.1648487741634003 937929 0.03 180
60 0.1639394092962925 953337 0.03 180
61 0.1630479180425991 968746 0.03 180
62 0.1621735636883522 984146 0.03 180
63 0.16131548952178554 999541 0.03 180
64 0.16047273342629886 1014936 0.03 180
65 0.15964426008619229 1030324 0.03 180
66 0.15882900491216692 1045713 0.03 180
67 0.15802592267797624 1061094 0.03 180
68 0.1572340342324004 1076489 0.03 180
69 0.1564524660840862 1091866 0.03 180
70 0.15568047962194 1107238 0.03 180
71 0.15491748872960598 1122612 0.03 180
72 0.15416306619745207 1137977 0.03 180
73 0.15341694042050752 1153336 0.03 180
74 0.1526789843668276 1168692 0.03 180
75 0.15194919882115662 1184047 0.03 180
76 0.15122769164458197 1199396 0.03 180
77 0.15051465444112833 1214741 0.03 180
78 0.1498103377379951 1230087 0.03 180
79 0.14911502564115706 1245431 0.03 180
80 0.14842901091738278 1260769 0.03 180
81 0.1477525715159377 1276104 0.03 180
82 0.14708594959341387 1291433 0.03 180
83 0.14642933406732886 1306761 0.03 180
84 0.1457828475543064 1322082 0.03 180
85 0.14514653824570878 1337400 0.03 180
86 0.14452037687794167 1352716 0.03 180
87 0.14390425853450484 1368026 0.03 180
88 0.14329800864533507 1383333 0.03 180
89 0.14270139228132278 1398642 0.03 180
90 0.142114125703159 1413942 0.03 180
91 0.1415358891101222 1429241 0.03 180
92 0.1409663396230603 1444538 0.03 180
93 0.14040512369529054 1459829 0.03 180
94 0.1398518883430694 1475119 0.03 180
95 0.13930629079498527 1490409 0.03 180
96 0.13876800635387887 1505692 0.03 180
97 0.13823673442941603 1520972 0.03 180
98 0.13771220282472801 1536251 0.03 180
99 0.13719417044415938 1551526 0.03 180
