0 0.9425166695402893 8847 0.06 100
1 0.651423176261376 17677 0.06 100
2 0.4384687576115671 26468 0.06 100
3 0.3487157486520539 35225 0.06 100
4 0.3019555086120297 43946 0.06 100
5 0.2720611187573399 52641 0.06 100
6 0.25172076926050213 61314 0.06 100
7 0.23742935272300758 69976 0.06 100
8 0.2272607079426611 78611 0.06 100
9 0.21990420286056275 87233 0.06 100
10 0.21446928695868692 95837 0.06 100
11 0.21039317943913016 104423 0.06 100
12 0.20730531281347786 112994 0.06 100
13 0.20492475420490763 121549 0.06 100
14 0.2030164188468127 130090 0.06 100
15 0.20138259571327455 138619 0.06 100
16 0.19986486153590233 147126 0.06 100
17 0.19834408977594373 155616 0.06 100
18 0.1967377077364407 164091 0.06 100
19 0.19499562418132507 172551 0.06 100
20 0.19309518618710092 180997 0.06 100
21 0.19103609379268197 189427 0.06 100
22 0.18883570189748755 197842 0.06 100
23 0.18652425864022681 206244 0.06 100
24 0.18414004587072802 214634 0.06 100
25 0.18172494679593998 223008 0.06 100
26 0.17932063133824003 231373 0.06 100
27 0.17696519291565985 239723 0.06 100
28 0.17469034334486777 248062 0.06 100
29 0.17251960054677612 256389 0.06 100
30 0.1704677419834261 264707 0.06 100
31 0.16854134762674497 273017 0.06 100
32 0.1667399835177254 281318 0.06 100
33 0.16505763173478047 289607 0.06 100
34 0.16348417285415218 297886 0.06 100
35 0.16200685666606565 306157 0.06 100
36 0.1606117030597044 314420 0.06 100
37 0.15928473739949475 322679 0.06 100
38 0.1580129638542449 330927 0.06 100
39 0.15678502550320345 339168 0.06 100
40 0.15559155663440535 347404 0.06 100
41 0.1544252714677815 355633 0.06 100
42 0.15328084825405566 363857 0.06 100
43 0.15215466570947042 372078 0.06 100
44 0.15104444071323414 380291 0.06 100
45 0.14994881078254488 388505 0.06 100
46 0.14886690610123593 396708 0.06 100
47 0.14779796229313424 404907 0.06 100
48 0.14674103066969912 413100 0.06 100
49 0.14569483951491705 421293 0.06 100
50 0.14465784175577978 429479 0.06 100
51 0.14362844888707801 437663 0.06 100
52 0.14260540136016606 445841 0.06 100
53 0.14158817148923764 454016 0.06 100
54 0.1405772565608815 462191 0.06 100
55 0.1395742288691047 470360 0.06 100
56 0.13858148976431017 478526 0.06 100
57 0.13760180498396515 486689 0.06 100
58 0.13663780112051066 494850 0.06 100
59 0.13569160356538026 503007 0.06 100
60 0.1347646998258138 511164 0.06 100
61 0.1338579985058424 519316 0.06 100
62 0.13297199498609388 527470 0.06 100
63 0.13210695851506746 535616 0.06 100
64 0.131263089104894 543763 0.06 100
65 0.1304406260116197 551905 0.06 100
66 0.12963991088350574 560048 0.06 100
67 0.12886141742529814 568187 0.06 100
68 0.12810575874422545 576323 0.06 100
69 0.12737367775209046 584457 0.06 100
70 0.1266660200252027 592590 0.06 100
71 0.1259836866754425 600723 0.06 100
72 0.1253275689062781 608852 0.06 100
73 0.12469847358463378 616979 0.06 100
74 0.12409705418963345 625104 0.06 100
75 0.1235237587949971 633226 0.06 100
76 0.12297879764387096 641347 0.06 100
77 0.12246212408614601 649468 0.06 100
78 0.12197341890070015 657585 0.06 100
79 0.12151206857758007 665700 0.06 100
80 0.12107713042708687 673813 0.06 100
81 0.12066728099045304 681930 0.06 100
82 0.12028075240718496 690039 0.06 100
83 0.11991527915520406 698150 0.06 100
84 0.11956810397139521 706257 0.06 100
85 0.11923611290004305 714361 0.06 100
86 0.11891616427348742 722463 0.06 100
87 0.118605630700619 730564 0.06 100
88 0.11830308452870698 738666 0.06 100
89 0.11800894482781656 746764 0.06 100
90 0.11772581688392517 754860 0.06 100
91 0.11745823827868103 762954 0.06 100
92 0.11721167086923345 771048 0.06 100
93 0.11699095163036163 779137 0.06 100
94 0.11679886537229468 787231 0.06 100
95 0.11663550682571913 795318 0.06 100
96 0.11649845726455885 803403 0.06 100
97 0.11638320569646082 811486 0.06 100
98 0.11628346394245674 819567 0.06 100
99 0.11619162981816897 827652 0.06 100
