0 0.8080109608798498 23213 0.07 260
1 0.4663803138397098 46270 0.07 260
2 0.32678730013841323 69262 0.07 260
3 0.2735275861049528 92205 0.07 260
4 0.24274630695239727 115104 0.07 260
5 0.22283184577149803 137961 0.07 260
6 0.20872409091902544 160784 0.07 260
7 0.19804099741538617 183595 0.07 260
8 0.18974124611281976 206350 0.07 260
9 0.18330386686096828 229077 0.07 260
10 0.17831592293174414 251770 0.07 260
11 0.17436696398436313 274440 0.07 260
12 0.17107969791786298 297085 0.07 260
13 0.168173414219298 319706 0.07 260
14 0.16548614746463783 342299 0.07 260
15 0.1629478322171342 364863 0.07 260
16 0.16053790026542464 387415 0.07 260
17 0.15825231885928634 409925 0.07 260
18 0.1560870848618485 432408 0.07 260
19 0.1540346728809766 454865 0.07 260
20 0.15208628196886007 477293 0.07 260
21 0.15023445743361902 499705 0.07 260
22 0.1484741548178065 522082 0.07 260
23 0.1468024891571629 544429 0.07 260
24 0.14521798608095043 566749 0.07 260
25 0.14371990190447745 589038 0.07 260
26 0.14230778686479761 611304 0.07 260
27 0.14098127151861028 633540 0.07 260
28 0.13974005005707138 655750 0.07 260
29 0.13858404488448003 677945 0.07 260
30 0.13751366350194613 700106 0.07 260
31 0.1365299442823823 722318 0.07 260
32 0.13563435530363174 744441 0.07 260
33 0.1348281476061574 766530 0.07 260
34 0.1341114246707174 788589 0.07 260
35 0.13348229212101573 810625 0.07 260
36 0.13293642770845626 832643 0.07 260
37 0.13246718440100744 854630 0.07 260
38 0.1320660993838462 876601 0.07 260
39 0.13172358356880798 898530 0.07 260
40 0.13142960788256605 920439 0.07 260
41 0.13117429127541644 942326 0.07 260
42 0.1309483595439225 964197 0.07 260
43 0.13074347060069413 986041 0.07 260
44 0.13055240926103154 1007865 0.07 260
45 0.13036916044825708 1029670 0.07 260
46 0.1301888790674474 1051455 0.07 260
47 0.1300077844423957 1073219 0.07 260
48 0.1298230122940194 1094966 0.07 260
49 0.129632455284266 1116698 0.07 260
50 0.12943461531846928 1138410 0.07 260
51 0.12922848071912002 1160104 0.07 260
52 0.1290134325949196 1181785 0.07 260
53 0.12878917884926572 1203441 0.07 260
54 0.12855571103885927 1225081 0.07 260
55 0.1283132777299321 1246704 0.07 260
56 0.12806236738065127 1268310 0.07 260
57 0.12780369383082615 1289902 0.07 260
58 0.12753817815510105 1311482 0.07 260
59 0.12726692191437544 1333042 0.07 260
60 0.12699116869146024 1354586 0.07 260
61 0.1267122531682868 1376123 0.07 260
62 0.12643153974286722 1397631 0.07 260
63 0.12615035542000166 1419129 0.07 260
64 0.12586992379637618 1440608 0.07 260
65 0.1255913076655262 1462075 0.07 260
66 0.12531536665192247 1483531 0.07 260
67 0.1250427335316805 1504973 0.07 260
68 0.1247738093310221 1526399 0.07 260
69 0.12450877403063972 1547810 0.07 260
70 0.12424760769673752 1569208 0.07 260
71 0.12399011655364751 1590588 0.07 260
72 0.12373595973278467 1611955 0.07 260
73 0.12348467449037485 1633310 0.07 260
74 0.12323569968691268 1654652 0.07 260
75 0.12298839856620009 1675983 0.07 260
76 0.12274208214932456 1697305 0.07 260
77 0.12249603413695331 1718613 0.07 260
78 0.12224953756442844 1739914 0.07 260
79 0.12200190293896229 1761195 0.07 260
80 0.12175249730884007 1782467 0.07 260
81 0.1215007735698075 1803733 0.07 260
82 0.12124629914769564 1824979 0.07 260
83 0.12098878291523064 1846218 0.07 260
84 0.12072809881289212 1867444 0.07 260
85 0.12046430423700455 1888660 0.07 260
86 0.12019765096091191 1909863 0.07 260
87 0.11992858630036553 1931084 0.07 260
88 0.1196577425377302 1952263 0.07 260
89 0.11938591336065665 1973437 0.07 260
90 0.11911401726904725 1994595 0.07 260
91 0.11884304948690991 2015745 0.07 260
92 0.11857402568334915 2036888 0.07 260
93 0.11830792241944448 2058021 0.07 260
94 0.1180456202617868 2079145 0.07 260
95 0.11778785554479995 2100218 0.07 260
96 0.11753518565171762 2121189 0.07 260
97 0.1172879706036015 2142174 0.07 260
98 0.1170463712157292 2163125 0.07 260
99 0.11681036175772211 2184075 0.07 260
