0 0.9361665625027106 14142 0.07 160
1 0.5077475643801834 28255 0.07 160
2 0.35405015036828935 42313 0.07 160
3 0.28745844451802666 56364 0.07 160
4 0.25258427126468963 70439 0.07 160
5 0.23290095747117792 84490 0.07 160
6 0.2200527436454498 98510 0.07 160
7 0.2104855330854635 112502 0.07 160
8 0.20271317441152473 126470 0.07 160
9 0.1961066232002185 140413 0.07 160
10 0.19034040858470752 154332 0.07 160
11 0.18519946571082416 168228 0.07 160
12 0.18052847620438983 182102 0.07 160
13 0.17621972817149317 195951 0.07 160
14 0.17220692748022648 209782 0.07 160
15 0.1684558235562821 223594 0.07 160
16 0.16495183077246592 237380 0.07 160
17 0.16168901869699 251144 0.07 160
18 0.15866332058246518 264890 0.07 160
19 0.1558694416366941 278613 0.07 160
20 0.15329978100963979 292319 0.07 160
21 0.15094434981358587 306003 0.07 160
22 0.14879132889428864 319671 0.07 160
23 0.1468280463237719 333318 0.07 160
24 0.14504203376104366 346947 0.07 160
25 0.14342168033161845 360559 0.07 160
26 0.1419560522645519 374155 0.07 160
27 0.1406338320958449 387734 0.07 160
28 0.1394419273993336 401299 0.07 160
29 0.13836467472559 414848 0.07 160
30 0.1373843132316402 428381 0.07 160
31 0.13648262397798672 441902 0.07 160
32 0.13564295182552796 455406 0.07 160
33 0.13485175572567962 468899 0.07 160
34 0.13409926565521427 482376 0.07 160
35 0.1333793128176581 495842 0.07 160
36 0.1326886525997946 509298 0.07 160
37 0.1320261106905491 522740 0.07 160
38 0.1313917757179376 536168 0.07 160
39 0.13078634445868162 549586 0.07 160
40 0.1302106450162322 562990 0.07 160
41 0.12966532216746757 576386 0.07 160
42 0.12915065392338682 589766 0.07 160
43 0.12866646634503437 603136 0.07 160
44 0.12821211716334116 616496 0.07 160
45 0.12778652424013354 629847 0.07 160
46 0.12738822082403464 643187 0.07 160
47 0.1270154250033721 656518 0.07 160
48 0.12666611510587794 669840 0.07 160
49 0.12633810576892887 683154 0.07 160
50 0.12602912117012072 696462 0.07 160
51 0.12573686290057967 709765 0.07 160
52 0.12545907060499092 723055 0.07 160
53 0.12519357405443535 736334 0.07 160
54 0.12493833585380934 749607 0.07 160
55 0.12469148452583388 762876 0.07 160
56 0.12445133823024482 776135 0.07 160
57 0.12421641981300635 789383 0.07 160
58 0.12398546417649865 802626 0.07 160
59 0.12375741909343366 815859 0.07 160
60 0.12353144057871215 829086 0.07 160
61 0.12330688383485043 842305 0.07 160
62 0.12308329064734641 855517 0.07 160
63 0.12286037396252665 868722 0.07 160
64 0.1226380002544412 881921 0.07 160
65 0.12241617019064216 895113 0.07 160
66 0.12219499804045401 908300 0.07 160
67 0.12197469022372605 921485 0.07 160
68 0.12175552335367427 934659 0.07 160
69 0.12153782206125409 947830 0.07 160
70 0.12132193678467573 960999 0.07 160
71 0.12110822156832558 974158 0.07 160
72 0.12089701176869573 987310 0.07 160
73 0.12068860146465825 1000459 0.07 160
74 0.12048322038568869 1013600 0.07 160
75 0.12028101037265128 1026737 0.07 160
76 0.12008200181415077 1039867 0.07 160
77 0.1198860911473085 1052993 0.07 160
78 0.11969302129076226 1066111 0.07 160
79 0.11950236762308396 1079327 0.07 160
80 0.11931353259855805 1092436 0.07 160
81 0.11912575204213909 1105539 0.07 160
82 0.11893811535678762 1118638 0.07 160
83 0.11874960021017306 1131732 0.07 160
84 0.11855911990331713 1144821 0.07 160
85 0.11836557906769611 1157906 0.07 160
86 0.11816793138238789 1170989 0.07 160
87 0.1179652324596209 1184069 0.07 160
88 0.11775668234217988 1197145 0.07 160
89 0.11754165491801105 1210212 0.07 160
90 0.11731971502984313 1223282 0.07 160
91 0.11709062689617232 1236340 0.07 160
92 0.11685435867756704 1249395 0.07 160
93 0.116611087252689 1262449 0.07 160
94 0.11636120481185458 1275495 0.07 160
95 0.11610532555347945 1288543 0.07 160
96 0.11584428775001551 1301592 0.07 160
97 0.11557914502372521 1314632 0.07 160
98 0.11531114179425186 1327661 0.07 160
99 0.11504167151128634 1340692 0.07 160
