0 0.7072802266474654 17688 0.09 200
1 0.3673161039565767 35274 0.09 200
2 0.2768492676170629 52785 0.09 200
3 0.23889013824732466 70282 0.09 200
4 0.21723741020786222 87670 0.09 200
5 0.20220893874510623 104997 0.09 200
6 0.19084553844280341 122272 0.09 200
7 0.18205253084501474 139497 0.09 200
8 0.17518534677407932 156679 0.09 200
9 0.16974846994551443 173810 0.09 200
10 0.16536458706904938 190898 0.09 200
11 0.16177023695279366 207944 0.09 200
12 0.15879057919630105 224954 0.09 200
13 0.1562986437917441 241925 0.09 200
14 0.1541866149512806 258853 0.09 200
15 0.15235908648156865 275744 0.09 200
16 0.15073672545051534 292608 0.09 200
17 0.149259133549049 309435 0.09 200
18 0.1478846110564858 326223 0.09 200
19 0.14658822404798594 342977 0.09 200
20 0.14535894307839206 359704 0.09 200
21 0.14419588531447544 376431 0.09 200
22 0.14310390439442738 393105 0.09 200
23 0.14208927944831642 409749 0.09 200
24 0.1411563211661715 426371 0.09 200
25 0.14030530817839365 442965 0.09 200
26 0.13953175823009184 459525 0.09 200
27 0.13882686420978407 476060 0.09 200
28 0.1381788563992804 492572 0.09 200
29 0.1375749183850371 509061 0.09 200
30 0.1370031365614717 525518 0.09 200
31 0.1364539739511215 541952 0.09 200
32 0.13592097003798087 558362 0.09 200
33 0.1354006559587539 574754 0.09 200
34 0.1348918946825612 591125 0.09 200
35 0.13439494585980735 607469 0.09 200
36 0.13391053044394166 623793 0.09 200
37 0.13343908299792648 640099 0.09 200
38 0.13298028185146998 656387 0.09 200
39 0.1325328690608647 672652 0.09 200
40 0.13209471922049112 688899 0.09 200
41 0.13166308454036169 705132 0.09 200
42 0.1312349313798551 721350 0.09 200
43 0.1308072898544353 737544 0.09 200
44 0.13037755838831497 753723 0.09 200
45 0.1299437305051711 769890 0.09 200
46 0.12950453346209412 786058 0.09 200
47 0.12905948283525434 802180 0.09 200
48 0.12860886318188655 818297 0.09 200
49 0.12815364485878603 834390 0.09 200
50 0.1276953454134022 850477 0.09 200
51 0.1272358456847522 866544 0.09 200
52 0.12677717868372276 882600 0.09 200
53 0.1263213207403066 898643 0.09 200
54 0.12587002090079094 914680 0.09 200
55 0.1254246981455334 930703 0.09 200
56 0.12498641692869526 946713 0.09 200
57 0.12455592911405325 962712 0.09 200
58 0.12413375552090604 978705 0.09 200
59 0.12372027781368589 994689 0.09 200
60 0.12331581866364819 1010658 0.09 200
61 0.12292069880707038 1026623 0.09 200
62 0.12253526879040787 1042577 0.09 200
63 0.12215991882102173 1058521 0.09 200
64 0.1217950725221981 1074453 0.09 200
65 0.12144117061873569 1090376 0.09 200
66 0.12109864961038865 1106301 0.09 200
67 0.12076791888763228 1122212 0.09 200
68 0.12044933776233076 1138110 0.09 200
69 0.12014319163750625 1153999 0.09 200
70 0.1198496641531586 1169887 0.09 200
71 0.11956879992507545 1185770 0.09 200
72 0.11930045115805808 1201636 0.09 200
73 0.11904420237385112 1217495 0.09 200
74 0.1187992729230948 1233346 0.09 200
75 0.11856440908730641 1249194 0.09 200
76 0.11833779652416745 1265038 0.09 200
77 0.1181170438097036 1280867 0.09 200
78 0.11789929445512648 1296687 0.09 200
79 0.11768149919166701 1312503 0.09 200
80 0.11746081615181231 1328316 0.09 200
81 0.11723503101881351 1344122 0.09 200
82 0.1170028588992881 1359921 0.09 200
83 0.11676404170650638 1375713 0.09 200
84 0.11651925582488601 1391497 0.09 200
85 0.1162699142647401 1407271 0.09 200
86 0.11601794350417134 1423044 0.09 200
87 0.11576557135395002 1438814 0.09 200
88 0.1155151326123522 1454575 0.09 200
89 0.115268898523483 1470325 0.09 200
90 0.11502894374939455 1486068 0.09 200
91 0.11479706276341801 1501806 0.09 200
92 0.1145747366436201 1517542 0.09 200
93 0.11436314033593477 1533269 0.09 200
94 0.1141631755959611 1548995 0.09 200
95 0.113975515993291 1564716 0.09 200
96 0.11380065433758814 1580433 0.09 200
97 0.11363894662480843 1596142 0.09 200
98 0.11349064899382928 1611841 0.09 200
99 0.11335594565600868 1627533 0.09 200
