0 0.9567791157162254 17660 0.02 200
1 0.9493442103610817 35300 0.02 200
2 0.9282182073935915 52936 0.02 200
3 0.8795118178728168 70663 0.02 200
4 0.7730237146587838 88422 0.02 200
5 0.6549119690072757 106174 0.02 200
6 0.5618036721808324 123920 0.02 200
7 0.49671437353859865 141662 0.02 200
8 0.45229929872862135 159395 0.02 200
9 0.42006942363870053 177114 0.02 200
10 0.39476935584455114 194825 0.02 200
11 0.37389840310293554 212534 0.02 200
12 0.35623054020806333 230236 0.02 200
13 0.3410928920247553 247926 0.02 200
14 0.32805099322680603 265609 0.02 200
15 0.3167394099500796 283292 0.02 200
16 0.3068128638374725 300967 0.02 200
17 0.29796168783108 318634 0.02 200
18 0.2899301321156372 336297 0.02 200
19 0.2825206576869811 353953 0.02 200
20 0.27558988418641595 371607 0.02 200
21 0.26904227413532517 389253 0.02 200
22 0.2628224542039876 406893 0.02 200
23 0.25690553536658955 424726 0.02 200
24 0.2512864227279872 442359 0.02 200
25 0.24597004223578148 459988 0.02 200
26 0.2409638001551999 477606 0.02 200
27 0.23627261242233594 495219 0.02 200
28 0.23189622296990908 512830 0.02 200
29 0.227828294283406 530435 0.02 200
30 0.22405673880613317 548030 0.02 200
31 0.22056483563036677 565619 0.02 200
32 0.21733275783480388 583206 0.02 200
33 0.21433919606342666 600788 0.02 200
34 0.2115628197312126 618360 0.02 200
35 0.20898338404489333 635927 0.02 200
36 0.20658237867667298 653492 0.02 200
37 0.20434322187971432 671053 0.02 200
38 0.20225110528861004 688603 0.02 200
39 0.2002926515383621 706156 0.02 200
40 0.1984555427677134 723695 0.02 200
41 0.19672822980186977 741233 0.02 200
42 0.19509977067828432 758762 0.02 200
43 0.19355979600917522 776286 0.02 200
44 0.19209856704618847 793804 0.02 200
45 0.19070708149836652 811322 0.02 200
46 0.18937718737297868 828834 0.02 200
47 0.18810167804694808 846340 0.02 200
48 0.18687435492018348 863838 0.02 200
49 0.18569005333165808 881337 0.02 200
50 0.18454463229256163 898832 0.02 200
51 0.18343493030334995 916320 0.02 200
52 0.1823586899143304 933801 0.02 200
53 0.18131445421146894 951284 0.02 200
54 0.1803014396651906 968763 0.02 200
55 0.17931939159989405 986235 0.02 200
56 0.1783684303867549 1003703 0.02 200
57 0.17744889776276693 1021168 0.02 200
58 0.1765612129458679 1038628 0.02 200
59 0.17570574712761877 1056081 0.02 200
60 0.17488272250677714 1073539 0.02 200
61 0.17409213875309232 1090983 0.02 200
62 0.17333372644631856 1108427 0.02 200
63 0.17260692440236772 1125864 0.02 200
64 0.17191087635310584 1143297 0.02 200
65 0.17124444222834906 1160727 0.02 200
66 0.17060621997314201 1178155 0.02 200
67 0.16999457492742026 1195579 0.02 200
68 0.16940767484096889 1212996 0.02 200
69 0.16884352930086646 1230408 0.02 200
70 0.1683000326187587 1247821 0.02 200
71 0.16777500913407062 1265230 0.02 200
72 0.1672662596048042 1282630 0.02 200
73 0.1667716070672708 1300039 0.02 200
74 0.16628894039651088 1317433 0.02 200
75 0.16581625386222373 1334825 0.02 200
76 0.1653516812448836 1352210 0.02 200
77 0.1648935234905838 1369589 0.02 200
78 0.16444026935481285 1386970 0.02 200
79 0.16399060893614598 1404348 0.02 200
80 0.16354344037829635 1421714 0.02 200
81 0.16309787030071754 1439077 0.02 200
82 0.1626532087051455 1456436 0.02 200
83 0.16220895921213954 1473794 0.02 200
84 0.16176480552577555 1491145 0.02 200
85 0.1613205950222907 1508493 0.02 200
86 0.1608763203223048 1525836 0.02 200
87 0.16043209964537103 1543178 0.02 200
88 0.15998815666705746 1560518 0.02 200
89 0.15954480050810232 1577848 0.02 200
90 0.15910240638748294 1595175 0.02 200
91 0.15866139737087215 1612501 0.02 200
92 0.15822222754687332 1629826 0.02 200
93 0.15778536686905656 1647141 0.02 200
94 0.1573512878147632 1664456 0.02 200
95 0.15692045393420107 1681769 0.02 200
96 0.15649331029676458 1699076 0.02 200
97 0.15607027578649926 1716377 0.02 200
98 0.15565173715512165 1733681 0.02 200
99 0.1552380447081547 1750974 0.02 200
