0 0.9550893141339772 5307 0.03 60
1 0.9434353981651802 10606 0.03 60
2 0.8932412496682995 15900 0.03 60
3 0.8171992072059748 21188 0.03 60
4 0.7132103966417599 26470 0.03 60
5 0.6085845628599383 31746 0.03 60
6 0.5067156964205857 37002 0.03 60
7 0.4313510584983389 42236 0.03 60
8 0.38242969760447315 47451 0.03 60
9 0.34968432804446997 52651 0.03 60
10 0.3262997652723289 57835 0.03 60
11 0.3090835206008098 63005 0.03 60
12 0.2963445083894382 68163 0.03 60
13 0.2866691700793328 73313 0.03 60
14 0.27902622242689284 78453 0.03 60
15 0.2728168256844636 83601 0.03 60
16 0.26771698797847826 88726 0.03 60
17 0.26352878336349345 93849 0.03 60
18 0.26009037250869793 98962 0.03 60
19 0.25723814391433014 104070 0.03 60
20 0.25480540652597927 109172 0.03 60
21 0.2526387867282662 114271 0.03 60
22 0.2506162897863826 119367 0.03 60
23 0.24865728612972024 124458 0.03 60
24 0.24672125514121027 129542 0.03 60
25 0.24479790687196373 134621 0.03 60
26 0.24289417673573388 139703 0.03 60
27 0.24102262073732542 144774 0.03 60
28 0.23919313896796954 149841 0.03 60
29 0.23740831347306265 154905 0.03 60
30 0.23566229392242988 159965 0.03 60
31 0.23394281046241883 165019 0.03 60
32 0.23223502351115888 170068 0.03 60
33 0.23052547038640037 175113 0.03 60
34 0.22880481868017688 180155 0.03 60
35 0.2270688414941129 185192 0.03 60
36 0.22531764009332014 190225 0.03 60
37 0.22355372596617232 195267 0.03 60
38 0.22177993923529501 200291 0.03 60
39 0.21999802758900852 205359 0.03 60
40 0.21820817225741354 210383 0.03 60
41 0.21640923719674982 215397 0.03 60
42 0.21459931845871422 220408 0.03 60
43 0.21277629765833408 225414 0.03 60
44 0.2109382828366973 230417 0.03 60
45 0.20908389760722867 235419 0.03 60
46 0.2072124704287966 240415 0.03 60
47 0.20532425858513803 245407 0.03 60
48 0.203420807271655 250395 0.03 60
49 0.20150540648232554 255381 0.03 60
50 0.1995834681054644 260363 0.03 60
51 0.19766260171111483 265344 0.03 60
52 0.19575225289035397 270335 0.03 60
53 0.1938629408047902 275309 0.03 60
54 0.1920052961472151 280279 0.03 60
55 0.19018915765121583 285248 0.03 60
56 0.18842291381732196 290216 0.03 60
57 0.18671315058443688 295184 0.03 60
58 0.18506456829080695 300149 0.03 60
59 0.1834800887032169 305106 0.03 60
60 0.1819610713319512 310064 0.03 60
61 0.18050757690933275 315016 0.03 60
62 0.17911863790662463 319967 0.03 60
63 0.17779251210567004 324963 0.03 60
64 0.17652690510542368 329909 0.03 60
65 0.17531915461433611 334853 0.03 60
66 0.17416637538101032 339794 0.03 60
67 0.1730655683393661 344734 0.03 60
68 0.17201370022799656 349672 0.03 60
69 0.17100776056099512 354614 0.03 60
70 0.17004480205597863 359548 0.03 60
71 0.16912196930653534 364481 0.03 60
72 0.16823651919734117 369412 0.03 60
73 0.16738583551108197 374342 0.03 60
74 0.1665674393643488 379276 0.03 60
75 0.1657789964885216 384210 0.03 60
76 0.16501832191278512 389136 0.03 60
77 0.1642833822919394 394062 0.03 60
78 0.16357229593502395 398984 0.03 60
79 0.16288333051791748 403904 0.03 60
80 0.16221489849344395 408823 0.03 60
81 0.16156555033318884 413739 0.03 60
82 0.16093396592178022 418655 0.03 60
83 0.16031894463419788 423568 0.03 60
84 0.15971939480197692 428481 0.03 60
85 0.15913432335611155 433391 0.03 60
86 0.15856282638418207 438301 0.03 60
87 0.1580040811566521 443209 0.03 60
88 0.15745733990576558 448118 0.03 60
89 0.15692192535294264 453024 0.03 60
90 0.15639722775159776 457931 0.03 60
91 0.15588270308776908 462840 0.03 60
92 0.1553778720613867 467748 0.03 60
93 0.15488231951536788 472649 0.03 60
94 0.15439569402886374 477550 0.03 60
95 0.15391770739874186 482449 0.03 60
96 0.15344813368933083 487348 0.03 60
97 0.1529868074641664 492245 0.03 60
98 0.15253362077817903 497141 0.03 60
99 0.15208851855440012 502036 0.03 60
