0 0.9558696077694505 8842 0.02 100
1 0.9526555002032836 17675 0.02 100
2 0.9439571827897452 26540 0.02 100
3 0.9123555922154513 35425 0.02 100
4 0.8324518056551035 44300 0.02 100
5 0.7236280908096726 53172 0.02 100
6 0.6304658839785141 62035 0.02 100
7 0.5562189830056412 70889 0.02 100
8 0.49739128976388963 79736 0.02 100
9 0.45098022710774077 88577 0.02 100
10 0.4142952498976067 97406 0.02 100
11 0.38578484962584725 106228 0.02 100
12 0.3632811671141226 115040 0.02 100
13 0.3447738413394949 123845 0.02 100
14 0.3291212848360475 132648 0.02 100
15 0.315710796728992 141442 0.02 100
16 0.30414094676339326 150226 0.02 100
17 0.29409231525428103 159003 0.02 100
18 0.2852972005615918 167775 0.02 100
19 0.27753525860636596 176542 0.02 100
20 0.27062859935208566 185308 0.02 100
21 0.2644338578975685 194064 0.02 100
22 0.2588344389000295 202816 0.02 100
23 0.25373484648376926 211564 0.02 100
24 0.24905703254259753 220316 0.02 100
25 0.24473793268830848 229055 0.02 100
26 0.2407274218504235 237795 0.02 100
27 0.23698624554044723 246526 0.02 100
28 0.23348384435137662 255253 0.02 100
29 0.23019624507049039 264017 0.02 100
30 0.22710425310640453 272737 0.02 100
31 0.2241920817074157 281457 0.02 100
32 0.22144640791230422 290171 0.02 100
33 0.21885575073267774 298879 0.02 100
34 0.2164100503776305 307583 0.02 100
35 0.21410035975115058 316285 0.02 100
36 0.21191860128701848 324984 0.02 100
37 0.20985737089319942 333683 0.02 100
38 0.20790978319324155 342375 0.02 100
39 0.2060693545587285 351063 0.02 100
40 0.20432991921080543 359747 0.02 100
41 0.20268557251665426 368435 0.02 100
42 0.20113063555275135 377113 0.02 100
43 0.19965963586337732 385793 0.02 100
44 0.19826730052548538 394466 0.02 100
45 0.1969485585613991 403136 0.02 100
46 0.19569855011426426 411802 0.02 100
47 0.19451263969901456 420470 0.02 100
48 0.19338643061534197 429138 0.02 100
49 0.19231577762807495 437800 0.02 100
50 0.19129679546399392 446455 0.02 100
51 0.19032586148363764 455107 0.02 100
52 0.18939961185644913 463757 0.02 100
53 0.18851493147851284 472403 0.02 100
54 0.18766893857904318 481052 0.02 100
55 0.1868589654130669 489693 0.02 100
56 0.18608253664860055 498331 0.02 100
57 0.1853373470727061 506967 0.02 100
58 0.18462124010996384 515600 0.02 100
59 0.18393218840576994 524231 0.02 100
60 0.1832682774021078 532863 0.02 100
61 0.1826276924504539 541488 0.02 100
62 0.1820087095990286 550157 0.02 100
63 0.1814096898038617 558777 0.02 100
64 0.18082907599329892 567394 0.02 100
65 0.18026539220390728 576008 0.02 100
66 0.17971724392344926 584626 0.02 100
67 0.17918331882057503 593235 0.02 100
68 0.17866238718574293 601842 0.02 100
69 0.17815330161445395 610447 0.02 100
70 0.1776549956893952 619050 0.02 100
71 0.17716648162606044 627655 0.02 100
72 0.17668684701203538 636256 0.02 100
73 0.17621525088176285 644850 0.02 100
74 0.1757509194258317 653443 0.02 100
75 0.17529314164323748 662034 0.02 100
76 0.17484126521687268 670622 0.02 100
77 0.17439469283738684 679212 0.02 100
78 0.1739528791289639 687795 0.02 100
79 0.17351532825179233 696378 0.02 100
80 0.1730815921787005 704956 0.02 100
81 0.17265126957443833 713537 0.02 100
82 0.17222400515056568 722110 0.02 100
83 0.17179948932970848 730686 0.02 100
84 0.1713774580311791 739255 0.02 100
85 0.1709576923852469 747821 0.02 100
86 0.17054001819439837 756384 0.02 100
87 0.17012430498431064 764946 0.02 100
88 0.1697104645221692 773510 0.02 100
89 0.1692984487215697 782068 0.02 100
90 0.1688882468980095 790623 0.02 100
91 0.16847988238304543 799176 0.02 100
92 0.16807340854565275 807726 0.02 100
93 0.16766890430375375 816274 0.02 100
94 0.16726646923595143 824825 0.02 100
95 0.16686621842266078 833369 0.02 100
96 0.16646827715714124 841912 0.02 100
97 0.16607277567102066 850451 0.02 100
98 0.16567984401645697 858990 0.02 100
99 0.16528960723893443 867525 0.02 100
