0 0.9603072635253979 26619 0.05 300
1 0.6990152591356728 53196 0.05 300
2 0.48657216603456344 79731 0.05 300
3 0.37718452621837056 106223 0.05 300
4 0.32477211708918197 132676 0.05 300
5 0.29462894164592857 159096 0.05 300
6 0.2732925598648044 185490 0.05 300
7 0.25634993018340974 211856 0.05 300
8 0.242782719777484 238193 0.05 300
9 0.23195572294098674 264910 0.05 300
10 0.22317021691659505 291197 0.05 300
11 0.21586315712300752 317463 0.05 300
12 0.20966024405639871 343724 0.05 300
13 0.2043164706137147 369941 0.05 300
14 0.19963769988031704 396138 0.05 300
15 0.19544343920872953 422402 0.05 300
16 0.19157366126259892 448555 0.05 300
17 0.1879119051544603 474684 0.05 300
18 0.18439583151129157 500797 0.05 300
19 0.1810057859493915 526882 0.05 300
20 0.17774347237418398 552980 0.05 300
21 0.17461521024663823 579050 0.05 300
22 0.1716245831142872 605084 0.05 300
23 0.16877205141351767 631092 0.05 300
24 0.16605731936428847 657081 0.05 300
25 0.16348133100356244 683047 0.05 300
26 0.161046586655273 709001 0.05 300
27 0.15875596561344826 734935 0.05 300
28 0.1566109888899577 760849 0.05 300
29 0.15461045761085407 786746 0.05 300
30 0.15274995108158962 812629 0.05 300
31 0.1510221608445329 838494 0.05 300
32 0.14941774402879884 864342 0.05 300
33 0.14792633755495735 890176 0.05 300
34 0.14653747280706927 916002 0.05 300
35 0.1452412545232046 941806 0.05 300
36 0.14402876605660825 967599 0.05 300
37 0.14289222780069713 993370 0.05 300
38 0.14182497108595601 1019127 0.05 300
39 0.14082130138225607 1044873 0.05 300
40 0.1398763176825951 1070602 0.05 300
41 0.13898573647802112 1096317 0.05 300
42 0.1381457465440066 1122018 0.05 300
43 0.1373529017227374 1147785 0.05 300
44 0.13660404711191979 1173469 0.05 300
45 0.13589626989143117 1199131 0.05 300
46 0.13522686680437648 1224786 0.05 300
47 0.13459332274286676 1250437 0.05 300
48 0.13399329687531586 1276065 0.05 300
49 0.1334246137505513 1301683 0.05 300
50 0.13288525714461447 1327284 0.05 300
51 0.1323733645671405 1352870 0.05 300
52 0.13188722066263353 1378448 0.05 300
53 0.1314252483661829 1404213 0.05 300
54 0.13098599753777748 1429762 0.05 300
55 0.13056813168318399 1455384 0.05 300
56 0.13017041400352136 1480909 0.05 300
57 0.129791694214479 1506421 0.05 300
58 0.12943089731795976 1531928 0.05 300
59 0.1290870149316259 1557423 0.05 300
60 0.1287590991107195 1582902 0.05 300
61 0.12844625805246332 1608375 0.05 300
62 0.12814765279839477 1633836 0.05 300
63 0.127862494075272 1659283 0.05 300
64 0.12759003867288035 1684722 0.05 300
65 0.1273295851241376 1710150 0.05 300
66 0.12708046880302112 1735572 0.05 300
67 0.1268420567987192 1761003 0.05 300
68 0.12661374302263703 1786399 0.05 300
69 0.12639494396933235 1811789 0.05 300
70 0.1261850954251769 1837170 0.05 300
71 0.12598365025228772 1862538 0.05 300
72 0.125790077216676 1887905 0.05 300
73 0.1256038607097861 1913263 0.05 300
74 0.12542450114456255 1938603 0.05 300
75 0.12525151578845975 1963933 0.05 300
76 0.12508443981350503 1989306 0.05 300
77 0.12492282738036856 2014624 0.05 300
78 0.12476625261240236 2039929 0.05 300
79 0.12461431034434717 2065222 0.05 300
80 0.12446661654287068 2090505 0.05 300
81 0.12432280829361053 2115780 0.05 300
82 0.12418254323927852 2141047 0.05 300
83 0.12404549834676254 2166301 0.05 300
84 0.12391136788962016 2191549 0.05 300
85 0.12377986056491784 2216790 0.05 300
86 0.12365069572384904 2242113 0.05 300
87 0.12352359878144731 2267338 0.05 300
88 0.12339829597319799 2292559 0.05 300
89 0.12327450873216747 2317770 0.05 300
90 0.12315194805386091 2342988 0.05 300
91 0.12303030928308102 2368180 0.05 300
92 0.12290926778658996 2393369 0.05 300
93 0.12278847596205736 2418549 0.05 300
94 0.12266756197788946 2443715 0.05 300
95 0.12254613054561823 2468877 0.05 300
96 0.1224237659051804 2493965 0.05 300
97 0.12230003706378047 2519028 0.05 300
98 0.1221745051810184 2544071 0.05 300
99 0.12204673284568276 2569103 0.05 300
