0 0.958069244791987 17666 0.03 200
1 0.9310765100975202 35314 0.03 200
2 0.8211557533040189 52957 0.03 200
3 0.6429782485312918 70702 0.03 200
4 0.5158056469425617 88450 0.03 200
5 0.444710775254976 106178 0.03 200
6 0.4001476647512021 123889 0.03 200
7 0.36739304670514644 141592 0.03 200
8 0.3415730645564385 159285 0.03 200
9 0.32069278497104015 176962 0.03 200
10 0.30348831235494156 194640 0.03 200
11 0.28894441084503986 212305 0.03 200
12 0.27632430958474247 229957 0.03 200
13 0.2651501961095283 247598 0.03 200
14 0.25513416522967636 265230 0.03 200
15 0.24611285691462986 282854 0.03 200
16 0.2379907003923298 300471 0.03 200
17 0.23069734018686278 318075 0.03 200
18 0.22416414748434838 335670 0.03 200
19 0.21831669729995737 353258 0.03 200
20 0.21307658070282373 370838 0.03 200
21 0.20836668996252963 388407 0.03 200
22 0.2041163648955385 405968 0.03 200
23 0.20026468872838954 423520 0.03 200
24 0.19676127537803184 441067 0.03 200
25 0.1935648039350218 458605 0.03 200
26 0.19064040494812956 476132 0.03 200
27 0.18795721638995322 493652 0.03 200
28 0.18548691110095522 511168 0.03 200
29 0.1832032784443901 528676 0.03 200
30 0.18108249024490272 546173 0.03 200
31 0.1791035787182381 563690 0.03 200
32 0.17724876933575168 581178 0.03 200
33 0.17550349377627866 598658 0.03 200
34 0.17385606881261895 616128 0.03 200
35 0.1722971374225691 633593 0.03 200
36 0.17081902202461596 651056 0.03 200
37 0.16941513558925556 668510 0.03 200
38 0.16807954846486123 685963 0.03 200
39 0.1668067434613974 703422 0.03 200
40 0.16559153416730657 720858 0.03 200
41 0.16442908752702765 738288 0.03 200
42 0.1633149856401514 755711 0.03 200
43 0.16224527713658507 773128 0.03 200
44 0.16121649303680974 790539 0.03 200
45 0.16022562415487196 807946 0.03 200
46 0.15927007058890574 825347 0.03 200
47 0.15834757819480522 842741 0.03 200
48 0.15745617501681164 860127 0.03 200
49 0.15659411595401931 877512 0.03 200
50 0.15575983910793098 894891 0.03 200
51 0.15495193367291546 912261 0.03 200
52 0.1541691172495207 929639 0.03 200
53 0.15341021980629133 947000 0.03 200
54 0.15267417169963113 964357 0.03 200
55 0.15195999374464544 981706 0.03 200
56 0.15126678801860327 999051 0.03 200
57 0.1505937287079281 1016391 0.03 200
58 0.14994005280014727 1033726 0.03 200
59 0.14930505074740666 1051054 0.03 200
60 0.14868805739657287 1068375 0.03 200
61 0.1480884435263631 1085691 0.03 200
62 0.14750560830207865 1103006 0.03 200
63 0.14693897290158817 1120313 0.03 200
64 0.14638797551646615 1137614 0.03 200
65 0.1458520678984928 1154912 0.03 200
66 0.14533071358545438 1172206 0.03 200
67 0.14482338786469323 1189498 0.03 200
68 0.14432957938461685 1206779 0.03 200
69 0.1438487930960806 1224055 0.03 200
70 0.14338055393104648 1241331 0.03 200
71 0.14292441037708412 1258599 0.03 200
72 0.14247993697089972 1275862 0.03 200
73 0.1420467347826676 1293125 0.03 200
74 0.14162442921844273 1310379 0.03 200
75 0.1412126648923165 1327627 0.03 200
76 0.1408110978241671 1344870 0.03 200
77 0.14041938569122933 1362109 0.03 200
78 0.14003717720247122 1379344 0.03 200
79 0.13966410181279026 1396578 0.03 200
80 0.13929976093791321 1413802 0.03 200
81 0.13894372160422802 1431022 0.03 200
82 0.13859551313319166 1448240 0.03 200
83 0.138254627089016 1465458 0.03 200
84 0.1379205203736212 1482665 0.03 200
85 0.13759262107705192 1499883 0.03 200
86 0.13727033650417803 1517085 0.03 200
87 0.13695306270010246 1534283 0.03 200
88 0.1366401947758906 1551474 0.03 200
89 0.13633113737723832 1568660 0.03 200
90 0.13602531472554816 1585844 0.03 200
91 0.13572217977864529 1603024 0.03 200
92 0.1354212221928715 1620195 0.03 200
93 0.13512197490519673 1637364 0.03 200
94 0.13482401927956128 1654528 0.03 200
95 0.13452698886396663 1671692 0.03 200
96 0.1342305718754477 1688847 0.03 200
97 0.13393451256529224 1705998 0.03 200
98 0.13363861161793464 1723145 0.03 200
99 0.1333427257096246 1740290 0.03 200
