0 0.9554030604601803 10589 0.04 120
1 0.9015645515829723 21170 0.04 120
2 0.7109020269387657 31743 0.04 120
3 0.558728455771341 42289 0.04 120
4 0.4643143537991122 52810 0.04 120
5 0.3998202431279746 63311 0.04 120
6 0.3532467841111906 73798 0.04 120
7 0.32044123580559514 84264 0.04 120
8 0.29637272786721963 94726 0.04 120
9 0.2779308718078732 105169 0.04 120
10 0.26304179622039636 115594 0.04 120
11 0.25039862438881694 126006 0.04 120
12 0.23945362623545066 136405 0.04 120
13 0.23005325517468542 146797 0.04 120
14 0.22209504961388676 157175 0.04 120
15 0.21539619430241302 167542 0.04 120
16 0.20973144765246146 177904 0.04 120
17 0.20489690443493186 188252 0.04 120
18 0.20073603978882487 198592 0.04 120
19 0.19713622349998033 208925 0.04 120
20 0.19401544904219173 219247 0.04 120
21 0.1913098591771333 229565 0.04 120
22 0.1889653865250707 239870 0.04 120
23 0.1869336284230877 250168 0.04 120
24 0.1851705789855657 260464 0.04 120
25 0.18363649108391045 270746 0.04 120
26 0.18229574604457374 281038 0.04 120
27 0.1811164277869546 291308 0.04 120
28 0.18006978402401289 301575 0.04 120
29 0.1791298423980975 311830 0.04 120
30 0.1782733031708019 322081 0.04 120
31 0.17747965249467845 332328 0.04 120
32 0.17673135068983617 342568 0.04 120
33 0.17601396130752944 352796 0.04 120
34 0.17531615009655305 363018 0.04 120
35 0.1746295458346478 373239 0.04 120
36 0.17394849179037108 383450 0.04 120
37 0.17326972632536333 393655 0.04 120
38 0.1725920235904614 403858 0.04 120
39 0.1719158116947603 414063 0.04 120
40 0.17124277522951054 424250 0.04 120
41 0.17057544675315564 434432 0.04 120
42 0.169916797935596 444608 0.04 120
43 0.16926985102768588 454780 0.04 120
44 0.16863733845580364 464948 0.04 120
45 0.1680214374983747 475114 0.04 120
46 0.1674235975302569 485271 0.04 120
47 0.16684446304893216 495431 0.04 120
48 0.16628388217137335 505582 0.04 120
49 0.16574098155494282 515724 0.04 120
50 0.16521428575587613 525861 0.04 120
51 0.16470186046157048 535993 0.04 120
52 0.16420146258228624 546125 0.04 120
53 0.16371068417526446 556249 0.04 120
54 0.16322708089277652 566365 0.04 120
55 0.16274827906284942 576482 0.04 120
56 0.1622720587320804 586589 0.04 120
57 0.16179641291935473 596692 0.04 120
58 0.16131958561874618 606788 0.04 120
59 0.16084009241331024 616892 0.04 120
60 0.16035672781449734 626979 0.04 120
61 0.1598685628451605 637062 0.04 120
62 0.15937493538342873 647144 0.04 120
63 0.15887543484013322 657217 0.04 120
64 0.15836988214014924 667287 0.04 120
65 0.15785830576689683 677362 0.04 120
66 0.15734091468532527 687421 0.04 120
67 0.15681806910770185 697476 0.04 120
68 0.1562902501810216 707527 0.04 120
69 0.1557580297042977 717578 0.04 120
70 0.1552220409310481 727619 0.04 120
71 0.15468295139470395 737663 0.04 120
72 0.154141438523272 747717 0.04 120
73 0.15359816858881392 757746 0.04 120
74 0.15305377927665176 767770 0.04 120
75 0.15250886588269444 777791 0.04 120
76 0.15196397089195235 787810 0.04 120
77 0.1514195764949674 797823 0.04 120
78 0.15087609948430047 807835 0.04 120
79 0.15033388793847322 817845 0.04 120
80 0.14979321912380986 827846 0.04 120
81 0.14925429809830057 837844 0.04 120
82 0.14871725656958174 847836 0.04 120
83 0.14818215164043572 857825 0.04 120
84 0.1476489641786249 867811 0.04 120
85 0.14711759668130328 877804 0.04 120
86 0.14658787066935125 887786 0.04 120
87 0.14605952383774348 897760 0.04 120
88 0.14553220739405354 907740 0.04 120
89 0.145005484230627 917710 0.04 120
90 0.14447882880032498 927738 0.04 120
91 0.14395162981785245 937779 0.04 120
92 0.14342319720428975 947813 0.04 120
93 0.1428927750192514 957843 0.04 120
94 0.14235956240550335 967874 0.04 120
95 0.14182274461827638 977897 0.04 120
96 0.1412815357053115 987916 0.04 120
97 0.1407352329444868 997933 0.04 120
98 0.14018328045651335 1007950 0.04 120
99 0.13962533566973911 1017963 0.04 120
