0 0.9537681544807206 8861 0.01 100
1 0.9528152263379446 17699 0.01 100
2 0.9515931808456348 26540 0.01 100
3 0.9498550000232372 35380 0.01 100
4 0.9471206315102718 44217 0.01 100
5 0.9423188235094008 53055 0.01 100
6 0.9329995718620109 61893 0.01 100
7 0.9154999854879552 70729 0.01 100
8 0.8876318992802152 79564 0.01 100
9 0.8466614562222139 88394 0.01 100
10 0.7952511072546409 97223 0.01 100
11 0.7421378177177955 106048 0.01 100
12 0.6926028619920104 114877 0.01 100
13 0.6479086575049781 123698 0.01 100
14 0.6080610768382201 132513 0.01 100
15 0.5726158597091496 141325 0.01 100
16 0.5410346579306031 150135 0.01 100
17 0.5129032789750699 158939 0.01 100
18 0.4878586118659151 167739 0.01 100
19 0.46552126869332844 176535 0.01 100
20 0.4455553968783471 185331 0.01 100
21 0.4277185034960104 194119 0.01 100
22 0.41183253651543617 202906 0.01 100
23 0.3977149288384817 211687 0.01 100
24 0.38513525733592596 220465 0.01 100
25 0.37383674399313416 229237 0.01 100
26 0.3635846699157129 238007 0.01 100
27 0.35419295545586804 246776 0.01 100
28 0.3455253062208237 255542 0.01 100
29 0.33748527044548204 264300 0.01 100
30 0.33000455434312376 273057 0.01 100
31 0.323033033157729 281809 0.01 100
32 0.31653130942115154 290559 0.01 100
33 0.31046575829629597 299307 0.01 100
34 0.3048056313209334 308050 0.01 100
35 0.29952165059490027 316790 0.01 100
36 0.2945855404043152 325528 0.01 100
37 0.28997005333277925 334266 0.01 100
38 0.2856491901784976 342999 0.01 100
39 0.2815984393381667 351731 0.01 100
40 0.2777949512846758 360459 0.01 100
41 0.2742176204586931 369183 0.01 100
42 0.27084708075905883 377905 0.01 100
43 0.26766563844905444 386626 0.01 100
44 0.2646571707772017 395349 0.01 100
45 0.26180701365442954 404069 0.01 100
46 0.2591018525222934 412783 0.01 100
47 0.2565296217684421 421496 0.01 100
48 0.25407941225433606 430205 0.01 100
49 0.25174138411835756 438912 0.01 100
50 0.24950668210466773 447621 0.01 100
51 0.24736735194516232 456325 0.01 100
52 0.2453162577066883 465027 0.01 100
53 0.2433470009227269 473727 0.01 100
54 0.2414538426523911 482425 0.01 100
55 0.23963162952574688 491122 0.01 100
56 0.23787572458203035 499819 0.01 100
57 0.2361819434565985 508512 0.01 100
58 0.23454649629228638 517208 0.01 100
59 0.23296593563348236 525897 0.01 100
60 0.23143711046411533 534585 0.01 100
61 0.22995712643265812 543272 0.01 100
62 0.2285233121503532 551959 0.01 100
63 0.22713319126281098 560643 0.01 100
64 0.22578445980865786 569325 0.01 100
65 0.2244749682248483 578004 0.01 100
66 0.22320270726089242 586682 0.01 100
67 0.22196579703251132 595362 0.01 100
68 0.22076247847308678 604038 0.01 100
69 0.21959110651303299 612711 0.01 100
70 0.21845014441417362 621382 0.01 100
71 0.21733815879206417 630052 0.01 100
72 0.21625381496281412 638719 0.01 100
73 0.2151958723466369 647388 0.01 100
74 0.21416317974609347 656053 0.01 100
75 0.21315467039274377 664717 0.01 100
76 0.21216935672181844 673379 0.01 100
77 0.2112063248900494 682046 0.01 100
78 0.21026472909598565 690707 0.01 100
79 0.2093437857935649 699369 0.01 100
80 0.20844276790789076 708025 0.01 100
81 0.2075609991671343 716679 0.01 100
82 0.20669784865794763 725333 0.01 100
83 0.20585272569611648 733985 0.01 100
84 0.20502507508281045 742639 0.01 100
85 0.2042143727930017 751289 0.01 100
86 0.20342012211941018 759937 0.01 100
87 0.20264185027497542 768584 0.01 100
88 0.20187910544060808 777228 0.01 100
89 0.20113145423329426 785871 0.01 100
90 0.2003984795622672 794516 0.01 100
91 0.19967977883720683 803157 0.01 100
92 0.19897496249145813 811796 0.01 100
93 0.19828365278419977 820434 0.01 100
94 0.1976054828475851 829076 0.01 100
95 0.19694009594764397 837711 0.01 100
96 0.1962871449306506 846382 0.01 100
97 0.19564629182958052 855062 0.01 100
98 0.19501720760792557 863741 0.01 100
99 0.19439957202048952 872415 0.01 100
