0 0.9512930204586945 5307 0.01 60
1 0.9507424497585513 10600 0.01 60
2 0.9499652775566372 15895 0.01 60
3 0.9487140710245394 21188 0.01 60
4 0.9463794471088093 26481 0.01 60
5 0.9413441232871497 31776 0.01 60
6 0.9307658527238323 37071 0.01 60
7 0.9154408159497658 42366 0.01 60
8 0.8993933302141535 47660 0.01 60
9 0.8828334628079182 52947 0.01 60
10 0.8628654194871572 58230 0.01 60
11 0.8369110264408854 63518 0.01 60
12 0.8072210206449536 68798 0.01 60
13 0.7767948371945739 74078 0.01 60
14 0.746834327899661 79355 0.01 60
15 0.7177897806639174 84630 0.01 60
16 0.6895622235646753 89902 0.01 60
17 0.6616401006667373 95172 0.01 60
18 0.6332252639117716 100437 0.01 60
19 0.6036698564767639 105702 0.01 60
20 0.5732584628381882 110960 0.01 60
21 0.5432810711962718 116215 0.01 60
22 0.5150933723106561 121460 0.01 60
23 0.48941600240082533 126703 0.01 60
24 0.46634139161727783 131944 0.01 60
25 0.44564010978333446 137178 0.01 60
26 0.42702057669954097 142402 0.01 60
27 0.4102339839808008 147621 0.01 60
28 0.3950826011083364 152840 0.01 60
29 0.3814035058120521 158049 0.01 60
30 0.3690558380924307 163253 0.01 60
31 0.3579130323121329 168452 0.01 60
32 0.347857792376011 173646 0.01 60
33 0.3387801841942892 178837 0.01 60
34 0.3305792566169307 184023 0.01 60
35 0.3231663370248715 189207 0.01 60
36 0.3164668794982914 194393 0.01 60
37 0.31041903730750225 199568 0.01 60
38 0.30496948936744295 204739 0.01 60
39 0.300068474398094 209909 0.01 60
40 0.2956660177986967 215073 0.01 60
41 0.29171047369819336 220238 0.01 60
42 0.28814932840425284 225401 0.01 60
43 0.2849313079135939 230557 0.01 60
44 0.2820086287386503 235709 0.01 60
45 0.27933862282267824 240864 0.01 60
46 0.2768844945406206 246010 0.01 60
47 0.27461531940675143 251154 0.01 60
48 0.27250553551162987 256296 0.01 60
49 0.27053418485083613 261436 0.01 60
50 0.26868410245216123 266575 0.01 60
51 0.2669411738214602 271713 0.01 60
52 0.2652937139023693 276847 0.01 60
53 0.2637319751286238 281980 0.01 60
54 0.26224776826182933 287111 0.01 60
55 0.26083417184545327 292240 0.01 60
56 0.2594853073300637 297367 0.01 60
57 0.2581961616929867 302492 0.01 60
58 0.2569624444398864 307620 0.01 60
59 0.25578046993213965 312747 0.01 60
60 0.25464705884789685 317868 0.01 60
61 0.25355945449840056 322988 0.01 60
62 0.2525152509833131 328111 0.01 60
63 0.2515123310095894 333228 0.01 60
64 0.25054881177172267 338343 0.01 60
65 0.2496229976972785 343460 0.01 60
66 0.24873333916745474 348574 0.01 60
67 0.2478783965695828 353685 0.01 60
68 0.24705680924693532 358796 0.01 60
69 0.24626726908181215 363907 0.01 60
70 0.24550849856952822 369015 0.01 60
71 0.24477923330027554 374123 0.01 60
72 0.24407820875698655 379228 0.01 60
73 0.24340415126755305 384334 0.01 60
74 0.2427557728392447 389437 0.01 60
75 0.24213176947951198 394545 0.01 60
76 0.24153082249720206 399651 0.01 60
77 0.24095160220099243 404752 0.01 60
78 0.2403927733761206 409852 0.01 60
79 0.239853001925776 414952 0.01 60
80 0.23933096210366836 420052 0.01 60
81 0.23882534383198534 425151 0.01 60
82 0.23833485968768606 430246 0.01 60
83 0.23785825124463816 435340 0.01 60
84 0.2373942945740084 440436 0.01 60
85 0.23694180482360563 445529 0.01 60
86 0.23649963990919048 450620 0.01 60
87 0.23606670344658434 455712 0.01 60
88 0.2356419471221427 460801 0.01 60
89 0.2352243727326919 465890 0.01 60
90 0.2348130341203324 470976 0.01 60
91 0.2344070391839424 476063 0.01 60
92 0.23400555207481255 481149 0.01 60
93 0.23360779559044748 486234 0.01 60
94 0.23321305368313952 491320 0.01 60
95 0.23282067391364888 496407 0.01 60
96 0.23243006961822096 501504 0.01 60
97 0.2320407215273935 506595 0.01 60
98 0.23165217857975712 511686 0.01 60
99 0.2312640577092152 516779 0.01 60
