0 0.9527647856224682 7059 0.04 80
1 0.8979736666792735 14112 0.04 80
2 0.718157036664894 21148 0.04 80
3 0.5633300421320122 28161 0.04 80
4 0.4701424546885746 35145 0.04 80
5 0.4068452032609226 42102 0.04 80
6 0.35820943278581074 49035 0.04 80
7 0.32074060721493347 55947 0.04 80
8 0.29365098400284284 62840 0.04 80
9 0.2750642640080687 69718 0.04 80
10 0.2624198411606963 76584 0.04 80
11 0.2535789282831089 83439 0.04 80
12 0.24713820943235576 90286 0.04 80
13 0.24227634411317928 97123 0.04 80
14 0.23851996751667945 103950 0.04 80
15 0.23557512145575632 110767 0.04 80
16 0.2332326205633079 117577 0.04 80
17 0.23132559907946215 124379 0.04 80
18 0.22971586365966506 131174 0.04 80
19 0.22829020710281908 137959 0.04 80
20 0.22695657640757033 144739 0.04 80
21 0.22563879294280262 151511 0.04 80
22 0.22427236789546537 158276 0.04 80
23 0.2228032550283812 165032 0.04 80
24 0.22118933027675677 171781 0.04 80
25 0.21940306084825265 178521 0.04 80
26 0.21743359703552878 185255 0.04 80
27 0.21528707725222196 191981 0.04 80
28 0.2129848893093097 198700 0.04 80
29 0.21056040193185455 205415 0.04 80
30 0.2080548575865577 212123 0.04 80
31 0.20551293337659868 218823 0.04 80
32 0.20297837217142137 225515 0.04 80
33 0.20049013720656675 232200 0.04 80
34 0.1980795615745185 238880 0.04 80
35 0.19576881867956838 245551 0.04 80
36 0.1935707678100509 252217 0.04 80
37 0.19148995282798603 258877 0.04 80
38 0.18952435034805376 265532 0.04 80
39 0.18766741143632135 272180 0.04 80
40 0.18591000191801654 278824 0.04 80
41 0.18424197962211838 285463 0.04 80
42 0.18265330173012895 292098 0.04 80
43 0.18113468451077316 298727 0.04 80
44 0.17967791304572836 305352 0.04 80
45 0.1782759193680808 311972 0.04 80
46 0.17692273200364728 318592 0.04 80
47 0.17561336987098639 325206 0.04 80
48 0.1743437238923652 331819 0.04 80
49 0.17311044733316566 338422 0.04 80
50 0.1719108619329265 345023 0.04 80
51 0.17074287948805897 351618 0.04 80
52 0.1696049350981411 358211 0.04 80
53 0.16849592691735119 364800 0.04 80
54 0.16741515734543816 371387 0.04 80
55 0.16636227227933267 377970 0.04 80
56 0.16533719785206671 384550 0.04 80
57 0.16434007598575925 391127 0.04 80
58 0.16337119920201248 397701 0.04 80
59 0.1624309429594086 404271 0.04 80
60 0.16151969406102448 410841 0.04 80
61 0.16063777718366112 417407 0.04 80
62 0.1597853853343922 423971 0.04 80
63 0.15896252138199965 430535 0.04 80
64 0.15816895654520544 437098 0.04 80
65 0.15740420898248317 443657 0.04 80
66 0.15666754257366108 450212 0.04 80
67 0.15595798341366496 456763 0.04 80
68 0.15527434991517322 463313 0.04 80
69 0.15461529185638412 469861 0.04 80
70 0.15397933399849503 476408 0.04 80
71 0.15336492064275456 482950 0.04 80
72 0.152770458377622 489492 0.04 80
73 0.15219435516515817 496032 0.04 80
74 0.1516350548197392 502570 0.04 80
75 0.1510910667655469 509105 0.04 80
76 0.15056099155647787 515639 0.04 80
77 0.15004354283926072 522172 0.04 80
78 0.14953756615745326 528703 0.04 80
79 0.14904205427508524 535232 0.04 80
80 0.14855615773756234 541798 0.04 80
81 0.1480791885266376 548373 0.04 80
82 0.14761061435167944 554948 0.04 80
83 0.14715004178743182 561519 0.04 80
84 0.1466971883258376 568090 0.04 80
85 0.14625184610081193 574659 0.04 80
86 0.14581384245872012 581228 0.04 80
87 0.14538300330823153 587793 0.04 80
88 0.14495912385111495 594359 0.04 80
89 0.14454194897306755 600922 0.04 80
90 0.14413116381755564 607485 0.04 80
91 0.14372639436743753 614046 0.04 80
92 0.14332721760473924 620605 0.04 80
93 0.14293318032669922 627163 0.04 80
94 0.14254382479622277 633721 0.04 80
95 0.14215871826529405 640278 0.04 80
96 0.14177748225287265 646835 0.04 80
97 0.14139981654184666 653390 0.04 80
98 0.14102551263497623 659942 0.04 80
99 0.14065445259042697 666492 0.04 80
