0 0.9647520058589222 26711 0.03 300
1 0.9125434731843851 53393 0.03 300
2 0.7554468537586355 80072 0.03 300
3 0.6251969165274519 106746 0.03 300
4 0.522768232040845 133395 0.03 300
5 0.4485418758006118 160027 0.03 300
6 0.40011678626662084 186645 0.03 300
7 0.36549213663012964 213238 0.03 300
8 0.3397114410615982 239821 0.03 300
9 0.32000057661326076 266382 0.03 300
10 0.30424421057679146 292929 0.03 300
11 0.2910997308130643 319467 0.03 300
12 0.27975797065582103 345987 0.03 300
13 0.2697712974533961 372495 0.03 300
14 0.2609246479647933 398995 0.03 300
15 0.2531171655126237 425478 0.03 300
16 0.2462777929466484 451950 0.03 300
17 0.24032196645446707 478435 0.03 300
18 0.23514208085828406 504880 0.03 300
19 0.23062034082307423 531315 0.03 300
20 0.22664691196274095 557743 0.03 300
21 0.22312987951541324 584152 0.03 300
22 0.21999500765989327 610549 0.03 300
23 0.21718016169889837 636933 0.03 300
24 0.21462956067234046 663311 0.03 300
25 0.21229081761443466 689672 0.03 300
26 0.2101152075406664 716028 0.03 300
27 0.2080597674784117 742371 0.03 300
28 0.20608936168146555 768703 0.03 300
29 0.204177527642677 795024 0.03 300
30 0.20230591358574496 821337 0.03 300
31 0.2004627934751339 847637 0.03 300
32 0.19864133741492795 873928 0.03 300
33 0.19683814608243871 900492 0.03 300
34 0.1950522426448704 926760 0.03 300
35 0.19328444302863856 953019 0.03 300
36 0.19153690383380045 979267 0.03 300
37 0.1898126839883282 1005503 0.03 300
38 0.1881152698613833 1031735 0.03 300
39 0.18644810628101988 1057954 0.03 300
40 0.18481420486925831 1084166 0.03 300
41 0.18321588078103587 1110367 0.03 300
42 0.18165463199132476 1136558 0.03 300
43 0.18013114427408788 1162740 0.03 300
44 0.17864538770396535 1188943 0.03 300
45 0.17719676588579364 1215105 0.03 300
46 0.17578428319133815 1241261 0.03 300
47 0.17440670391312577 1267407 0.03 300
48 0.17306268712706327 1293544 0.03 300
49 0.17175088997013893 1319675 0.03 300
50 0.17047003880278008 1345801 0.03 300
51 0.16921897201934355 1371912 0.03 300
52 0.16799666040636232 1398018 0.03 300
53 0.1668022115302935 1424118 0.03 300
54 0.1656348642230296 1450204 0.03 300
55 0.16449397820164435 1476285 0.03 300
56 0.1633790224783672 1502358 0.03 300
57 0.16228956474062523 1528420 0.03 300
58 0.16122526254187905 1554479 0.03 300
59 0.16018585610765268 1580526 0.03 300
60 0.15917116190597974 1606564 0.03 300
61 0.1581810658622166 1632601 0.03 300
62 0.15721551516797658 1658627 0.03 300
63 0.1562745079616305 1684646 0.03 300
64 0.15535808064283413 1710664 0.03 300
65 0.15446629311882376 1736666 0.03 300
66 0.153599212760618 1762661 0.03 300
67 0.15275689817949206 1788652 0.03 300
68 0.151939384053385 1814632 0.03 300
69 0.1511466681207096 1840608 0.03 300
70 0.15037870114975974 1866577 0.03 300
71 0.14963538026286394 1892537 0.03 300
72 0.14891654554342532 1918493 0.03 300
73 0.14822197947264246 1944438 0.03 300
74 0.14755140849441709 1970377 0.03 300
75 0.14690450591444976 1996308 0.03 300
76 0.14628089538633554 2022231 0.03 300
77 0.14568015437957388 2048148 0.03 300
78 0.14510181720825974 2074061 0.03 300
79 0.14454537737850448 2099962 0.03 300
80 0.1440102891591309 2125861 0.03 300
81 0.1434959683865975 2151750 0.03 300
82 0.14300179259051143 2177631 0.03 300
83 0.1425271005872643 2203511 0.03 300
84 0.1420711917507269 2229380 0.03 300
85 0.14163332523536587 2255244 0.03 300
86 0.14121271949041475 2281105 0.03 300
87 0.14080855244575433 2306953 0.03 300
88 0.14041996275010601 2332799 0.03 300
89 0.14004605238570933 2358642 0.03 300
90 0.13968589087011635 2384472 0.03 300
91 0.13933852109979333 2410297 0.03 300
92 0.1390029667178262 2436118 0.03 300
93 0.13867824072886653 2461930 0.03 300
94 0.13836335496320054 2487736 0.03 300
95 0.13805732992312958 2513476 0.03 300
96 0.13775920453159243 2539065 0.03 300
97 0.13746804533836937 2564642 0.03 300
98 0.1371829548109306 2590221 0.03 300
99 0.1369030784307884 2615792 0.03 300
