0 0.9057330271175533 15914 0.06 180
1 0.5792694598623451 31773 0.06 180
2 0.4261682347872791 47574 0.06 180
3 0.3516702141556277 63328 0.06 180
4 0.3036364285950824 79033 0.06 180
5 0.2726633792158306 94699 0.06 180
6 0.2525638419673106 110334 0.06 180
7 0.23800370901546353 125934 0.06 180
8 0.22661313045677162 141506 0.06 180
9 0.21740714381509893 157055 0.06 180
10 0.20987035272913307 172576 0.06 180
11 0.20365644436465338 188076 0.06 180
12 0.19848880951984085 203549 0.06 180
13 0.19412774179557774 219004 0.06 180
14 0.1903656795952622 234443 0.06 180
15 0.18703383995585846 249857 0.06 180
16 0.18400710826192257 265254 0.06 180
17 0.1812011325130383 280639 0.06 180
18 0.17856363684265697 296003 0.06 180
19 0.17606450321835637 311352 0.06 180
20 0.17368753289979644 326690 0.06 180
21 0.17142464029157806 342009 0.06 180
22 0.1692720733051156 357316 0.06 180
23 0.16722796620239247 372614 0.06 180
24 0.16529068150683593 387894 0.06 180
25 0.1634576802894844 403168 0.06 180
26 0.16172487394085028 418424 0.06 180
27 0.16008647107593896 433676 0.06 180
28 0.15853527388906682 448912 0.06 180
29 0.1570632839944226 464132 0.06 180
30 0.155662421060857 479341 0.06 180
31 0.15432516757556808 494545 0.06 180
32 0.15304501421413316 509732 0.06 180
33 0.15181665688687015 524908 0.06 180
34 0.15063596077939503 540080 0.06 180
35 0.14949974820360948 555238 0.06 180
36 0.148405486780907 570385 0.06 180
37 0.1473509564345506 585526 0.06 180
38 0.14633396142559005 600654 0.06 180
39 0.14535213091953764 615777 0.06 180
40 0.14440282416647493 630886 0.06 180
41 0.1434831319785285 646010 0.06 180
42 0.14258995069751365 661107 0.06 180
43 0.14172009963718069 676189 0.06 180
44 0.14087045557341366 691261 0.06 180
45 0.14003808431945428 706329 0.06 180
46 0.13922035644527953 721384 0.06 180
47 0.1384150400040342 736430 0.06 180
48 0.13762036733622587 751472 0.06 180
49 0.1368350758884606 766500 0.06 180
50 0.13605842466965737 781520 0.06 180
51 0.135290188387783 796535 0.06 180
52 0.134530630600978 811538 0.06 180
53 0.133780456301528 826537 0.06 180
54 0.13304074477794814 841528 0.06 180
55 0.13231286633672318 856507 0.06 180
56 0.1315983905159013 871480 0.06 180
57 0.13089899595658114 886449 0.06 180
58 0.1302163905999755 901406 0.06 180
59 0.12955224547453884 916356 0.06 180
60 0.1289081389562849 931302 0.06 180
61 0.12828550455078655 946238 0.06 180
62 0.12768557568610994 961166 0.06 180
63 0.12710932503281241 976089 0.06 180
64 0.1265574012677655 991002 0.06 180
65 0.1260300705154826 1005915 0.06 180
66 0.1255271713812598 1020816 0.06 180
67 0.12504809145609216 1035731 0.06 180
68 0.12459177044373415 1050623 0.06 180
69 0.12415673182478763 1065503 0.06 180
70 0.1237411418581622 1080377 0.06 180
71 0.12334289172645295 1095250 0.06 180
72 0.12295969575102451 1110111 0.06 180
73 0.12258919650358402 1124971 0.06 180
74 0.1222290674500864 1139822 0.06 180
75 0.1218771059162965 1154664 0.06 180
76 0.12153131264976134 1169499 0.06 180
77 0.12118995722336172 1184334 0.06 180
78 0.1208516296705779 1199158 0.06 180
79 0.12051527809133174 1213976 0.06 180
80 0.1201802305603978 1228793 0.06 180
81 0.11984619869019988 1243600 0.06 180
82 0.11951326040777521 1258404 0.06 180
83 0.11918182112669598 1273200 0.06 180
84 0.11885255521752247 1287996 0.06 180
85 0.11852633269991748 1302814 0.06 180
86 0.11820413835402921 1317592 0.06 180
87 0.11788699116255423 1332365 0.06 180
88 0.11757587096002073 1347136 0.06 180
89 0.1172716568879058 1361899 0.06 180
90 0.11697507963274051 1376655 0.06 180
91 0.11668668730181679 1391410 0.06 180
92 0.11640682362189847 1406158 0.06 180
93 0.11613561691928512 1420900 0.06 180
94 0.11587297871602208 1435643 0.06 180
95 0.1156186113180482 1450375 0.06 180
96 0.11537202413671914 1465108 0.06 180
97 0.11513255853826745 1479837 0.06 180
98 0.11489942081432615 1494555 0.06 180
99 0.1146717225705937 1509383 0.06 180
