0 0.9221363258144186 3536 0.08 40
1 0.6028552676704938 7044 0.08 40
2 0.4023185355844445 10500 0.08 40
3 0.33681302710758615 13912 0.08 40
4 0.3064141532298494 17291 0.08 40
5 0.2848921716699981 20650 0.08 40
6 0.2680856794274969 23984 0.08 40
7 0.25512562940384265 27303 0.08 40
8 0.24548853415040428 30609 0.08 40
9 0.23859541746442836 33903 0.08 40
10 0.23383230080639253 37183 0.08 40
11 0.23051405451878937 40459 0.08 40
12 0.22788901441672 43718 0.08 40
13 0.22528599227135465 46966 0.08 40
14 0.22227249211597633 50205 0.08 40
15 0.21869781497556479 53435 0.08 40
16 0.21461248740399094 56657 0.08 40
17 0.21014908134957164 59870 0.08 40
18 0.205481294274337 63076 0.08 40
19 0.2008203745593708 66275 0.08 40
20 0.1963542078577599 69467 0.08 40
21 0.19218906768310035 72653 0.08 40
22 0.18835308950336188 75836 0.08 40
23 0.184830877817785 79014 0.08 40
24 0.18159107242034403 82185 0.08 40
25 0.17859920206997207 85352 0.08 40
26 0.1758224971208928 88517 0.08 40
27 0.17323213723391015 91678 0.08 40
28 0.17080464158949663 94838 0.08 40
29 0.16852242717469318 97993 0.08 40
30 0.16637345594055886 101146 0.08 40
31 0.16435019226883385 104295 0.08 40
32 0.16244818852666704 107442 0.08 40
33 0.1606645486882736 110586 0.08 40
34 0.15899651121238356 113729 0.08 40
35 0.15744042873593386 116870 0.08 40
36 0.15599131801693958 120008 0.08 40
37 0.1546429019116281 123145 0.08 40
38 0.15338790630032792 126280 0.08 40
39 0.15221843486395117 129414 0.08 40
40 0.15112636242486757 132548 0.08 40
41 0.1501037065490208 135678 0.08 40
42 0.14914289887473045 138807 0.08 40
43 0.1482368903062262 141935 0.08 40
44 0.147379111918968 145062 0.08 40
45 0.14656339736249796 148191 0.08 40
46 0.14578394422783983 151316 0.08 40
47 0.14503524625301403 154439 0.08 40
48 0.1443118300719249 157562 0.08 40
49 0.14360773998173737 160684 0.08 40
50 0.1429159562973222 163805 0.08 40
51 0.14222805440619987 166925 0.08 40
52 0.14153429655049846 170045 0.08 40
53 0.14082415896924355 173164 0.08 40
54 0.1400871968865904 176283 0.08 40
55 0.13931409477845436 179402 0.08 40
56 0.1384977094882675 182521 0.08 40
57 0.13763395755929544 185640 0.08 40
58 0.1367224457863691 188759 0.08 40
59 0.1357667178794667 191878 0.08 40
60 0.13477407879942752 194997 0.08 40
61 0.13375513172891443 198117 0.08 40
62 0.13272307602050157 201240 0.08 40
63 0.13169267798647014 204361 0.08 40
64 0.13067906588225928 207482 0.08 40
65 0.12969670012091533 210603 0.08 40
66 0.1287586246399627 213727 0.08 40
67 0.12787586558449732 216851 0.08 40
68 0.12705692131315868 219975 0.08 40
69 0.12630746444846527 223112 0.08 40
70 0.1256304700805514 226237 0.08 40
71 0.12502686674045813 229363 0.08 40
72 0.12449647049950933 232489 0.08 40
73 0.12403872758344277 235616 0.08 40
74 0.12365275389022018 238744 0.08 40
75 0.12333645523672805 241878 0.08 40
76 0.12308535358957111 245007 0.08 40
77 0.12289202514537724 248138 0.08 40
78 0.12274630676362641 251269 0.08 40
79 0.1226365966126394 254403 0.08 40
80 0.12255291792525448 257536 0.08 40
81 0.12249048958356383 260669 0.08 40
82 0.12245119462817547 263803 0.08 40
83 0.12244216666993038 266941 0.08 40
84 0.1224719731975021 270079 0.08 40
85 0.12254605523531699 273218 0.08 40
86 0.12266503551230185 276357 0.08 40
87 0.12282651380777689 279496 0.08 40
88 0.12302547604759524 282635 0.08 40
89 0.12324782367345316 285776 0.08 40
90 0.12346383108683384 288918 0.08 40
91 0.12363695013175921 292061 0.08 40
92 0.12375919291308551 295206 0.08 40
93 0.12386583146162983 298357 0.08 40
94 0.12400505772010868 301504 0.08 40
95 0.1241849506344288 304651 0.08 40
96 0.12445614624076633 307804 0.08 40
97 0.12488640813399866 310954 0.08 40
98 0.12553122057524044 314104 0.08 40
99 0.12635837701561584 317255 0.08 40
