0 0.9578785469163537 21212 0.02 240
1 0.9506654569615149 42394 0.02 240
2 0.9308490320996612 63583 0.02 240
3 0.8735627853591942 84861 0.02 240
4 0.7626151904188091 106176 0.02 240
5 0.6470402102251741 127494 0.02 240
6 0.5545526286999326 148809 0.02 240
7 0.48187915049390356 170110 0.02 240
8 0.4272700201067795 191401 0.02 240
9 0.3869495341237483 212679 0.02 240
10 0.3568260888661192 233946 0.02 240
11 0.3337141883330265 255199 0.02 240
12 0.31541655976525923 276458 0.02 240
13 0.3005108493260335 297693 0.02 240
14 0.28811210028375206 318915 0.02 240
15 0.2776641179073686 340135 0.02 240
16 0.2687871966280227 361349 0.02 240
17 0.26119192657025275 382550 0.02 240
18 0.2546429776533484 403750 0.02 240
19 0.2489471746571559 424934 0.02 240
20 0.24394805462101535 446112 0.02 240
21 0.2395204381775956 467279 0.02 240
22 0.23556468805293498 488436 0.02 240
23 0.23200147795678722 509586 0.02 240
24 0.22876734585995356 530734 0.02 240
25 0.2258109798214764 551873 0.02 240
26 0.22309022818499008 573011 0.02 240
27 0.2205698723981924 594140 0.02 240
28 0.21822011696778382 615261 0.02 240
29 0.21601563157064615 636378 0.02 240
30 0.21393492867957886 657494 0.02 240
31 0.21195989523952036 678601 0.02 240
32 0.21007537827496642 699707 0.02 240
33 0.20826879859366168 720806 0.02 240
34 0.20652980340520066 741900 0.02 240
35 0.2048499700802611 762987 0.02 240
36 0.20322255913726786 784072 0.02 240
37 0.20164230278628398 805150 0.02 240
38 0.20010521310156568 826225 0.02 240
39 0.19860839766296887 847293 0.02 240
40 0.1971498740105508 868358 0.02 240
41 0.19572837651460276 889417 0.02 240
42 0.1943431538614438 910472 0.02 240
43 0.19299376333325804 931521 0.02 240
44 0.19167987518742002 952567 0.02 240
45 0.1904011021437386 973607 0.02 240
46 0.1891568653941415 994644 0.02 240
47 0.1879463033149328 1015677 0.02 240
48 0.18676822489398895 1036706 0.02 240
49 0.18562110672805812 1057731 0.02 240
50 0.1845031291745988 1078751 0.02 240
51 0.18341224365448844 1099766 0.02 240
52 0.18234626013372066 1120779 0.02 240
53 0.18130294255964854 1141785 0.02 240
54 0.1802801008938385 1162789 0.02 240
55 0.17927567094541352 1183788 0.02 240
56 0.17828777658829587 1204782 0.02 240
57 0.1773147722678556 1225776 0.02 240
58 0.17635526637361087 1246765 0.02 240
59 0.17540812782791038 1267746 0.02 240
60 0.1744724791437073 1288727 0.02 240
61 0.17354767942212096 1309704 0.02 240
62 0.17263330052840176 1330674 0.02 240
63 0.17172909921918225 1351642 0.02 240
64 0.17083498745565037 1372609 0.02 240
65 0.1699510026241957 1393567 0.02 240
66 0.1690772789423254 1414522 0.02 240
67 0.16821402096112287 1435472 0.02 240
68 0.16736147977603694 1456421 0.02 240
69 0.16651993231066403 1477364 0.02 240
70 0.16568966383166 1498305 0.02 240
71 0.16487095368018842 1519243 0.02 240
72 0.16406406406409663 1540174 0.02 240
73 0.1632692316457508 1561103 0.02 240
74 0.1624866615846909 1582036 0.02 240
75 0.16171652365304873 1602959 0.02 240
76 0.16095895003380672 1623875 0.02 240
77 0.16021403443363513 1644791 0.02 240
78 0.1594818321862416 1665700 0.02 240
79 0.1587623610800161 1686607 0.02 240
80 0.15805560270566563 1707509 0.02 240
81 0.15736150417712336 1728410 0.02 240
82 0.15667998012591672 1749306 0.02 240
83 0.15601091490231486 1770203 0.02 240
84 0.15535416493546095 1791093 0.02 240
85 0.15470956121145685 1811980 0.02 240
86 0.1540769118265277 1832863 0.02 240
87 0.1534560045660841 1853744 0.02 240
88 0.15284660945375775 1874621 0.02 240
89 0.1522484812104266 1895497 0.02 240
90 0.15166136156406995 1916370 0.02 240
91 0.15108498135786286 1937238 0.02 240
92 0.15051906241594606 1958105 0.02 240
93 0.14996331914272146 1978966 0.02 240
94 0.14941745985041252 1999827 0.02 240
95 0.14888118782904294 2020683 0.02 240
96 0.14835420219081252 2041538 0.02 240
97 0.14783619853548458 2062389 0.02 240
98 0.14732686949358656 2083238 0.02 240
99 0.14682590520934274 2104084 0.02 240
