0 0.9740367966564818 24742 0.05 280
1 0.7023435893240133 49459 0.05 280
2 0.49015509561077647 74136 0.05 280
3 0.37231658283427405 98774 0.05 280
4 0.3134044337443289 123379 0.05 280
5 0.27947749083711465 147954 0.05 280
6 0.255849248419827 172503 0.05 280
7 0.23821637991344669 197032 0.05 280
8 0.2251751575519186 221537 0.05 280
9 0.215486150620978 246016 0.05 280
10 0.20803403319041666 270475 0.05 280
11 0.2020425789927325 294921 0.05 280
12 0.19704289268147654 319352 0.05 280
13 0.19277177167127849 343759 0.05 280
14 0.18907883787540997 368145 0.05 280
15 0.18586214801986894 392520 0.05 280
16 0.18303689479837854 416879 0.05 280
17 0.18052757931182017 441222 0.05 280
18 0.17826963513007796 465542 0.05 280
19 0.17621165446309764 489848 0.05 280
20 0.17431539731159953 514141 0.05 280
21 0.17255385460604572 538419 0.05 280
22 0.17090838175303644 562681 0.05 280
23 0.1693657049393189 586924 0.05 280
24 0.16791526410013768 611155 0.05 280
25 0.1665471427342118 635372 0.05 280
26 0.16525070712728876 659567 0.05 280
27 0.1640139631954335 683749 0.05 280
28 0.16282353220367057 707918 0.05 280
29 0.16166507582697182 732071 0.05 280
30 0.16052398871488363 756205 0.05 280
31 0.15938621520741686 780321 0.05 280
32 0.15823909323528912 804421 0.05 280
33 0.15707214721179344 828509 0.05 280
34 0.15587774777065544 852577 0.05 280
35 0.15465155390442553 876625 0.05 280
36 0.15339267294428235 900657 0.05 280
37 0.1521035209192176 924679 0.05 280
38 0.1507894191334747 948680 0.05 280
39 0.14945799387842107 972794 0.05 280
40 0.14811844632060103 996880 0.05 280
41 0.14678074383603135 1020949 0.05 280
42 0.1454547796907605 1045007 0.05 280
43 0.14414957288225164 1069044 0.05 280
44 0.1428726200637044 1093065 0.05 280
45 0.14162952408950538 1117074 0.05 280
46 0.14042397418675678 1141071 0.05 280
47 0.13925804807896847 1165047 0.05 280
48 0.1381326989678449 1189006 0.05 280
49 0.1370482487564454 1212955 0.05 280
50 0.1360047570920117 1236889 0.05 280
51 0.13500222497625 1260895 0.05 280
52 0.1340406583136437 1284794 0.05 280
53 0.1331200414555366 1308680 0.05 280
54 0.13224026864827787 1332557 0.05 280
55 0.1314010693910042 1356418 0.05 280
56 0.13060195014798476 1380263 0.05 280
57 0.129842162489778 1404109 0.05 280
58 0.12912069813182678 1427937 0.05 280
59 0.12843630572457646 1451747 0.05 280
60 0.1277875227155765 1475543 0.05 280
61 0.127172716686961 1499326 0.05 280
62 0.12659013224731405 1523107 0.05 280
63 0.1260379405597224 1546868 0.05 280
64 0.12551428876137152 1570625 0.05 280
65 0.1250173463499155 1594362 0.05 280
66 0.12454534563042799 1618088 0.05 280
67 0.12409661386702063 1641809 0.05 280
68 0.12366959588447553 1665516 0.05 280
69 0.12326286724321348 1689212 0.05 280
70 0.12287513932354958 1712901 0.05 280
71 0.1225052583063936 1736581 0.05 280
72 0.12215219998986213 1760248 0.05 280
73 0.12181506183301158 1783903 0.05 280
74 0.12149305297687225 1807558 0.05 280
75 0.1211854826249915 1831204 0.05 280
76 0.12089174719467902 1854836 0.05 280
77 0.12061131693472701 1878456 0.05 280
78 0.1203437229715527 1902070 0.05 280
79 0.12008854576122598 1925670 0.05 280
80 0.11984540561825616 1949264 0.05 280
81 0.11961395547645012 1972874 0.05 280
82 0.11939387552770878 1996461 0.05 280
83 0.11918486905454008 2020028 0.05 280
84 0.1189866586531115 2043586 0.05 280
85 0.11879898206004215 2067136 0.05 280
86 0.11862158689411305 2090675 0.05 280
87 0.11845422385654052 2114230 0.05 280
88 0.11829663839515696 2137757 0.05 280
89 0.11814856150293244 2161276 0.05 280
90 0.11800970094217045 2184789 0.05 280
91 0.11787973439503097 2208298 0.05 280
92 0.11775830564108447 2231791 0.05 280
93 0.11764502404455807 2255278 0.05 280
94 0.11753946684217297 2278757 0.05 280
95 0.11744118328217137 2302222 0.05 280
96 0.11734969959207718 2325681 0.05 280
97 0.1172645238820324 2349134 0.05 280
98 0.11718515028065146 2372585 0.05 280
99 0.11711106180484528 2396021 0.05 280
