0 0.9154838519938054 8851 0.07 100
1 0.5427719275400034 17670 0.07 100
2 0.3734545129494573 26439 0.07 100
3 0.3070163269303771 35163 0.07 100
4 0.27021510255529935 43855 0.07 100
5 0.24810791883729894 52519 0.07 100
6 0.23398256043890497 61155 0.07 100
7 0.2245033606971459 69770 0.07 100
8 0.21782218146584936 78364 0.07 100
9 0.21294650793996406 86936 0.07 100
10 0.2092638468896516 95522 0.07 100
11 0.20629791181579527 104096 0.07 100
12 0.20366687831184946 112652 0.07 100
13 0.2010995863727993 121184 0.07 100
14 0.19843837716934473 129697 0.07 100
15 0.1956212997699428 138188 0.07 100
16 0.19265447058805085 146660 0.07 100
17 0.18958735678152325 155114 0.07 100
18 0.18649510162725522 163552 0.07 100
19 0.18346303188209348 171972 0.07 100
20 0.1805696145128727 180375 0.07 100
21 0.17787120538800386 188763 0.07 100
22 0.1753941797738917 197137 0.07 100
23 0.1731360767064515 205497 0.07 100
24 0.17107325969643947 213846 0.07 100
25 0.16917103632927072 222219 0.07 100
26 0.1673926109409011 230542 0.07 100
27 0.16570489303432293 238854 0.07 100
28 0.1640810823674637 247154 0.07 100
29 0.16250104222200767 255447 0.07 100
30 0.16095053862476263 263732 0.07 100
31 0.15942001702715763 272004 0.07 100
32 0.15790323840418932 280266 0.07 100
33 0.15639596291996377 288521 0.07 100
34 0.15489486389397192 296767 0.07 100
35 0.15339684590556438 305009 0.07 100
36 0.15189887022351953 313241 0.07 100
37 0.15039827090118416 321467 0.07 100
38 0.1488934117148794 329687 0.07 100
39 0.1473844258844548 337905 0.07 100
40 0.14587374088664526 346113 0.07 100
41 0.14436615850957882 354319 0.07 100
42 0.1428684247823225 362517 0.07 100
43 0.14138840136922165 370710 0.07 100
44 0.13993405360350222 378897 0.07 100
45 0.13851249748559014 387080 0.07 100
46 0.13712932549690604 395262 0.07 100
47 0.13578833872727983 403440 0.07 100
48 0.13449166176485972 411609 0.07 100
49 0.13324010156288807 419775 0.07 100
50 0.13203359512266052 427937 0.07 100
51 0.13087163886386008 436096 0.07 100
52 0.12975364345015486 444254 0.07 100
53 0.12867918603183226 452406 0.07 100
54 0.12764814419919424 460555 0.07 100
55 0.12666070724469933 468701 0.07 100
56 0.12571727863342913 476847 0.07 100
57 0.12481830683614563 484987 0.07 100
58 0.12396410063297932 493165 0.07 100
59 0.12315468741648426 501300 0.07 100
60 0.12238975048211236 509432 0.07 100
61 0.12166864062150301 517561 0.07 100
62 0.1209904254267505 525688 0.07 100
63 0.12035394442622536 533817 0.07 100
64 0.11975787706290074 541944 0.07 100
65 0.11920086260261221 550064 0.07 100
66 0.11868168520793997 558182 0.07 100
67 0.11819945602855261 566297 0.07 100
68 0.11775368700977713 574410 0.07 100
69 0.11734425398719821 582524 0.07 100
70 0.11697137381779664 590634 0.07 100
71 0.11663556510775017 598743 0.07 100
72 0.11633720976246674 606848 0.07 100
73 0.11607563099746372 614952 0.07 100
74 0.11584854469382927 623053 0.07 100
75 0.11565243420136342 631156 0.07 100
76 0.11548290975335196 639254 0.07 100
77 0.11533446751647591 647355 0.07 100
78 0.11520067025403703 655449 0.07 100
79 0.11507532061514524 663541 0.07 100
80 0.114953632332067 671632 0.07 100
81 0.11483246139559036 679723 0.07 100
82 0.11470981923526585 687809 0.07 100
83 0.11458432209827832 695892 0.07 100
84 0.11445486118500663 703974 0.07 100
85 0.1143204342583145 712054 0.07 100
86 0.11418004862321342 720135 0.07 100
87 0.11403268585050128 728212 0.07 100
88 0.11387734761561194 736288 0.07 100
89 0.11371317298656243 744362 0.07 100
90 0.11353958066150284 752433 0.07 100
91 0.11335638367940978 760541 0.07 100
92 0.11316384615076257 768612 0.07 100
93 0.11296267454543298 776679 0.07 100
94 0.11275394974312884 784745 0.07 100
95 0.11253901709567048 792809 0.07 100
96 0.11231936009096329 800877 0.07 100
97 0.1120964832156116 808939 0.07 100
98 0.11187182124814138 817002 0.07 100
99 0.11164668053246503 825060 0.07 100
