0 0.9053322074492909 21258 0.07 240
1 0.44845584272321654 42452 0.07 240
2 0.31419076385878314 63562 0.07 240
3 0.266295308821323 84612 0.07 240
4 0.24141453679225386 105616 0.07 240
5 0.22576062012151568 126583 0.07 240
6 0.21388316968953677 147513 0.07 240
7 0.20391078748616503 168412 0.07 240
8 0.1953105853334944 189279 0.07 240
9 0.18791826465978176 210115 0.07 240
10 0.18161106773915278 230917 0.07 240
11 0.17622717782590047 251687 0.07 240
12 0.17156649851245256 272422 0.07 240
13 0.16744710165391502 293129 0.07 240
14 0.16374924013443756 313806 0.07 240
15 0.16041419643121316 334454 0.07 240
16 0.15742083056809175 355075 0.07 240
17 0.15476132812803478 375667 0.07 240
18 0.1524255856198937 396234 0.07 240
19 0.15039526172083725 416778 0.07 240
20 0.14864429730799694 437298 0.07 240
21 0.14714240584913743 457794 0.07 240
22 0.14585903556350668 478266 0.07 240
23 0.1447661435842397 498713 0.07 240
24 0.14383924016940985 519138 0.07 240
25 0.1430572029776279 539538 0.07 240
26 0.14240157191155867 559915 0.07 240
27 0.14185574623967664 580270 0.07 240
28 0.1414043141173537 600604 0.07 240
29 0.1410326804369918 620914 0.07 240
30 0.14072706138928395 641203 0.07 240
31 0.14047477508460005 661471 0.07 240
32 0.1402646544695 681720 0.07 240
33 0.140087388714967 701949 0.07 240
34 0.13993565516666207 722221 0.07 240
35 0.13980399709053692 742408 0.07 240
36 0.1396884905320653 762576 0.07 240
37 0.13958629957996857 782722 0.07 240
38 0.13949523508893766 802848 0.07 240
39 0.13941341132716348 822955 0.07 240
40 0.13933904783714796 843046 0.07 240
41 0.1392704060575064 863120 0.07 240
42 0.13920580414562725 883184 0.07 240
43 0.13914363868315457 903223 0.07 240
44 0.13908236271716387 923244 0.07 240
45 0.13902041040635565 943254 0.07 240
46 0.13895609505333875 963266 0.07 240
47 0.1388875226876695 983260 0.07 240
48 0.13881255639965526 1003299 0.07 240
49 0.13872884737315516 1023247 0.07 240
50 0.1386339287025181 1043188 0.07 240
51 0.13852535445360437 1063111 0.07 240
52 0.13840086042008104 1083007 0.07 240
53 0.13825852303210937 1102882 0.07 240
54 0.13809689670151365 1122742 0.07 240
55 0.13791511580194937 1142590 0.07 240
56 0.1377129542257637 1162420 0.07 240
57 0.13749084187050387 1182240 0.07 240
58 0.13724984217197045 1202046 0.07 240
59 0.13699159667594693 1221833 0.07 240
60 0.1367182412497159 1241606 0.07 240
61 0.13643229525688558 1261370 0.07 240
62 0.13613652300908916 1281120 0.07 240
63 0.1358337693386476 1300890 0.07 240
64 0.13552677883753023 1320633 0.07 240
65 0.13521801760608107 1340358 0.07 240
66 0.1349095213184513 1360076 0.07 240
67 0.13460279018231813 1379778 0.07 240
68 0.13429874123099775 1399466 0.07 240
69 0.13399771650838174 1419146 0.07 240
70 0.1336995370633823 1438806 0.07 240
71 0.13340358907328018 1458451 0.07 240
72 0.13310892866942112 1478085 0.07 240
73 0.13281439394793865 1497707 0.07 240
74 0.13251871470335208 1517322 0.07 240
75 0.13222061222541098 1536940 0.07 240
76 0.13191888329708945 1556543 0.07 240
77 0.13161246460495002 1576124 0.07 240
78 0.1313004761100944 1595694 0.07 240
79 0.13098224423043986 1615252 0.07 240
80 0.13065730755685523 1634810 0.07 240
81 0.1303254089717248 1654354 0.07 240
82 0.12998647837492752 1673914 0.07 240
83 0.12964060987552703 1693442 0.07 240
84 0.12928803653582252 1712974 0.07 240
85 0.12892910484363815 1732493 0.07 240
86 0.12856425026713703 1752067 0.07 240
87 0.12819397464071264 1771558 0.07 240
88 0.12781882576405812 1791052 0.07 240
89 0.12743937941803968 1810526 0.07 240
90 0.12705622392562013 1829997 0.07 240
91 0.12666994733393716 1849448 0.07 240
92 0.12628112721511656 1868885 0.07 240
93 0.12589032296661135 1888315 0.07 240
94 0.12549807035568336 1907742 0.07 240
95 0.12510487793019276 1927155 0.07 240
96 0.1247112248401743 1946562 0.07 240
97 0.12431755959862908 1966020 0.07 240
98 0.12392429935487057 1985540 0.07 240
99 0.12353182934415478 2005049 0.07 240
