0 0.9618112274111684 19450 0.05 220
1 0.7003941060196216 38889 0.05 220
2 0.4507418535235897 58298 0.05 220
3 0.3459251559038581 77664 0.05 220
4 0.299114180810628 97001 0.05 220
5 0.2722347310977182 116307 0.05 220
6 0.25497608561705737 135584 0.05 220
7 0.2430287457052006 154833 0.05 220
8 0.23408422991244116 174055 0.05 220
9 0.2269769016699838 193251 0.05 220
10 0.22111755276450087 212422 0.05 220
11 0.21619540229070078 231568 0.05 220
12 0.21205290954044878 250693 0.05 220
13 0.20859481752273343 269793 0.05 220
14 0.20572062154774243 288873 0.05 220
15 0.20329523586511214 307931 0.05 220
16 0.20115601443073017 326963 0.05 220
17 0.19914402656969865 345994 0.05 220
18 0.1971400705976482 364986 0.05 220
19 0.19508341704704077 383956 0.05 220
20 0.1929643046920157 402908 0.05 220
21 0.19080065154645376 421840 0.05 220
22 0.18861582774015095 440752 0.05 220
23 0.18642643422891114 459641 0.05 220
24 0.1842399311264885 478510 0.05 220
25 0.18205795842534572 497363 0.05 220
26 0.17988094603932275 516196 0.05 220
27 0.17771124442281266 535013 0.05 220
28 0.1755540862908183 553816 0.05 220
29 0.1734170407951335 572603 0.05 220
30 0.1713089290630686 591374 0.05 220
31 0.16923884637150532 610129 0.05 220
32 0.16721550212647038 628868 0.05 220
33 0.16524681979230446 647593 0.05 220
34 0.16333966772403447 666304 0.05 220
35 0.16149963799610345 685022 0.05 220
36 0.15973086477161957 703711 0.05 220
37 0.15803592279072265 722387 0.05 220
38 0.156415853368379 741051 0.05 220
39 0.15487033824329868 759702 0.05 220
40 0.1533980023715153 778336 0.05 220
41 0.15199679777004074 796961 0.05 220
42 0.1506644114289848 815575 0.05 220
43 0.1493986450151208 834193 0.05 220
44 0.1481977215193043 852790 0.05 220
45 0.14706047840639722 871377 0.05 220
46 0.14598640994594775 889954 0.05 220
47 0.1449755303213159 908521 0.05 220
48 0.14402805299543245 927075 0.05 220
49 0.14314392590312058 945621 0.05 220
50 0.14232231741338844 964167 0.05 220
51 0.14156118523956404 982694 0.05 220
52 0.14085704480224273 1001213 0.05 220
53 0.14020498004895177 1019728 0.05 220
54 0.13959885029189723 1038232 0.05 220
55 0.1390315986438262 1056748 0.05 220
56 0.13849558428422476 1075233 0.05 220
57 0.13798291631968837 1093711 0.05 220
58 0.13748581428056625 1112181 0.05 220
59 0.13699702627355997 1130644 0.05 220
60 0.1365102991083545 1149099 0.05 220
61 0.1360208419954355 1167552 0.05 220
62 0.135525692013722 1185996 0.05 220
63 0.135023895843686 1204433 0.05 220
64 0.13451646246958435 1222864 0.05 220
65 0.1340060928857418 1241282 0.05 220
66 0.1334967342525763 1259692 0.05 220
67 0.13299302930336582 1278097 0.05 220
68 0.13249973969090734 1296508 0.05 220
69 0.13202121932732053 1314900 0.05 220
70 0.13156100252385702 1333289 0.05 220
71 0.1311215514739705 1351668 0.05 220
72 0.1307041794923994 1370041 0.05 220
73 0.1303091355377898 1388404 0.05 220
74 0.1299358096547286 1406763 0.05 220
75 0.12958300470462472 1425113 0.05 220
76 0.1292492194320696 1443460 0.05 220
77 0.12893289892920326 1461800 0.05 220
78 0.12863262528522315 1480136 0.05 220
79 0.12834723782870455 1498469 0.05 220
80 0.12807588500887507 1516794 0.05 220
81 0.12781801731186535 1535111 0.05 220
82 0.1275733333646983 1553423 0.05 220
83 0.1273416912124114 1571729 0.05 220
84 0.12712299543560304 1590030 0.05 220
85 0.1269170697162112 1608326 0.05 220
86 0.12672352457307062 1626624 0.05 220
87 0.1265416317039969 1644912 0.05 220
88 0.12637021957402847 1663197 0.05 220
89 0.12620760868927622 1681479 0.05 220
90 0.12605160741437518 1699749 0.05 220
91 0.12589958719859323 1718014 0.05 220
92 0.12574864652456097 1736276 0.05 220
93 0.1255958544292636 1754553 0.05 220
94 0.12543853948758427 1772805 0.05 220
95 0.12527456556810543 1791057 0.05 220
96 0.1251025215917107 1809305 0.05 220
97 0.12492175959505693 1827548 0.05 220
98 0.12473225044353187 1845782 0.05 220
99 0.12453428600040936 1864170 0.05 220
