0 0.9560504008736921 23132 0.01 260
1 0.9528847354277237 46205 0.01 260
2 0.9483240944539139 69280 0.01 260
3 0.9409276764848935 92351 0.01 260
4 0.9274049681594339 115421 0.01 260
5 0.9006594683693074 138492 0.01 260
6 0.853860702356168 161566 0.01 260
7 0.795211413092556 184646 0.01 260
8 0.7386886067411026 207735 0.01 260
9 0.6896422397126898 230824 0.01 260
10 0.6485416203913249 253908 0.01 260
11 0.6145695165837968 276988 0.01 260
12 0.5860557250257425 300064 0.01 260
13 0.5610146573668274 323147 0.01 260
14 0.5379458740713914 346218 0.01 260
15 0.5161503410301692 369288 0.01 260
16 0.495517775798295 392356 0.01 260
17 0.476181552766862 415422 0.01 260
18 0.45826954549221177 438483 0.01 260
19 0.4417924306907411 461540 0.01 260
20 0.42664456450223964 484591 0.01 260
21 0.41265865143336755 507639 0.01 260
22 0.3996610224020831 530692 0.01 260
23 0.3875044903932521 553734 0.01 260
24 0.37607942463428795 576776 0.01 260
25 0.3653117240617905 599814 0.01 260
26 0.3551553539417807 622849 0.01 260
27 0.3455837478897442 645881 0.01 260
28 0.33658187759210817 668912 0.01 260
29 0.3281397176121907 691942 0.01 260
30 0.3202474308042967 714964 0.01 260
31 0.3128922842255435 737982 0.01 260
32 0.30605701079863845 760998 0.01 260
33 0.29971922842481424 784006 0.01 260
34 0.293851641549519 807010 0.01 260
35 0.28842288157278145 830011 0.01 260
36 0.28339883411716404 853009 0.01 260
37 0.2787442060534305 876008 0.01 260
38 0.27442404241636614 899079 0.01 260
39 0.27040496488992305 922071 0.01 260
40 0.26665602113258036 945062 0.01 260
41 0.26314914318097055 968052 0.01 260
42 0.25985928270471975 991031 0.01 260
43 0.256764319574644 1014007 0.01 260
44 0.25384483841208144 1036981 0.01 260
45 0.25108384834066894 1059952 0.01 260
46 0.2484664957411688 1082923 0.01 260
47 0.2459797967708627 1105967 0.01 260
48 0.24361239987105793 1128939 0.01 260
49 0.24135437896196746 1151901 0.01 260
50 0.23919705391852228 1174857 0.01 260
51 0.23713283401685414 1197809 0.01 260
52 0.2351550804808793 1220760 0.01 260
53 0.23325798493530833 1243708 0.01 260
54 0.23143646108240623 1266656 0.01 260
55 0.2296860472942513 1289603 0.01 260
56 0.22800281821629165 1312548 0.01 260
57 0.22638330401520684 1335489 0.01 260
58 0.2248244165459476 1358436 0.01 260
59 0.22332338233049873 1381371 0.01 260
60 0.22187768268436628 1404302 0.01 260
61 0.22048500149778522 1427231 0.01 260
62 0.2191431810674762 1450158 0.01 260
63 0.21785018605374387 1473085 0.01 260
64 0.2166040752239814 1496010 0.01 260
65 0.2154029802551329 1518935 0.01 260
66 0.21424509058864544 1541856 0.01 260
67 0.21312864319883612 1564774 0.01 260
68 0.21205191614307403 1587692 0.01 260
69 0.21101322487556784 1610618 0.01 260
70 0.21001092048087489 1633525 0.01 260
71 0.20904338917701912 1656436 0.01 260
72 0.20810905262045126 1679347 0.01 260
73 0.20720636869831044 1702253 0.01 260
74 0.20633383261094854 1725158 0.01 260
75 0.20548997813074824 1748057 0.01 260
76 0.20467337897737833 1770955 0.01 260
77 0.20388265028174848 1793848 0.01 260
78 0.20311645012732804 1816747 0.01 260
79 0.20237348116351225 1839638 0.01 260
80 0.20165249228483037 1862535 0.01 260
81 0.20095228036460636 1885424 0.01 260
82 0.20027169202362596 1908314 0.01 260
83 0.19960962540475208 1931199 0.01 260
84 0.1989650319140915 1954078 0.01 260
85 0.19833691787927182 1976958 0.01 260
86 0.1977243460666066 1999835 0.01 260
87 0.1971264369922991 2022710 0.01 260
88 0.19654236995931915 2045588 0.01 260
89 0.195971383751762 2068461 0.01 260
90 0.19541277692281778 2091332 0.01 260
91 0.19486590762102107 2114204 0.01 260
92 0.19433019291193276 2137072 0.01 260
93 0.1938051075682755 2159935 0.01 260
94 0.19329018231984224 2182747 0.01 260
95 0.19278500157420225 2205436 0.01 260
96 0.19228920063901075 2228137 0.01 260
97 0.191802462495318 2250826 0.01 260
98 0.1913245141874701 2273512 0.01 260
99 0.19085512290789033 2296196 0.01 260
