0 0.9545552938041231 7063 0.02 80
1 0.9505202080561954 14117 0.02 80
2 0.9384886422368732 21205 0.02 80
3 0.9073316392145433 28305 0.02 80
4 0.8398801928030174 35400 0.02 80
5 0.7451683792166797 42485 0.02 80
6 0.6638971591680162 49563 0.02 80
7 0.5918060502316527 56634 0.02 80
8 0.5346124900579596 63691 0.02 80
9 0.49479710471095273 70735 0.02 80
10 0.46430388902832026 77764 0.02 80
11 0.4381462753128506 84781 0.02 80
12 0.4147717473199301 91785 0.02 80
13 0.39342685592246346 98781 0.02 80
14 0.37356896003856127 105769 0.02 80
15 0.3549950049582724 112744 0.02 80
16 0.33785417359986575 119708 0.02 80
17 0.3224449988685835 126664 0.02 80
18 0.3089770321817161 133614 0.02 80
19 0.2974623161293384 140554 0.02 80
20 0.2877516127490467 147485 0.02 80
21 0.2796143863514308 154412 0.02 80
22 0.2727978556319299 161332 0.02 80
23 0.2670621302638519 168247 0.02 80
24 0.26219907559763866 175158 0.02 80
25 0.258038259735285 182066 0.02 80
26 0.25444443079765383 188968 0.02 80
27 0.2513119489377261 195867 0.02 80
28 0.24855935954894534 202757 0.02 80
29 0.24612474046673286 209643 0.02 80
30 0.24396153112241242 216525 0.02 80
31 0.24203467436142873 223408 0.02 80
32 0.2403171626212723 230281 0.02 80
33 0.23878716822225057 237150 0.02 80
34 0.23742586184536846 244016 0.02 80
35 0.23621590045219487 250878 0.02 80
36 0.23514049817354754 257734 0.02 80
37 0.2341829847872855 264588 0.02 80
38 0.2333267571527353 271442 0.02 80
39 0.23255551578179004 278289 0.02 80
40 0.2318536640001185 285131 0.02 80
41 0.2312067485131548 291973 0.02 80
42 0.23060184182423427 298812 0.02 80
43 0.23002780244236665 305649 0.02 80
44 0.22947538795905312 312479 0.02 80
45 0.22893722877370265 319305 0.02 80
46 0.22840769005475312 326128 0.02 80
47 0.22788265590367793 332949 0.02 80
48 0.2273592670057747 339767 0.02 80
49 0.2268356371486511 346581 0.02 80
50 0.22631056890504822 353392 0.02 80
51 0.22578328548224683 360201 0.02 80
52 0.2252531931245168 367005 0.02 80
53 0.22471968522911656 373808 0.02 80
54 0.2241819952019141 380612 0.02 80
55 0.223639100610959 387414 0.02 80
56 0.22308967712497066 394208 0.02 80
57 0.2225320974471523 401000 0.02 80
58 0.22196446802620634 407793 0.02 80
59 0.2213846946864227 414582 0.02 80
60 0.22079056747531406 421366 0.02 80
61 0.22017985504067514 428148 0.02 80
62 0.21955039970177895 434925 0.02 80
63 0.21890020589917483 441700 0.02 80
64 0.21822751660692732 448471 0.02 80
65 0.21753087426794065 455239 0.02 80
66 0.21680916462865715 462006 0.02 80
67 0.21606164335844033 468770 0.02 80
68 0.2152879464834795 475530 0.02 80
69 0.21448808645474612 482288 0.02 80
70 0.21366243615590147 489044 0.02 80
71 0.21281170340449984 495797 0.02 80
72 0.2119368985617123 502559 0.02 80
73 0.21103929777415245 509307 0.02 80
74 0.21012040414192149 516052 0.02 80
75 0.2091819087559776 522800 0.02 80
76 0.20822565310674648 529542 0.02 80
77 0.20725359388578055 536285 0.02 80
78 0.20626777074533378 543022 0.02 80
79 0.20527027720197696 549756 0.02 80
80 0.2042632346026479 556487 0.02 80
81 0.20324876891882893 563217 0.02 80
82 0.20222899007712436 569947 0.02 80
83 0.20120597354031786 576672 0.02 80
84 0.20018174388961985 583393 0.02 80
85 0.19915826020150504 590114 0.02 80
86 0.19813740304729208 596832 0.02 80
87 0.1971209629661618 603549 0.02 80
88 0.19611063027600992 610262 0.02 80
89 0.19510798609849025 616980 0.02 80
90 0.19411449449318893 623722 0.02 80
91 0.19313149562748924 630430 0.02 80
92 0.19216019995572442 637138 0.02 80
93 0.1912016834408212 643846 0.02 80
94 0.190256883915531 650551 0.02 80
95 0.18932659873678023 657252 0.02 80
96 0.18841148392305382 663951 0.02 80
97 0.18751205497095857 670648 0.02 80
98 0.18662868951827313 677344 0.02 80
99 0.1857616319583196 684038 0.02 80
