0 0.9561843804450054 12369 0.05 140
1 0.7563728846691133 24725 0.05 140
2 0.566306806393728 37056 0.05 140
3 0.4243093910624007 49361 0.05 140
4 0.34723932455051065 61632 0.05 140
5 0.3022818086128804 73958 0.05 140
6 0.27411243040689126 86276 0.05 140
7 0.2555177596565478 98663 0.05 140
8 0.242393938116094 110942 0.05 140
9 0.23250237068740287 123202 0.05 140
10 0.22455562041704671 135449 0.05 140
11 0.21777538807985697 147677 0.05 140
12 0.2117159188391476 159890 0.05 140
13 0.2061679849393595 172088 0.05 140
14 0.2010588553328831 184280 0.05 140
15 0.19636792139563702 196451 0.05 140
16 0.19208987909654437 208606 0.05 140
17 0.18822467505581705 220748 0.05 140
18 0.18477041240034403 232876 0.05 140
19 0.18171611177784314 244989 0.05 140
20 0.17903855704152102 257095 0.05 140
21 0.17670410280083934 269185 0.05 140
22 0.17467251927848132 281265 0.05 140
23 0.17290047503179526 293331 0.05 140
24 0.1713443199964147 305385 0.05 140
25 0.16996250625400927 317430 0.05 140
26 0.1687176153033543 329464 0.05 140
27 0.16757773519242172 341487 0.05 140
28 0.16651705444230144 353498 0.05 140
29 0.1655157310895393 365499 0.05 140
30 0.1645592074848802 377495 0.05 140
31 0.16363717981655113 389476 0.05 140
32 0.1627424340636976 401451 0.05 140
33 0.16186974428361223 413414 0.05 140
34 0.1610149883916089 425368 0.05 140
35 0.1601745664315217 437312 0.05 140
36 0.15934512200407042 449258 0.05 140
37 0.15852349670217203 461188 0.05 140
38 0.157706812174057 473114 0.05 140
39 0.15689257978564605 485024 0.05 140
40 0.15607877179198235 496927 0.05 140
41 0.15526383017653136 508821 0.05 140
42 0.1544466222405485 520711 0.05 140
43 0.1536263675417403 532588 0.05 140
44 0.15280256069246453 544462 0.05 140
45 0.15197490607480382 556326 0.05 140
46 0.15114327102906785 568182 0.05 140
47 0.1503076576555321 580033 0.05 140
48 0.1494681906839393 591873 0.05 140
49 0.14862511863042766 603710 0.05 140
50 0.1477788261359206 615536 0.05 140
51 0.14692985592963234 627354 0.05 140
52 0.14607893874947264 639166 0.05 140
53 0.14522702857559297 650976 0.05 140
54 0.1443753388436124 662870 0.05 140
55 0.143525373459573 674661 0.05 140
56 0.14267894525581248 686445 0.05 140
57 0.1418381747158938 698223 0.05 140
58 0.1410054636198126 709995 0.05 140
59 0.14018344141868483 721761 0.05 140
60 0.1393748859239603 733520 0.05 140
61 0.13858262345031577 745274 0.05 140
62 0.13780941621635137 757026 0.05 140
63 0.13705784625339576 768766 0.05 140
64 0.13633020530171305 780503 0.05 140
65 0.13562839939771598 792234 0.05 140
66 0.13495387536378178 803961 0.05 140
67 0.13430757446579833 815681 0.05 140
68 0.13368991626992507 827395 0.05 140
69 0.13310081328304077 839107 0.05 140
70 0.13253971437271767 850811 0.05 140
71 0.13200567240228703 862514 0.05 140
72 0.13149742925215022 874209 0.05 140
73 0.13101350971266584 885900 0.05 140
74 0.1305523148829126 897587 0.05 140
75 0.13011220594560285 909271 0.05 140
76 0.12969157072778073 920950 0.05 140
77 0.12928886832366 932631 0.05 140
78 0.12890265090903466 944300 0.05 140
79 0.12853156599080656 955965 0.05 140
80 0.12817434578506143 967627 0.05 140
81 0.12782979236709568 979288 0.05 140
82 0.12749676719799263 990942 0.05 140
83 0.12717419160678062 1002597 0.05 140
84 0.12686106128720914 1014244 0.05 140
85 0.12655647369202142 1025887 0.05 140
86 0.12625966332410582 1037531 0.05 140
87 0.12597003717239658 1049169 0.05 140
88 0.12568720152186746 1060806 0.05 140
89 0.12541097236848517 1072436 0.05 140
90 0.12514136454087776 1084062 0.05 140
91 0.124878558629154 1095685 0.05 140
92 0.12462284866144756 1107312 0.05 140
93 0.12437457581684043 1118934 0.05 140
94 0.12413405378875757 1130549 0.05 140
95 0.12390149058191222 1142158 0.05 140
96 0.12367691138886272 1153766 0.05 140
97 0.12346008907394333 1165370 0.05 140
98 0.12325049197187124 1176973 0.05 140
99 0.12304726048016003 1188571 0.05 140
