0 0.7289865219144417 22980 0.08 260
1 0.3864673665979532 45864 0.08 260
2 0.2898952294491889 68661 0.08 260
3 0.24661421248916623 91395 0.08 260
4 0.22203522521082564 114073 0.08 260
5 0.20646478400528012 136716 0.08 260
6 0.1950912281751566 159302 0.08 260
7 0.1864367298061974 181847 0.08 260
8 0.17979922963517306 204674 0.08 260
9 0.17454128950481396 227137 0.08 260
10 0.17016206431995973 249561 0.08 260
11 0.1663522498625643 271949 0.08 260
12 0.16294772288247142 294308 0.08 260
13 0.15986189204248813 316630 0.08 260
14 0.1570416339900596 338908 0.08 260
15 0.1544507200005005 361149 0.08 260
16 0.15206632253643013 383352 0.08 260
17 0.14987653772090034 405520 0.08 260
18 0.14787629161472396 427645 0.08 260
19 0.14606346628692235 449735 0.08 260
20 0.14443622347236515 471797 0.08 260
21 0.14299109311617958 493824 0.08 260
22 0.14172174569827223 515807 0.08 260
23 0.1406188795025067 537758 0.08 260
24 0.13967098779484183 559675 0.08 260
25 0.13886509690520116 581556 0.08 260
26 0.13818699127329157 603405 0.08 260
27 0.13762124160191772 625217 0.08 260
28 0.13715149980279123 647002 0.08 260
29 0.1367611696628382 668759 0.08 260
30 0.13643425997347006 690473 0.08 260
31 0.13615614529785872 712162 0.08 260
32 0.13591403886594366 733821 0.08 260
33 0.135697129090225 755449 0.08 260
34 0.1354964586159844 777049 0.08 260
35 0.13530468034366466 798646 0.08 260
36 0.13511580810255794 820193 0.08 260
37 0.13492502410017104 841714 0.08 260
38 0.13472854782021895 863197 0.08 260
39 0.13452353513378798 884654 0.08 260
40 0.1343079691249965 906093 0.08 260
41 0.13408051924268158 927506 0.08 260
42 0.13384036943175986 948891 0.08 260
43 0.13358703564483945 970262 0.08 260
44 0.13332020074692882 991608 0.08 260
45 0.13303958956604867 1012913 0.08 260
46 0.13274489380981566 1034207 0.08 260
47 0.13243574324526414 1055463 0.08 260
48 0.132111711703574 1076694 0.08 260
49 0.13177234568023613 1097906 0.08 260
50 0.13141720723285455 1119099 0.08 260
51 0.1310459277410725 1140274 0.08 260
52 0.1306582720570183 1161441 0.08 260
53 0.1302542127578338 1182589 0.08 260
54 0.12983401218771848 1203711 0.08 260
55 0.1293983067439245 1224822 0.08 260
56 0.12894818419581638 1245908 0.08 260
57 0.12848524133673137 1267016 0.08 260
58 0.12801160684019017 1288065 0.08 260
59 0.12752991424811227 1309105 0.08 260
60 0.12704321417016287 1330120 0.08 260
61 0.12655482387171085 1351119 0.08 260
62 0.12606812551729532 1372097 0.08 260
63 0.12558633822073284 1393053 0.08 260
64 0.12511229897881387 1414002 0.08 260
65 0.12464828903424595 1434925 0.08 260
66 0.12419593332668342 1455829 0.08 260
67 0.1237561837633497 1476710 0.08 260
68 0.12332937804414387 1497583 0.08 260
69 0.12291535141628784 1518453 0.08 260
70 0.12251357301373349 1539307 0.08 260
71 0.12212328114898452 1560156 0.08 260
72 0.12174359979337374 1580985 0.08 260
73 0.12137362755937112 1601795 0.08 260
74 0.1210124979980197 1622595 0.08 260
75 0.12065941483399638 1643383 0.08 260
76 0.12031366801229523 1664161 0.08 260
77 0.11997463681392721 1684911 0.08 260
78 0.11964178555548975 1705652 0.08 260
79 0.11931465608955162 1726380 0.08 260
80 0.11899285984578403 1747159 0.08 260
81 0.11867607074316398 1767861 0.08 260
82 0.1183640191467408 1788565 0.08 260
83 0.11805648629119381 1809257 0.08 260
84 0.11775329834776016 1829929 0.08 260
85 0.117454319569229 1850596 0.08 260
86 0.11715944456592665 1871270 0.08 260
87 0.11686859046980473 1891931 0.08 260
88 0.11658169021440387 1912582 0.08 260
89 0.11629868816976412 1933209 0.08 260
90 0.11601953891238885 1953828 0.08 260
91 0.11574420919826833 1974436 0.08 260
92 0.1154726825617762 1995060 0.08 260
93 0.11520496562243276 2015665 0.08 260
94 0.11494109518705686 2036265 0.08 260
95 0.11468114546048923 2056858 0.08 260
96 0.11442523494553018 2077440 0.08 260
97 0.11417353279494845 2098022 0.08 260
98 0.1139262644335798 2118585 0.08 260
99 0.1136837162162917 2139140 0.08 260
