0 0.7849050253443356 7110 0.09 80
1 0.43190032362443576 14150 0.09 80
2 0.31090504515313744 21110 0.09 80
3 0.26522869400454396 28014 0.09 80
4 0.2451201742352943 34883 0.09 80
5 0.23406568969474023 41722 0.09 80
6 0.22691412769770178 48536 0.09 80
7 0.22150280489658114 55323 0.09 80
8 0.21686804500016538 62088 0.09 80
9 0.21253684917076934 68829 0.09 80
10 0.20824107547534454 75573 0.09 80
11 0.20386517104008203 82268 0.09 80
12 0.1994294299271847 88943 0.09 80
13 0.1950325171561393 95597 0.09 80
14 0.19078354169857709 102232 0.09 80
15 0.18675652541144747 108848 0.09 80
16 0.1829766947960244 115446 0.09 80
17 0.17943186690825566 122034 0.09 80
18 0.1760911459932968 128606 0.09 80
19 0.1729170679013334 135164 0.09 80
20 0.1698707308554129 141703 0.09 80
21 0.1669159429132892 148231 0.09 80
22 0.16402486156948512 154747 0.09 80
23 0.16118276185336422 161258 0.09 80
24 0.15838920174768736 167760 0.09 80
25 0.1556551579909611 174250 0.09 80
26 0.1529976201327291 180732 0.09 80
27 0.15043389344417818 187208 0.09 80
28 0.14797761840329407 193677 0.09 80
29 0.1456374975344888 200148 0.09 80
30 0.143418399362021 206633 0.09 80
31 0.14132350407025498 213089 0.09 80
32 0.13935596512174148 219541 0.09 80
33 0.13751912120358878 225991 0.09 80
34 0.13581533417907077 232438 0.09 80
35 0.13424474987897633 238883 0.09 80
36 0.13280536334336024 245326 0.09 80
37 0.13149408447497662 251766 0.09 80
38 0.13030736075411511 258205 0.09 80
39 0.12924093366816364 264648 0.09 80
40 0.12828936501165894 271087 0.09 80
41 0.12744575873247413 277527 0.09 80
42 0.12670186502560596 283959 0.09 80
43 0.12604870005379895 290389 0.09 80
44 0.12547717285424806 296816 0.09 80
45 0.124977974143975 303243 0.09 80
46 0.12454133601514115 309670 0.09 80
47 0.12415772140928102 316093 0.09 80
48 0.12381906702940866 322512 0.09 80
49 0.12351946823673962 328931 0.09 80
50 0.12325493380180803 335348 0.09 80
51 0.12302268201607343 341764 0.09 80
52 0.12282053955297768 348176 0.09 80
53 0.12264663051050621 354587 0.09 80
54 0.12249924509799343 360996 0.09 80
55 0.12237671378220727 367403 0.09 80
56 0.12227718543468187 373813 0.09 80
57 0.12219829644976422 380220 0.09 80
58 0.12213677235192003 386649 0.09 80
59 0.1220880663646543 393049 0.09 80
60 0.12204623187282289 399445 0.09 80
61 0.12200424751152082 405840 0.09 80
62 0.12195484927852576 412234 0.09 80
63 0.12189162993414665 418627 0.09 80
64 0.12180996804887731 425016 0.09 80
65 0.1217074165158346 431405 0.09 80
66 0.12158346290211935 437792 0.09 80
67 0.12143887596600852 444178 0.09 80
68 0.12127499728869358 450564 0.09 80
69 0.12109326974764521 456948 0.09 80
70 0.12089509460044569 463332 0.09 80
71 0.12068191968326167 469713 0.09 80
72 0.12045539078801787 476091 0.09 80
73 0.12021745130873758 482477 0.09 80
74 0.11997036989228901 488860 0.09 80
75 0.11971673117566027 495241 0.09 80
76 0.11945941879880151 501616 0.09 80
77 0.1192015789241968 507990 0.09 80
78 0.11894651777702296 514364 0.09 80
79 0.11869748702407959 520737 0.09 80
80 0.11845733874323086 527109 0.09 80
81 0.11822804674229864 533481 0.09 80
82 0.11801006391905818 539853 0.09 80
83 0.11780145459316366 546224 0.09 80
84 0.11759683299196978 552595 0.09 80
85 0.1173864896965449 558966 0.09 80
86 0.11715660680518053 565336 0.09 80
87 0.11689158629932984 571714 0.09 80
88 0.11657850132896827 578084 0.09 80
89 0.11621181320162552 584455 0.09 80
90 0.11579561327819679 590831 0.09 80
91 0.11534199506297646 597207 0.09 80
92 0.11486658328139865 603581 0.09 80
93 0.11438374445445285 609952 0.09 80
94 0.11390366033376441 616324 0.09 80
95 0.11343186315826259 622695 0.09 80
96 0.11297042824181495 629066 0.09 80
97 0.11251964718794775 635440 0.09 80
98 0.11207940053268567 641813 0.09 80
99 0.11164996850197004 648187 0.09 80
