0 0.9567870927776674 21222 0.01 240
1 0.9546435419878355 42366 0.01 240
2 0.9518264356128144 63517 0.01 240
3 0.9477130694594182 84715 0.01 240
4 0.9410624263894551 105882 0.01 240
5 0.9294000401900223 127044 0.01 240
6 0.9094241673700031 148204 0.01 240
7 0.8785337427116442 169361 0.01 240
8 0.8339358879364712 190505 0.01 240
9 0.7785806156860561 211677 0.01 240
10 0.7211960723513414 232831 0.01 240
11 0.6676580869890832 253991 0.01 240
12 0.619196522898513 275147 0.01 240
13 0.5754516914979462 296303 0.01 240
14 0.5361467897548432 317454 0.01 240
15 0.5012893480687386 338596 0.01 240
16 0.4708096402960874 359737 0.01 240
17 0.44436676950116016 380910 0.01 240
18 0.4214793687693955 402042 0.01 240
19 0.4016566992684834 423168 0.01 240
20 0.3844463046141042 444289 0.01 240
21 0.369446386158046 465405 0.01 240
22 0.35630804073586037 486515 0.01 240
23 0.34473200135106413 507643 0.01 240
24 0.33446360079179827 528745 0.01 240
25 0.32528878344519074 549840 0.01 240
26 0.3170310704196424 570930 0.01 240
27 0.3095481882765932 592016 0.01 240
28 0.30272768930523386 613094 0.01 240
29 0.29648178659090313 634168 0.01 240
30 0.29074203413019173 655238 0.01 240
31 0.28545444114715307 676304 0.01 240
32 0.2805753777452768 697366 0.01 240
33 0.276068393410069 718423 0.01 240
34 0.2719019068553423 739474 0.01 240
35 0.2680476397857436 760523 0.01 240
36 0.2644796359229222 781567 0.01 240
37 0.26117370714019217 802607 0.01 240
38 0.25810716569951486 823642 0.01 240
39 0.2552587272380337 844676 0.01 240
40 0.25260849851761663 865706 0.01 240
41 0.25013799291050043 886733 0.01 240
42 0.24783014127441708 907757 0.01 240
43 0.24566928381270967 928780 0.01 240
44 0.24364113946500204 949796 0.01 240
45 0.2417327547746158 970810 0.01 240
46 0.23993243606047612 991821 0.01 240
47 0.23822966886293054 1012829 0.01 240
48 0.23661502822439956 1033833 0.01 240
49 0.23508008301609695 1054834 0.01 240
50 0.2336172974133403 1075832 0.01 240
51 0.23221993268406513 1096826 0.01 240
52 0.2308819525091188 1117839 0.01 240
53 0.22959793491463673 1138825 0.01 240
54 0.22836299344626768 1159808 0.01 240
55 0.227172709432216 1180788 0.01 240
56 0.22602307615009343 1201767 0.01 240
57 0.2249104545900222 1222742 0.01 240
58 0.2238315394815541 1243715 0.01 240
59 0.22278333349183388 1264686 0.01 240
60 0.22176312711384014 1285653 0.01 240
61 0.22076848177212405 1306793 0.01 240
62 0.21979721402610405 1327923 0.01 240
63 0.21884737933597004 1349048 0.01 240
64 0.2179172545355736 1370173 0.01 240
65 0.21700531879910273 1391297 0.01 240
66 0.21611023339591282 1412415 0.01 240
67 0.21523082084898984 1433534 0.01 240
68 0.21436604424240369 1454648 0.01 240
69 0.21351498739354308 1475764 0.01 240
70 0.21267683647040297 1496873 0.01 240
71 0.21185086345135176 1517980 0.01 240
72 0.2110364116445852 1539085 0.01 240
73 0.2102328833390487 1560187 0.01 240
74 0.20943972955899673 1581288 0.01 240
75 0.20865644183438917 1602387 0.01 240
76 0.20788254586303098 1623483 0.01 240
77 0.20711759691086928 1644577 0.01 240
78 0.20636117676258428 1665669 0.01 240
79 0.2056128919918587 1686761 0.01 240
80 0.20487237327318233 1707849 0.01 240
81 0.20413927541360646 1728933 0.01 240
82 0.20341327775477672 1750017 0.01 240
83 0.20269408459374003 1771096 0.01 240
84 0.20198142530349822 1792174 0.01 240
85 0.20127505390371841 1813248 0.01 240
86 0.20057474793387958 1834322 0.01 240
87 0.19988030660343217 1855393 0.01 240
88 0.19919154831812794 1876462 0.01 240
89 0.19850830778830042 1897529 0.01 240
90 0.1978304329955428 1918597 0.01 240
91 0.19715778231823441 1939661 0.01 240
92 0.19649022209255057 1960720 0.01 240
93 0.1958276248221407 1981781 0.01 240
94 0.1951698681616045 2002838 0.01 240
95 0.19451683470332173 2023901 0.01 240
96 0.19386841250967699 2044953 0.01 240
97 0.19322449626393035 2066000 0.01 240
98 0.19258498886826322 2087049 0.01 240
99 0.19194980329698338 2108093 0.01 240
