0 0.8990712421987747 3538 0.09 40
1 0.5156676614287325 7034 0.09 40
2 0.36359885117993873 10473 0.09 40
3 0.31769629370814895 13861 0.09 40
4 0.2902264945642948 17216 0.09 40
5 0.2696874511905362 20547 0.09 40
6 0.2550560444034041 23858 0.09 40
7 0.24533197376020893 27153 0.09 40
8 0.2390483476789809 30432 0.09 40
9 0.23468228724056095 33697 0.09 40
10 0.23080267734889978 36949 0.09 40
11 0.22641783970634277 40190 0.09 40
12 0.22127256358369152 43420 0.09 40
13 0.2157049963924531 46640 0.09 40
14 0.21016172460762958 49851 0.09 40
15 0.20488221044173655 53054 0.09 40
16 0.19993850339011765 56248 0.09 40
17 0.19531958778483288 59438 0.09 40
18 0.19097641123373044 62620 0.09 40
19 0.18686140823179484 65795 0.09 40
20 0.18294935753264424 68965 0.09 40
21 0.17923558421711494 72130 0.09 40
22 0.17572619912999748 75292 0.09 40
23 0.17243058136471556 78449 0.09 40
24 0.1693565952264166 81604 0.09 40
25 0.16650670241577728 84755 0.09 40
26 0.16387578792850485 87903 0.09 40
27 0.1614524789705038 91050 0.09 40
28 0.15922308766960136 94194 0.09 40
29 0.15717496623695307 97337 0.09 40
30 0.15529728796766748 100479 0.09 40
31 0.15358004511908732 103619 0.09 40
32 0.152012956131035 106758 0.09 40
33 0.15058502369908253 109896 0.09 40
34 0.14928458491674954 113037 0.09 40
35 0.1480994731424347 116174 0.09 40
36 0.14701689711563493 119312 0.09 40
37 0.14602264966032696 122447 0.09 40
38 0.1450997040099693 125585 0.09 40
39 0.1442270774127531 128720 0.09 40
40 0.14337981587246343 131857 0.09 40
41 0.14253055015255553 134992 0.09 40
42 0.14165279620648005 138127 0.09 40
43 0.1407247872346267 141263 0.09 40
44 0.13973196129584206 144398 0.09 40
45 0.1386679598207796 147534 0.09 40
46 0.13753593538215522 150672 0.09 40
47 0.13635005818590548 153809 0.09 40
48 0.1351332564308675 156947 0.09 40
49 0.1339106487601589 160124 0.09 40
50 0.13270363926046305 163264 0.09 40
51 0.13152776993257057 166404 0.09 40
52 0.13039450656620033 169544 0.09 40
53 0.12931422124389538 172685 0.09 40
54 0.1282966622763662 175827 0.09 40
55 0.12734915591975288 178970 0.09 40
56 0.1264748381621364 182114 0.09 40
57 0.12567206544330758 185258 0.09 40
58 0.12493588127175968 188407 0.09 40
59 0.12426158818609265 191557 0.09 40
60 0.12364755607220491 194705 0.09 40
61 0.12309420012201917 197853 0.09 40
62 0.12260025260289319 201005 0.09 40
63 0.12215919760189779 204155 0.09 40
64 0.12175625729627146 207309 0.09 40
65 0.12136830423038047 210461 0.09 40
66 0.12097181508683329 213615 0.09 40
67 0.12055411290078624 216770 0.09 40
68 0.12011760827546926 219926 0.09 40
69 0.11967704171604557 223082 0.09 40
70 0.11925375904721186 226241 0.09 40
71 0.1188706541482156 229401 0.09 40
72 0.11854116875124131 232562 0.09 40
73 0.11827706995152322 235723 0.09 40
74 0.11810625884362223 238887 0.09 40
75 0.11802538704307754 242056 0.09 40
76 0.1180632793009841 245222 0.09 40
77 0.11836340011782616 248388 0.09 40
78 0.11901655957614254 251556 0.09 40
79 0.11999515149415337 254724 0.09 40
80 0.12105866041583924 257894 0.09 40
81 0.1220145878624706 261068 0.09 40
82 0.12288305635973551 264240 0.09 40
83 0.12372305003365476 267413 0.09 40
84 0.12453403533725406 270586 0.09 40
85 0.1252710252485585 273759 0.09 40
86 0.12591485439198213 276933 0.09 40
87 0.12648310490856385 280108 0.09 40
88 0.12697729958730172 283283 0.09 40
89 0.12742668702839482 286458 0.09 40
90 0.12790387507238452 289634 0.09 40
91 0.1284886909401587 292811 0.09 40
92 0.12918958257987426 295992 0.09 40
93 0.13003040571500504 299173 0.09 40
94 0.13091303913649813 302353 0.09 40
95 0.13160005611188508 305534 0.09 40
96 0.13226362975678177 308715 0.09 40
97 0.13314047807952123 311897 0.09 40
98 0.13448983676857154 315084 0.09 40
99 0.13597197075270795 318268 0.09 40
