0 0.9572743585432951 12460 0.04 140
1 0.8867641159612835 24906 0.04 140
2 0.6916943697586254 37341 0.04 140
3 0.5546792879052456 49756 0.04 140
4 0.4451351101893573 62161 0.04 140
5 0.3765144911072257 74538 0.04 140
6 0.3321447578000048 86895 0.04 140
7 0.3010963820770368 99229 0.04 140
8 0.2787724887651104 111546 0.04 140
9 0.2623873516921263 123847 0.04 140
10 0.2500316108122633 136140 0.04 140
11 0.24040257257614323 148414 0.04 140
12 0.23263033735859295 160677 0.04 140
13 0.22612951829687383 172929 0.04 140
14 0.22049870458071488 185170 0.04 140
15 0.21546987307013699 197403 0.04 140
16 0.2108774935524021 209622 0.04 140
17 0.20662383177360016 221834 0.04 140
18 0.2026473339910907 234032 0.04 140
19 0.19890737283627946 246218 0.04 140
20 0.19538110531879427 258402 0.04 140
21 0.19206107196848918 270567 0.04 140
22 0.18894974841681839 282728 0.04 140
23 0.18605326320270954 294873 0.04 140
24 0.1833764851199437 307012 0.04 140
25 0.18092014036832 319139 0.04 140
26 0.1786798804454951 331265 0.04 140
27 0.17664679267281247 343381 0.04 140
28 0.17480855486697036 355492 0.04 140
29 0.17315057207803136 367585 0.04 140
30 0.17165683830113201 379766 0.04 140
31 0.17031057155509113 391842 0.04 140
32 0.16909473527924318 403917 0.04 140
33 0.1679924883648799 415977 0.04 140
34 0.16698755364677098 428037 0.04 140
35 0.1660645051574561 440084 0.04 140
36 0.16520900046502254 452123 0.04 140
37 0.16440798553737318 464159 0.04 140
38 0.1636498786134792 476185 0.04 140
39 0.16292471693147986 488208 0.04 140
40 0.16222423976343958 500221 0.04 140
41 0.16154188551694795 512229 0.04 140
42 0.16087269497443318 524227 0.04 140
43 0.16021313030087625 536219 0.04 140
44 0.15956083447559727 548206 0.04 140
45 0.1589143643862442 560195 0.04 140
46 0.15827293123030686 572171 0.04 140
47 0.15763617491604795 584140 0.04 140
48 0.1570039879018753 596102 0.04 140
49 0.15637639220348834 608060 0.04 140
50 0.1557534640540919 620010 0.04 140
51 0.15513529518876268 631959 0.04 140
52 0.15452197786127075 643900 0.04 140
53 0.15391360171219448 655835 0.04 140
54 0.1533102534592035 667763 0.04 140
55 0.1527120140085267 679687 0.04 140
56 0.15211895104319215 691607 0.04 140
57 0.15153110775088321 703520 0.04 140
58 0.150948489808052 715429 0.04 140
59 0.15037105310159743 727331 0.04 140
60 0.1497986942665355 739228 0.04 140
61 0.14923124536276605 751123 0.04 140
62 0.1486684732618437 763009 0.04 140
63 0.14811008376716275 774893 0.04 140
64 0.1475557301803278 786770 0.04 140
65 0.14700502586584588 798642 0.04 140
66 0.14645756023180428 810506 0.04 140
67 0.14591291734892203 822377 0.04 140
68 0.14537069616360188 834236 0.04 140
69 0.1448305309838126 846094 0.04 140
70 0.14429211072645645 857940 0.04 140
71 0.14375519539607723 869781 0.04 140
72 0.14321962845498218 881619 0.04 140
73 0.14268534412448877 893456 0.04 140
74 0.14215236916209825 905284 0.04 140
75 0.14162081920697905 917111 0.04 140
76 0.14109089029821162 928932 0.04 140
77 0.14056284658898813 940748 0.04 140
78 0.14003700557174245 952562 0.04 140
79 0.13951372228088865 964370 0.04 140
80 0.13899337395170702 976177 0.04 140
81 0.13847634649335863 987977 0.04 140
82 0.13796302389263385 999771 0.04 140
83 0.1374537813194328 1011562 0.04 140
84 0.13694898227966837 1023353 0.04 140
85 0.13644897969103573 1035141 0.04 140
86 0.13595412028724768 1046919 0.04 140
87 0.1354647513394875 1058695 0.04 140
88 0.13498122837438503 1070467 0.04 140
89 0.1345039224134937 1082234 0.04 140
90 0.13403322529136866 1094002 0.04 140
91 0.1335695518332909 1105763 0.04 140
92 0.13311333806320447 1117527 0.04 140
93 0.1326650351118613 1129280 0.04 140
94 0.1322250990296891 1141034 0.04 140
95 0.13179397720080455 1152783 0.04 140
96 0.13137209243931275 1164527 0.04 140
97 0.13095982608702936 1176269 0.04 140
98 0.13055750151113354 1188009 0.04 140
99 0.13016536933237158 1199746 0.04 140
