0 0.9103041130837811 7061 0.07 80
1 0.579911912505539 14088 0.07 80
2 0.40395152612269886 21053 0.07 80
3 0.31894369281943713 27966 0.07 80
4 0.27682610867818835 34841 0.07 80
5 0.2556702315458674 41689 0.07 80
6 0.24348706580653778 48521 0.07 80
7 0.2357655770090541 55326 0.07 80
8 0.23050351344550593 62117 0.07 80
9 0.22644241773076645 68888 0.07 80
10 0.22283112970508417 75648 0.07 80
11 0.21930722756265067 82390 0.07 80
12 0.21575687310394365 89119 0.07 80
13 0.21220573552782843 95825 0.07 80
14 0.20872469430477303 102520 0.07 80
15 0.205365124471829 109194 0.07 80
16 0.2021405546490764 115855 0.07 80
17 0.19904116159943736 122498 0.07 80
18 0.19605461925803946 129127 0.07 80
19 0.19317523943790174 135741 0.07 80
20 0.1904009269564938 142343 0.07 80
21 0.18772746316213562 148933 0.07 80
22 0.1851459311447399 155511 0.07 80
23 0.18264416297504493 162079 0.07 80
24 0.18021061651703726 168635 0.07 80
25 0.17783803667323778 175180 0.07 80
26 0.17552484963024295 181715 0.07 80
27 0.17327405123715245 188249 0.07 80
28 0.1710907823147924 194772 0.07 80
29 0.16897995254730402 201285 0.07 80
30 0.16694463128459122 207786 0.07 80
31 0.16498529005963272 214282 0.07 80
32 0.16309972220143246 220768 0.07 80
33 0.16128346964772353 227248 0.07 80
34 0.1595306217269716 233720 0.07 80
35 0.15783481506163016 240187 0.07 80
36 0.15619021667945288 246647 0.07 80
37 0.15459228927183774 253102 0.07 80
38 0.15303821301471232 259551 0.07 80
39 0.1515269298768491 265993 0.07 80
40 0.1500588588574435 272435 0.07 80
41 0.1486353855036218 278868 0.07 80
42 0.1472582503648526 285302 0.07 80
43 0.14592896212877846 291727 0.07 80
44 0.14464834993748235 298155 0.07 80
45 0.1434163393074565 304578 0.07 80
46 0.14223198021315384 310991 0.07 80
47 0.14109368444970394 317400 0.07 80
48 0.1399995732402431 323806 0.07 80
49 0.1389478219847036 330210 0.07 80
50 0.1379369137816205 336611 0.07 80
51 0.13696575515292397 343011 0.07 80
52 0.13603365305713422 349407 0.07 80
53 0.13514019685491346 355800 0.07 80
54 0.13428511653631814 362192 0.07 80
55 0.13346817331152944 368583 0.07 80
56 0.1326890788482237 374971 0.07 80
57 0.13194738340047857 381359 0.07 80
58 0.13124228482442693 387744 0.07 80
59 0.13057240029892794 394127 0.07 80
60 0.12993563955335136 400507 0.07 80
61 0.12932932299660824 406891 0.07 80
62 0.12875057000989856 413273 0.07 80
63 0.12819682024980755 419650 0.07 80
64 0.12766626720928514 426024 0.07 80
65 0.12715804345278228 432397 0.07 80
66 0.12667214101153917 438769 0.07 80
67 0.12620915059694363 445138 0.07 80
68 0.12576991940260498 451508 0.07 80
69 0.12535521411403142 457877 0.07 80
70 0.12496544727045827 464246 0.07 80
71 0.12460048655468048 470611 0.07 80
72 0.12425958469005476 476979 0.07 80
73 0.12394151681031189 483343 0.07 80
74 0.12364494518792075 489707 0.07 80
75 0.12336885663729034 496068 0.07 80
76 0.12311284380094957 502429 0.07 80
77 0.12287710737703494 508789 0.07 80
78 0.12266220559797558 515152 0.07 80
79 0.12246866251898085 521516 0.07 80
80 0.12229657524816605 527879 0.07 80
81 0.1221453445018859 534234 0.07 80
82 0.12201358569936398 540588 0.07 80
83 0.12189919099823163 546943 0.07 80
84 0.12179946829277015 553295 0.07 80
85 0.12171130528205792 559650 0.07 80
86 0.12163135597856717 566000 0.07 80
87 0.12155626610940934 572350 0.07 80
88 0.12148292823718541 578697 0.07 80
89 0.12140872296791494 585042 0.07 80
90 0.12133169469954876 591386 0.07 80
91 0.1212506298772101 597728 0.07 80
92 0.12116503472029942 604069 0.07 80
93 0.12107503316830977 610409 0.07 80
94 0.120981217504506 616750 0.07 80
95 0.12088448337219367 623092 0.07 80
96 0.12078587264804778 629433 0.07 80
97 0.12068643832090292 635771 0.07 80
98 0.12058713845411487 642106 0.07 80
99 0.12048876124243378 648437 0.07 80
