0 0.8567133426202729 8854 0.08 100
1 0.45892445068767107 17669 0.08 100
2 0.3312734036803087 26412 0.08 100
3 0.27804746652464396 35107 0.08 100
4 0.2505694314963328 43769 0.08 100
5 0.23460994398224694 52395 0.08 100
6 0.22432521039425904 60993 0.08 100
7 0.2171163503923987 69564 0.08 100
8 0.21169627419192968 78115 0.08 100
9 0.20723024680134916 86644 0.08 100
10 0.20316726640390934 95141 0.08 100
11 0.19923183099460212 103613 0.08 100
12 0.19536238612001186 112054 0.08 100
13 0.19160915661259034 120472 0.08 100
14 0.1880469643264085 128867 0.08 100
15 0.18472717713224865 137243 0.08 100
16 0.1816612871128827 145600 0.08 100
17 0.17882803516688858 153935 0.08 100
18 0.176190974273735 162252 0.08 100
19 0.17371168541433665 170553 0.08 100
20 0.17135456598983054 178844 0.08 100
21 0.1690876618538034 187242 0.08 100
22 0.16688327390931396 195499 0.08 100
23 0.16471869294093125 203739 0.08 100
24 0.16257647060069302 211965 0.08 100
25 0.1604441241232842 220185 0.08 100
26 0.158313697090254 228388 0.08 100
27 0.15618169127692885 236585 0.08 100
28 0.15404945235848602 244772 0.08 100
29 0.15192357031187897 252945 0.08 100
30 0.1498156050825879 261109 0.08 100
31 0.14774061567047467 269264 0.08 100
32 0.14571452513379965 277410 0.08 100
33 0.14375105699310467 285552 0.08 100
34 0.14185940193569707 293682 0.08 100
35 0.14004348457712107 301805 0.08 100
36 0.1383028097318686 309923 0.08 100
37 0.13663413271670968 318036 0.08 100
38 0.13503313384909604 326141 0.08 100
39 0.1334956555248196 334243 0.08 100
40 0.13201842913109263 342340 0.08 100
41 0.13059939226680048 350430 0.08 100
42 0.12923771920934363 358514 0.08 100
43 0.12793365205886492 366594 0.08 100
44 0.1266881880150282 374673 0.08 100
45 0.12550267513758448 382749 0.08 100
46 0.12437839008768409 390819 0.08 100
47 0.12331618878765042 398884 0.08 100
48 0.12231630508476594 406950 0.08 100
49 0.12137832371933546 415009 0.08 100
50 0.12050130277399475 423068 0.08 100
51 0.11968398891307068 431121 0.08 100
52 0.1189250593583907 439173 0.08 100
53 0.11822334425480417 447221 0.08 100
54 0.11757802083012424 455268 0.08 100
55 0.11698879054633532 463320 0.08 100
56 0.11645603002288797 471363 0.08 100
57 0.11598084787018177 479404 0.08 100
58 0.1155649099986369 487445 0.08 100
59 0.11520989261508763 495478 0.08 100
60 0.11491657312442112 503509 0.08 100
61 0.11468383555709503 511539 0.08 100
62 0.11450803877694847 519569 0.08 100
63 0.11438309275022561 527593 0.08 100
64 0.11430124614812147 535616 0.08 100
65 0.1142541890943413 543637 0.08 100
66 0.11423387167668066 551655 0.08 100
67 0.11423268051711044 559673 0.08 100
68 0.11424318037010364 567687 0.08 100
69 0.11425793242366453 575699 0.08 100
70 0.11426965444170369 583719 0.08 100
71 0.1142716186957213 591727 0.08 100
72 0.11425808000483256 599732 0.08 100
73 0.11422462911968087 607738 0.08 100
74 0.11416845878770775 615738 0.08 100
75 0.11408851078820621 623739 0.08 100
76 0.11398544600894348 631736 0.08 100
77 0.11386141048399459 639731 0.08 100
78 0.11371961959577945 647721 0.08 100
79 0.11356382649790149 655712 0.08 100
80 0.11339777692397905 663697 0.08 100
81 0.11322476406323405 671684 0.08 100
82 0.11304736704687333 679664 0.08 100
83 0.11286739442048543 687641 0.08 100
84 0.11268599131678236 695619 0.08 100
85 0.11250383371221644 703593 0.08 100
86 0.11232133294148174 711564 0.08 100
87 0.11213879831916757 719533 0.08 100
88 0.1119565378928531 727500 0.08 100
89 0.11177490281428203 735493 0.08 100
90 0.11159429358332121 743506 0.08 100
91 0.1114151479187095 751510 0.08 100
92 0.11123792512380364 759511 0.08 100
93 0.11106309522405895 767515 0.08 100
94 0.11089113562889868 775518 0.08 100
95 0.11072253451177855 783514 0.08 100
96 0.11055779830495098 791509 0.08 100
97 0.11039746010583071 799501 0.08 100
98 0.1102420858889203 807492 0.08 100
99 0.11009227591306633 815486 0.08 100
