0 0.8464370767969988 5296 0.09 60
1 0.4557815743395309 10548 0.09 60
2 0.33732834057362815 15719 0.09 60
3 0.29720438445221437 20832 0.09 60
4 0.27635571499862294 25908 0.09 60
5 0.2615680087637343 30953 0.09 60
6 0.24946183790284504 35970 0.09 60
7 0.23851598318491962 40961 0.09 60
8 0.22825670074015925 45933 0.09 60
9 0.2187419688544454 50887 0.09 60
10 0.21002144225861383 55827 0.09 60
11 0.2020704705295671 60754 0.09 60
12 0.19489165140175402 65670 0.09 60
13 0.18849467916355092 70577 0.09 60
14 0.18284336408848853 75475 0.09 60
15 0.17786664360350465 80366 0.09 60
16 0.1734827419238331 85251 0.09 60
17 0.16960855768224228 90128 0.09 60
18 0.16617192844138964 94999 0.09 60
19 0.16311806764549747 99865 0.09 60
20 0.16040435537142564 104726 0.09 60
21 0.15799188736152253 109588 0.09 60
22 0.15584067170415694 114444 0.09 60
23 0.15390950191127484 119292 0.09 60
24 0.15215817337456436 124136 0.09 60
25 0.15054982227619373 128977 0.09 60
26 0.149052597278301 133815 0.09 60
27 0.1476406828801077 138649 0.09 60
28 0.14629475679245627 143480 0.09 60
29 0.14500186091245987 148309 0.09 60
30 0.14375471449539656 153136 0.09 60
31 0.14255063307106539 157965 0.09 60
32 0.14139028067007445 162803 0.09 60
33 0.14027644015494886 167632 0.09 60
34 0.1392129006518646 172460 0.09 60
35 0.13820349994267847 177286 0.09 60
36 0.13725134590921476 182111 0.09 60
37 0.1363582542762417 186935 0.09 60
38 0.13552444218613355 191758 0.09 60
39 0.13474848459038338 196584 0.09 60
40 0.1340274814443011 201408 0.09 60
41 0.1333573308297252 206229 0.09 60
42 0.13273298506998443 211049 0.09 60
43 0.13214859215132982 215868 0.09 60
44 0.13159749418520536 220686 0.09 60
45 0.13107216252303472 225503 0.09 60
46 0.13056424599524855 230319 0.09 60
47 0.13006491081928673 235135 0.09 60
48 0.12956555192415234 239951 0.09 60
49 0.12905883372968302 244770 0.09 60
50 0.12853982584796533 249585 0.09 60
51 0.12800672786551878 254399 0.09 60
52 0.1274607307733982 259214 0.09 60
53 0.12690506455338654 264028 0.09 60
54 0.1263436947075452 268844 0.09 60
55 0.12578016718220786 273658 0.09 60
56 0.12521692666031253 278476 0.09 60
57 0.12465519548402045 283293 0.09 60
58 0.12409527117378402 288110 0.09 60
59 0.12353698017047555 292923 0.09 60
60 0.12298007517278677 297737 0.09 60
61 0.12242451194134389 302551 0.09 60
62 0.1218706469431072 307364 0.09 60
63 0.12131940219288029 312178 0.09 60
64 0.12077240316716188 316991 0.09 60
65 0.12023206531547574 321804 0.09 60
66 0.11970158651507336 326617 0.09 60
67 0.11918478305562419 331431 0.09 60
68 0.11868569079044958 336244 0.09 60
69 0.11820788608302714 341058 0.09 60
70 0.11775363916957234 345872 0.09 60
71 0.11732326721026759 350686 0.09 60
72 0.11691511799969061 355500 0.09 60
73 0.11652623429796541 360315 0.09 60
74 0.11615324650680751 365131 0.09 60
75 0.11579298890521135 369946 0.09 60
76 0.11544270318119959 374760 0.09 60
77 0.11510001466738909 379576 0.09 60
78 0.11476294910293663 384390 0.09 60
79 0.1144301866441305 389202 0.09 60
80 0.11410157650624869 394015 0.09 60
81 0.1137787567707241 398827 0.09 60
82 0.11346564533899905 403640 0.09 60
83 0.11316845120693983 408452 0.09 60
84 0.11289461781310206 413263 0.09 60
85 0.11265052622753376 418074 0.09 60
86 0.1124396780077813 422886 0.09 60
87 0.11226357085246297 427696 0.09 60
88 0.11212429265335366 432507 0.09 60
89 0.11202675022830579 437317 0.09 60
90 0.11198065004065537 442127 0.09 60
91 0.11200223160655397 446939 0.09 60
92 0.11211284025867385 451752 0.09 60
93 0.11233135549141461 456560 0.09 60
94 0.11266468460795617 461368 0.09 60
95 0.11310256643033094 466176 0.09 60
96 0.11361652526739206 470983 0.09 60
97 0.11416378814370041 475790 0.09 60
98 0.11469707359448303 480597 0.09 60
99 0.11517656331673728 485403 0.09 60
