0 0.9119977398232303 22981 0.06 260
1 0.5625037717775774 45921 0.06 260
2 0.38592361291092425 68802 0.06 260
3 0.31064276722958384 91639 0.06 260
4 0.2710388980797098 114434 0.06 260
5 0.24581851145637443 137196 0.06 260
6 0.22826835903280449 159928 0.06 260
7 0.21509577475984684 182633 0.06 260
8 0.2046883048944006 205308 0.06 260
9 0.19625561562003938 227960 0.06 260
10 0.18937808116323918 250601 0.06 260
11 0.18379351177665165 273217 0.06 260
12 0.17930357565267857 295807 0.06 260
13 0.1757255445816317 318379 0.06 260
14 0.1728634323815882 340931 0.06 260
15 0.1705080418573276 363465 0.06 260
16 0.168465681806216 385980 0.06 260
17 0.16658911505354654 408483 0.06 260
18 0.16478817381663183 430969 0.06 260
19 0.16302087911571614 453427 0.06 260
20 0.16127701939271888 475866 0.06 260
21 0.15956283012107286 498293 0.06 260
22 0.157889768475122 520699 0.06 260
23 0.15626760538501097 543087 0.06 260
24 0.15470130969194765 565454 0.06 260
25 0.15319092157252617 587835 0.06 260
26 0.15173326688262287 610170 0.06 260
27 0.15032420443388517 632477 0.06 260
28 0.14896039971760833 654765 0.06 260
29 0.14764020142400558 677034 0.06 260
30 0.14636369180366843 699287 0.06 260
31 0.14513222049709876 721522 0.06 260
32 0.1439477568900332 743736 0.06 260
33 0.1428123078853699 765942 0.06 260
34 0.14172752772347003 788132 0.06 260
35 0.140694542521356 810285 0.06 260
36 0.13971394320858416 832420 0.06 260
37 0.13878586962685036 854538 0.06 260
38 0.1379101105503421 876636 0.06 260
39 0.13708616791620654 898720 0.06 260
40 0.1363132659392102 920786 0.06 260
41 0.13559031611595654 942842 0.06 260
42 0.13491586931252947 964880 0.06 260
43 0.1342880918622581 986886 0.06 260
44 0.13370479362782017 1008874 0.06 260
45 0.13316351584749647 1030848 0.06 260
46 0.13266166216894767 1052806 0.06 260
47 0.1321966363368628 1074744 0.06 260
48 0.13176594229514288 1096671 0.06 260
49 0.1313672106122559 1118581 0.06 260
50 0.13099813700646884 1140473 0.06 260
51 0.1306563471124745 1162348 0.06 260
52 0.1303392268481189 1184206 0.06 260
53 0.13004377136802897 1206049 0.06 260
54 0.1297665034846689 1227883 0.06 260
55 0.1295034960350021 1249697 0.06 260
56 0.12925050798960663 1271496 0.06 260
57 0.12900321890251287 1293283 0.06 260
58 0.12875752683381217 1315057 0.06 260
59 0.1285098639451814 1336817 0.06 260
60 0.1282574811413781 1358589 0.06 260
61 0.1279986565269792 1380318 0.06 260
62 0.12773279075902533 1402034 0.06 260
63 0.12746036587663076 1423738 0.06 260
64 0.12718276393304428 1445439 0.06 260
65 0.12690196713537416 1467119 0.06 260
66 0.1266201874436015 1488795 0.06 260
67 0.126339491824654 1510452 0.06 260
68 0.12606149077707582 1532095 0.06 260
69 0.1257871396895269 1553724 0.06 260
70 0.12551667155560578 1575337 0.06 260
71 0.12524964777214967 1596941 0.06 260
72 0.12498509211204507 1618531 0.06 260
73 0.12472166595064879 1640111 0.06 260
74 0.1244578481549677 1661684 0.06 260
75 0.12419209484001462 1683244 0.06 260
76 0.12392296664482419 1704795 0.06 260
77 0.12364922071903663 1726335 0.06 260
78 0.12336987024173114 1747870 0.06 260
79 0.12308421670205413 1769387 0.06 260
80 0.12279186060238885 1790905 0.06 260
81 0.12249269576366424 1812402 0.06 260
82 0.12218689165150948 1833905 0.06 260
83 0.12187486736799083 1855390 0.06 260
84 0.12155726023277079 1876865 0.06 260
85 0.12123489121233723 1898329 0.06 260
86 0.12090872885764047 1919802 0.06 260
87 0.12057985291430741 1941245 0.06 260
88 0.12024941841847224 1962678 0.06 260
89 0.11991862090779176 1984102 0.06 260
90 0.11958866334208484 2005519 0.06 260
91 0.11926072537624378 2026928 0.06 260
92 0.11893593566821428 2048331 0.06 260
93 0.11861534785523106 2069724 0.06 260
94 0.11829992065734068 2091110 0.06 260
95 0.11799050229848274 2112483 0.06 260
96 0.11768781915384342 2133847 0.06 260
97 0.11739246833165769 2155203 0.06 260
98 0.1171049138373922 2176553 0.06 260
99 0.11682548604377618 2197904 0.06 260
