0 0.8950140209274462 24764 0.07 280
1 0.47838191198358776 49473 0.07 280
2 0.32280448229852926 74084 0.07 280
3 0.2666505442457421 98642 0.07 280
4 0.23714033833737388 123157 0.07 280
5 0.21930339074793537 147628 0.07 280
6 0.20791184585746075 172054 0.07 280
7 0.1997466760338471 196444 0.07 280
8 0.19310412042570047 220798 0.07 280
9 0.18737926939153257 245116 0.07 280
10 0.18238063099663898 269398 0.07 280
11 0.17799376716362514 293643 0.07 280
12 0.17411353297679116 317855 0.07 280
13 0.1706458734596952 342036 0.07 280
14 0.16751143501577032 366206 0.07 280
15 0.16464410960953674 390320 0.07 280
16 0.16198854189757833 414403 0.07 280
17 0.159499181466383 438458 0.07 280
18 0.1571416762402109 462482 0.07 280
19 0.15489559325266183 486469 0.07 280
20 0.15275624979805663 510434 0.07 280
21 0.1507328749381299 534364 0.07 280
22 0.14884175067375732 558264 0.07 280
23 0.14709721206320633 582136 0.07 280
24 0.14550561135913187 605977 0.07 280
25 0.1440640994830738 629789 0.07 280
26 0.14276238925122942 653578 0.07 280
27 0.1415854814257455 677339 0.07 280
28 0.14051644119609383 701068 0.07 280
29 0.13953874540059155 724771 0.07 280
30 0.13863782822086834 748452 0.07 280
31 0.13780171652519801 772107 0.07 280
32 0.1370209478262119 795733 0.07 280
33 0.13628810849888265 819333 0.07 280
34 0.13559730459400204 842917 0.07 280
35 0.13494375582711765 866471 0.07 280
36 0.1343235650050386 890004 0.07 280
37 0.13373361966868097 913515 0.07 280
38 0.13317155046090728 937012 0.07 280
39 0.1326356835088415 960479 0.07 280
40 0.13212495179434106 983930 0.07 280
41 0.13163875650288895 1007352 0.07 280
42 0.13117679005898272 1030757 0.07 280
43 0.1307388463853765 1054151 0.07 280
44 0.1303246484610725 1077510 0.07 280
45 0.12993371802553652 1100849 0.07 280
46 0.12956530033902636 1124174 0.07 280
47 0.12921834337878366 1147477 0.07 280
48 0.12889152026274073 1170761 0.07 280
49 0.1285832784782792 1194024 0.07 280
50 0.1282918997733735 1217270 0.07 280
51 0.12801555865241906 1240505 0.07 280
52 0.12775237285868998 1263717 0.07 280
53 0.1275004439709715 1286903 0.07 280
54 0.12725788928429896 1310073 0.07 280
55 0.12702286744718846 1333229 0.07 280
56 0.12679360037634071 1356370 0.07 280
57 0.12656839333271577 1379487 0.07 280
58 0.1263456541421907 1402586 0.07 280
59 0.12612391163590944 1425673 0.07 280
60 0.12590183263624477 1448744 0.07 280
61 0.12567823635637979 1471793 0.07 280
62 0.12545210500439063 1494827 0.07 280
63 0.1252225896902254 1517848 0.07 280
64 0.12498901132284765 1540852 0.07 280
65 0.12475085686867414 1563843 0.07 280
66 0.12450777190998509 1586814 0.07 280
67 0.12425955072630418 1609769 0.07 280
68 0.12400612505622663 1632710 0.07 280
69 0.12374755233819855 1655660 0.07 280
70 0.12348400373110377 1678571 0.07 280
71 0.12321575176877453 1701467 0.07 280
72 0.12294315725610167 1724350 0.07 280
73 0.12266665502693419 1747222 0.07 280
74 0.12238673841768063 1770076 0.07 280
75 0.12210394266602297 1792930 0.07 280
76 0.12181882780736422 1815759 0.07 280
77 0.12153196191875487 1838576 0.07 280
78 0.12124390569174384 1861378 0.07 280
79 0.12095519927956795 1884167 0.07 280
80 0.12066635217400398 1906943 0.07 280
81 0.12037783656793669 1929710 0.07 280
82 0.12009008431541297 1952466 0.07 280
83 0.11980348727797129 1975205 0.07 280
84 0.11951840059644261 1997941 0.07 280
85 0.11923514827885101 2020661 0.07 280
86 0.11895403044805035 2043377 0.07 280
87 0.1186753316239447 2066071 0.07 280
88 0.11839932948451797 2088754 0.07 280
89 0.11812630361046891 2111436 0.07 280
90 0.11785654372871823 2134100 0.07 280
91 0.11759035690742335 2156749 0.07 280
92 0.11732807302578538 2179387 0.07 280
93 0.11707004768529741 2202026 0.07 280
94 0.11681666161160514 2224650 0.07 280
95 0.11656831559415769 2247256 0.07 280
96 0.11632542018614007 2269855 0.07 280
97 0.11608837976351176 2292452 0.07 280
98 0.11585757109159156 2315026 0.07 280
99 0.11563331719547496 2337590 0.07 280
