0 0.9564905419540549 10586 0.03 120
1 0.9442190600542918 21163 0.03 120
2 0.8707896266802102 31740 0.03 120
3 0.724519831718466 42308 0.03 120
4 0.602474205945759 52870 0.03 120
5 0.5182116093061637 63406 0.03 120
6 0.45733340922632204 73924 0.03 120
7 0.41129226261495455 84427 0.03 120
8 0.37438511374493233 94918 0.03 120
9 0.3450706845263036 105400 0.03 120
10 0.322154458739935 115921 0.03 120
11 0.3039169164398106 126469 0.03 120
12 0.2891572573355448 137005 0.03 120
13 0.27701841741776645 147536 0.03 120
14 0.26673260791067044 158057 0.03 120
15 0.2576863221924854 168566 0.03 120
16 0.2494805287895461 179067 0.03 120
17 0.24190712393270675 189561 0.03 120
18 0.23489498581585547 200049 0.03 120
19 0.22845073107071445 210532 0.03 120
20 0.22260295559978352 221003 0.03 120
21 0.21736062848365242 231470 0.03 120
22 0.21269718572694943 241927 0.03 120
23 0.2085583055346073 252377 0.03 120
24 0.2048783016978537 262822 0.03 120
25 0.20159302406509105 273261 0.03 120
26 0.19864595060773554 283694 0.03 120
27 0.1959894225742658 294119 0.03 120
28 0.1935838836391351 304542 0.03 120
29 0.19139679153473216 314958 0.03 120
30 0.1894016631125151 325367 0.03 120
31 0.1875771774904221 335777 0.03 120
32 0.1859062083263523 346178 0.03 120
33 0.18437477967324428 356572 0.03 120
34 0.18297105594574906 366960 0.03 120
35 0.18168450702405475 377345 0.03 120
36 0.18050533630541696 387724 0.03 120
37 0.17942417407803674 398098 0.03 120
38 0.1784319736804397 408469 0.03 120
39 0.17752002488339297 418832 0.03 120
40 0.17668000978071396 429192 0.03 120
41 0.17590405312479662 439547 0.03 120
42 0.17518474691689745 449902 0.03 120
43 0.1745151497887552 460248 0.03 120
44 0.17388877191706778 470590 0.03 120
45 0.1732995568493799 480930 0.03 120
46 0.17274186685771928 491263 0.03 120
47 0.17221047318326393 501592 0.03 120
48 0.17170054995017583 511919 0.03 120
49 0.171207670966406 522240 0.03 120
50 0.17072781029009004 532555 0.03 120
51 0.17025734805093545 542868 0.03 120
52 0.16979308148605635 553179 0.03 120
53 0.1693322381940855 563484 0.03 120
54 0.1688724860862596 573786 0.03 120
55 0.16841193404675955 584087 0.03 120
56 0.16794911924662684 594382 0.03 120
57 0.16748298037462087 604672 0.03 120
58 0.16701281920262023 614960 0.03 120
59 0.16653825475518225 625245 0.03 120
60 0.16605917463237668 635526 0.03 120
61 0.16557568717912569 645804 0.03 120
62 0.16508807689095573 656082 0.03 120
63 0.1645967642468661 666352 0.03 120
64 0.16410227032562782 676620 0.03 120
65 0.16360518610548752 686886 0.03 120
66 0.1631061461570329 697156 0.03 120
67 0.1626058063861054 707413 0.03 120
68 0.16210482547762511 717669 0.03 120
69 0.16160384968955402 727924 0.03 120
70 0.16110350064054227 738172 0.03 120
71 0.1606043657316926 748421 0.03 120
72 0.1601069908512566 758668 0.03 120
73 0.1596118750347701 768908 0.03 120
74 0.1591194667909901 779144 0.03 120
75 0.15863016185008896 789377 0.03 120
76 0.15814430213765665 799611 0.03 120
77 0.15766217581870232 809841 0.03 120
78 0.15718401828434225 820069 0.03 120
79 0.1567100139668569 830293 0.03 120
80 0.15624029886596144 840512 0.03 120
81 0.15577496365324342 850728 0.03 120
82 0.1553140571983493 860939 0.03 120
83 0.15485759033760715 871148 0.03 120
84 0.15440553969195292 881354 0.03 120
85 0.15395785134450737 891557 0.03 120
86 0.15351444421457197 901759 0.03 120
87 0.1530752130159161 911954 0.03 120
88 0.15264003075976856 922149 0.03 120
89 0.15220875084835006 932342 0.03 120
90 0.15178120889015065 942529 0.03 120
91 0.1513572244380261 952714 0.03 120
92 0.15093660289063388 962895 0.03 120
93 0.15051913779593767 973076 0.03 120
94 0.15010461374881773 983252 0.03 120
95 0.14969280998871315 993423 0.03 120
96 0.1492835046915007 1003596 0.03 120
97 0.14887647983195898 1013763 0.03 120
98 0.1484715263893859 1023926 0.03 120
99 0.1480684495956833 1034087 0.03 120
