0 0.800157266179485 21247 0.08 240
1 0.37318773114189807 42522 0.08 240
2 0.283156458197038 63714 0.08 240
3 0.24691844682818992 84847 0.08 240
4 0.2268904577342521 105928 0.08 240
5 0.2123998302952497 126963 0.08 240
6 0.2005078013333457 147953 0.08 240
7 0.19063054929284529 168900 0.08 240
8 0.18257198406598057 189803 0.08 240
9 0.1760253209909183 210662 0.08 240
10 0.170614775960486 231478 0.08 240
11 0.16604146289974953 252254 0.08 240
12 0.16213178907190132 272992 0.08 240
13 0.15880488225034026 293693 0.08 240
14 0.1560176632841345 314357 0.08 240
15 0.15372336032672784 334986 0.08 240
16 0.1518568383939836 355583 0.08 240
17 0.15034158026271613 376148 0.08 240
18 0.1491031159745574 396681 0.08 240
19 0.1480780029173113 417179 0.08 240
20 0.1472172575237403 437646 0.08 240
21 0.1464859586782885 458082 0.08 240
22 0.14586022723907768 478486 0.08 240
23 0.14532313787175752 498861 0.08 240
24 0.1448611055053263 519208 0.08 240
25 0.14446157934019271 539525 0.08 240
26 0.1441121252864594 559813 0.08 240
27 0.14380051887536136 580073 0.08 240
28 0.14351533049986318 600305 0.08 240
29 0.1432465810144272 620509 0.08 240
30 0.142986236731685 640687 0.08 240
31 0.1427284658290184 660839 0.08 240
32 0.14246964600212855 680966 0.08 240
33 0.14220812866974744 701067 0.08 240
34 0.14194378104054478 721144 0.08 240
35 0.1416773709314804 741197 0.08 240
36 0.1414099173761453 761227 0.08 240
37 0.14114216138301572 781232 0.08 240
38 0.14087427897230712 801215 0.08 240
39 0.14060586752713602 821175 0.08 240
40 0.14033613624180127 841113 0.08 240
41 0.14006417622410083 861029 0.08 240
42 0.13978919235895254 880923 0.08 240
43 0.13951062539730905 900795 0.08 240
44 0.1392281467046819 920646 0.08 240
45 0.13894154956055219 940477 0.08 240
46 0.13865058411549577 960288 0.08 240
47 0.13835478951219365 980078 0.08 240
48 0.1380533695962052 999850 0.08 240
49 0.13774514226283477 1019602 0.08 240
50 0.13742857195198954 1039332 0.08 240
51 0.13710187544554897 1059046 0.08 240
52 0.13676317708716276 1078741 0.08 240
53 0.1364106829032458 1098421 0.08 240
54 0.13604284384507506 1118082 0.08 240
55 0.13565848493732796 1137725 0.08 240
56 0.13525688704776087 1157354 0.08 240
57 0.134837818531144 1176962 0.08 240
58 0.1344015227079362 1196556 0.08 240
59 0.1339486724621444 1216132 0.08 240
60 0.1334803048498848 1235695 0.08 240
61 0.1329977472763153 1255242 0.08 240
62 0.13250254389894736 1274775 0.08 240
63 0.13199638779354003 1294296 0.08 240
64 0.1314810619351248 1313800 0.08 240
65 0.13095839043279484 1333292 0.08 240
66 0.13043020043864206 1352771 0.08 240
67 0.12989829422995414 1372235 0.08 240
68 0.12936442975256057 1391687 0.08 240
69 0.12883030642538393 1411125 0.08 240
70 0.1282975517742844 1430555 0.08 240
71 0.12776770435686732 1449977 0.08 240
72 0.12724219015094743 1469380 0.08 240
73 0.1267222929829101 1488774 0.08 240
74 0.1262091234332392 1508157 0.08 240
75 0.1257035931019414 1527521 0.08 240
76 0.12520640075517991 1546873 0.08 240
77 0.12471803377537559 1566215 0.08 240
78 0.12423878403912822 1585547 0.08 240
79 0.12376877385557386 1604875 0.08 240
80 0.12330798619070672 1624185 0.08 240
81 0.12285629411612309 1643485 0.08 240
82 0.12241348637579176 1662775 0.08 240
83 0.12197928807621711 1682055 0.08 240
84 0.12155337702461319 1701324 0.08 240
85 0.12113539692066347 1720585 0.08 240
86 0.12072496858929312 1739837 0.08 240
87 0.12032170003245568 1759079 0.08 240
88 0.11992519557639231 1778311 0.08 240
89 0.11953506399625123 1797534 0.08 240
90 0.11915092529612724 1816748 0.08 240
91 0.11877241580596411 1835954 0.08 240
92 0.11839919137688623 1855151 0.08 240
93 0.11803092864983264 1874340 0.08 240
94 0.11766732458192883 1893521 0.08 240
95 0.11730809459826883 1912693 0.08 240
96 0.11695296986592327 1931857 0.08 240
97 0.11660169424740897 1951013 0.08 240
98 0.1162540214794686 1970161 0.08 240
99 0.11590971304744853 1989302 0.08 240
