0 0.9612060365006526 21230 0.05 240
1 0.7161051850948786 42435 0.05 240
2 0.45852127659435726 63604 0.05 240
3 0.349115451757201 84727 0.05 240
4 0.29876926982961893 105809 0.05 240
5 0.2692046597502301 126857 0.05 240
6 0.2501636479683416 147880 0.05 240
7 0.23687604481507737 168885 0.05 240
8 0.22691941800968005 189867 0.05 240
9 0.21897302605584576 210828 0.05 240
10 0.21227691921295164 231770 0.05 240
11 0.2063984041171841 252693 0.05 240
12 0.2011124652020517 273597 0.05 240
13 0.19630425192159487 294485 0.05 240
14 0.19189967365936475 315355 0.05 240
15 0.1878405914922104 336207 0.05 240
16 0.18408314294495148 357041 0.05 240
17 0.18059498726783837 377859 0.05 240
18 0.17734795069755435 398663 0.05 240
19 0.17431276901263898 419451 0.05 240
20 0.17145971332927581 440226 0.05 240
21 0.16876295237227842 460983 0.05 240
22 0.1662041565862552 481723 0.05 240
23 0.16377307278839218 502448 0.05 240
24 0.16146571001673113 523160 0.05 240
25 0.15928168574474488 543857 0.05 240
26 0.1572218351372641 564540 0.05 240
27 0.15528653509565385 585211 0.05 240
28 0.15347477456870612 605870 0.05 240
29 0.15178382466009596 626515 0.05 240
30 0.15020932407159485 647148 0.05 240
31 0.1487456045286623 667770 0.05 240
32 0.14738610080035336 688381 0.05 240
33 0.14612373458161387 708979 0.05 240
34 0.14495123017092504 729567 0.05 240
35 0.14386137008925698 750144 0.05 240
36 0.1428472061222269 770709 0.05 240
37 0.1419022278616918 791262 0.05 240
38 0.14102048293591068 811803 0.05 240
39 0.1401966451872059 832333 0.05 240
40 0.13942603313371513 852853 0.05 240
41 0.13870458681933298 873364 0.05 240
42 0.13802881498252315 893878 0.05 240
43 0.13739572567073688 914368 0.05 240
44 0.13680275196007544 934847 0.05 240
45 0.13624768110525265 955323 0.05 240
46 0.1357285915136831 975794 0.05 240
47 0.13524379857461655 996254 0.05 240
48 0.13479180826214784 1016710 0.05 240
49 0.13437127667989954 1037157 0.05 240
50 0.13398097399726655 1057569 0.05 240
51 0.13361975203059445 1077972 0.05 240
52 0.13328651558845317 1098365 0.05 240
53 0.13298019833862654 1118762 0.05 240
54 0.13269974423997988 1139138 0.05 240
55 0.13244409549327635 1159502 0.05 240
56 0.13221218753228225 1179856 0.05 240
57 0.132002950866965 1200201 0.05 240
58 0.13181531871287142 1220541 0.05 240
59 0.13164823844917387 1240868 0.05 240
60 0.13150068422662045 1261182 0.05 240
61 0.1313716676735308 1281488 0.05 240
62 0.13126024375069972 1301784 0.05 240
63 0.13116550942741326 1322070 0.05 240
64 0.13108659393380753 1342348 0.05 240
65 0.13102264073959524 1362615 0.05 240
66 0.1309727828973578 1382874 0.05 240
67 0.1309361147179938 1403123 0.05 240
68 0.13091166367101628 1423364 0.05 240
69 0.13089836672856373 1443595 0.05 240
70 0.13089505500100226 1463817 0.05 240
71 0.13090044947929697 1484032 0.05 240
72 0.13091316918418172 1504238 0.05 240
73 0.13093175131397403 1524434 0.05 240
74 0.13095468140898076 1544623 0.05 240
75 0.1309804303908266 1564805 0.05 240
76 0.13100749475721513 1584979 0.05 240
77 0.1310344362460157 1605206 0.05 240
78 0.13105991783041618 1625363 0.05 240
79 0.13108273378649243 1645510 0.05 240
80 0.13110183257027305 1665650 0.05 240
81 0.13111633215776997 1685779 0.05 240
82 0.13112552820409595 1705917 0.05 240
83 0.1311288958103191 1726030 0.05 240
84 0.13112608586494723 1746135 0.05 240
85 0.13111691691385458 1766233 0.05 240
86 0.131101363388643 1786322 0.05 240
87 0.1310795408617336 1806404 0.05 240
88 0.13105168884795496 1826479 0.05 240
89 0.1310181515630305 1846547 0.05 240
90 0.13097935698495733 1866607 0.05 240
91 0.13093579453948842 1886659 0.05 240
92 0.13088799173868965 1906704 0.05 240
93 0.13083649013985305 1926742 0.05 240
94 0.13078182106566105 1946772 0.05 240
95 0.13072448164283382 1966795 0.05 240
96 0.13066491187705673 1986811 0.05 240
97 0.13060347367318467 2006822 0.05 240
98 0.13054043289712638 2026901 0.05 240
99 0.1304759457050878 2047037 0.05 240
