0 0.9458141494076056 19445 0.06 220
1 0.5508914486869454 38862 0.06 220
2 0.3631875292285616 58221 0.06 220
3 0.2964782320382201 77540 0.06 220
4 0.2641314696187395 96814 0.06 220
5 0.2454154618236297 116050 0.06 220
6 0.2328897048655334 135264 0.06 220
7 0.22351370926904743 154436 0.06 220
8 0.21611146586580643 173575 0.06 220
9 0.2101312577166607 192688 0.06 220
10 0.20524267208166974 211758 0.06 220
11 0.20118936126094467 230800 0.06 220
12 0.197735938737344 249828 0.06 220
13 0.19466340558162515 268822 0.06 220
14 0.1917924280669128 287784 0.06 220
15 0.18900858099698686 306730 0.06 220
16 0.18626275433102063 325643 0.06 220
17 0.1835466044958462 344529 0.06 220
18 0.1808655803660353 363386 0.06 220
19 0.17822589442416664 382219 0.06 220
20 0.17563414994044899 401031 0.06 220
21 0.17310040479611657 419819 0.06 220
22 0.17063865715613902 438588 0.06 220
23 0.1682644214136286 457341 0.06 220
24 0.16599163249064175 476076 0.06 220
25 0.1638306306665337 494798 0.06 220
26 0.16178762546482683 513490 0.06 220
27 0.15986522365647846 532164 0.06 220
28 0.1580634578342434 550831 0.06 220
29 0.15638087942424 569472 0.06 220
30 0.15481541773090865 588100 0.06 220
31 0.15336480526560253 606722 0.06 220
32 0.15202646905845738 625323 0.06 220
33 0.15079692694928673 643910 0.06 220
34 0.14967090209332296 662491 0.06 220
35 0.14864051105998963 681045 0.06 220
36 0.14769490533675397 699587 0.06 220
37 0.14682062709861082 718123 0.06 220
38 0.14600272515945828 736640 0.06 220
39 0.14522643405665947 755148 0.06 220
40 0.14447901329473906 773645 0.06 220
41 0.14375125036064518 792129 0.06 220
42 0.14303820940929765 810600 0.06 220
43 0.14233904183331098 829055 0.06 220
44 0.14165596874575934 847505 0.06 220
45 0.14099278158576395 865937 0.06 220
46 0.1403533092540961 884357 0.06 220
47 0.1397402531075389 902774 0.06 220
48 0.139154630563532 921178 0.06 220
49 0.13859585942603686 939573 0.06 220
50 0.13806232612905683 957964 0.06 220
51 0.1375521591221151 976332 0.06 220
52 0.13706389758053253 994690 0.06 220
53 0.13659681655932532 1013046 0.06 220
54 0.13615083199434413 1031385 0.06 220
55 0.13572610232460852 1049723 0.06 220
56 0.13532256874202062 1068047 0.06 220
57 0.134939667656899 1086372 0.06 220
58 0.13457633017007015 1104681 0.06 220
59 0.13423123742277765 1122979 0.06 220
60 0.13390320298229558 1141267 0.06 220
61 0.13359153150424327 1159545 0.06 220
62 0.1332962383232486 1177817 0.06 220
63 0.13301806966756335 1196079 0.06 220
64 0.13275830964275132 1214337 0.06 220
65 0.1325183913687951 1232595 0.06 220
66 0.13229935529726733 1250840 0.06 220
67 0.13210123072648353 1269074 0.06 220
68 0.13192246023616974 1287297 0.06 220
69 0.1317595257296618 1305511 0.06 220
70 0.1316069355857559 1323719 0.06 220
71 0.1314576627874274 1341928 0.06 220
72 0.1313039855365249 1360125 0.06 220
73 0.13113852937565312 1378314 0.06 220
74 0.13095522523841502 1396499 0.06 220
75 0.13074993126052825 1414675 0.06 220
76 0.13052059662162233 1432840 0.06 220
77 0.1302670002483309 1450998 0.06 220
78 0.12999020616847234 1469149 0.06 220
79 0.1296919132043746 1487295 0.06 220
80 0.12937385387544176 1505433 0.06 220
81 0.12903734768859731 1523569 0.06 220
82 0.12868306392363718 1541699 0.06 220
83 0.1283110100256918 1559820 0.06 220
84 0.1279207319647828 1577934 0.06 220
85 0.12751168478826777 1596039 0.06 220
86 0.12708370041280667 1614139 0.06 220
87 0.1266374500885781 1632233 0.06 220
88 0.1261747849550086 1650320 0.06 220
89 0.1256988553520047 1668406 0.06 220
90 0.1252139629155179 1686485 0.06 220
91 0.12472517461878294 1704560 0.06 220
92 0.12423779526969368 1722632 0.06 220
93 0.12375682622643094 1740692 0.06 220
94 0.12328652357746457 1758748 0.06 220
95 0.1228301221047243 1776798 0.06 220
96 0.12238973708442191 1794851 0.06 220
97 0.1219664151380224 1812896 0.06 220
98 0.12156028588937128 1830936 0.06 220
99 0.12117076498374672 1848967 0.06 220
