0 0.9676192094465578 26719 0.04 300
1 0.8134845423642515 53414 0.04 300
2 0.616702216277177 79945 0.04 300
3 0.47694156923095965 106379 0.04 300
4 0.396107793219752 132784 0.04 300
5 0.34880904857930883 159161 0.04 300
6 0.3183688632979302 185522 0.04 300
7 0.29664248737272614 211851 0.04 300
8 0.2796070495606992 238174 0.04 300
9 0.2656902113528118 264462 0.04 300
10 0.2541951914658292 290738 0.04 300
11 0.24465543420614783 316989 0.04 300
12 0.23668860692198934 343222 0.04 300
13 0.2299633899133412 369449 0.04 300
14 0.22420250362419678 395662 0.04 300
15 0.21919935981954253 421851 0.04 300
16 0.21481231124065428 448020 0.04 300
17 0.2109358291926342 474178 0.04 300
18 0.20747343247960495 500308 0.04 300
19 0.20432835284709536 526427 0.04 300
20 0.20140909017078334 552527 0.04 300
21 0.1986390137795278 578608 0.04 300
22 0.19596251180899632 604689 0.04 300
23 0.19334603057114313 630741 0.04 300
24 0.19077505184442786 656788 0.04 300
25 0.18824842937984648 682813 0.04 300
26 0.1857718211946432 708823 0.04 300
27 0.18335213147453158 734816 0.04 300
28 0.18099417179217028 760800 0.04 300
29 0.17869960822554953 786762 0.04 300
30 0.17646749269139628 812711 0.04 300
31 0.17429551418649536 838659 0.04 300
32 0.17218131258691544 864580 0.04 300
33 0.17012348440027888 890502 0.04 300
34 0.16812212975280452 916399 0.04 300
35 0.16617892969354056 942281 0.04 300
36 0.16429683658022254 968156 0.04 300
37 0.16247952409424776 994037 0.04 300
38 0.16073076805314623 1019883 0.04 300
39 0.1590539063638987 1045725 0.04 300
40 0.15745146765580031 1071553 0.04 300
41 0.1559249900668808 1097366 0.04 300
42 0.15447499971107492 1123170 0.04 300
43 0.15310109402261432 1148962 0.04 300
44 0.15180207540070947 1174739 0.04 300
45 0.15057609506911665 1200511 0.04 300
46 0.14942078555829785 1226266 0.04 300
47 0.14833337582110492 1252010 0.04 300
48 0.14731079244070336 1277756 0.04 300
49 0.1463497532508991 1303479 0.04 300
50 0.14544685754161435 1329190 0.04 300
51 0.1445986725569486 1354903 0.04 300
52 0.1438018119449843 1380592 0.04 300
53 0.14305300000529184 1406280 0.04 300
54 0.1423491164552053 1431956 0.04 300
55 0.14168721928582276 1457614 0.04 300
56 0.14106454683385997 1483266 0.04 300
57 0.14047850326744857 1508912 0.04 300
58 0.13992663354659557 1534551 0.04 300
59 0.1394065943772561 1560178 0.04 300
60 0.13891612693076863 1585793 0.04 300
61 0.13845303554906885 1611401 0.04 300
62 0.13801517475362832 1637003 0.04 300
63 0.1376004450338124 1662593 0.04 300
64 0.1372067964194991 1688176 0.04 300
65 0.13683223791581656 1713740 0.04 300
66 0.13647485051944108 1739300 0.04 300
67 0.1361328016501848 1764851 0.04 300
68 0.13580435925616258 1790389 0.04 300
69 0.13548790441023717 1815921 0.04 300
70 0.1351819417593576 1841445 0.04 300
71 0.134885107613454 1866967 0.04 300
72 0.13459617572045618 1892474 0.04 300
73 0.1343140608755961 1917968 0.04 300
74 0.13403782049950125 1943454 0.04 300
75 0.13376665424810322 1968936 0.04 300
76 0.13349990164124817 1994403 0.04 300
77 0.13323703765403655 2019864 0.04 300
78 0.1329776662237038 2045319 0.04 300
79 0.13272151168525168 2070761 0.04 300
80 0.13246840824761683 2096205 0.04 300
81 0.13221828773841443 2121634 0.04 300
82 0.13197116595751937 2147054 0.04 300
83 0.13172712806881384 2172479 0.04 300
84 0.13148631351164905 2197915 0.04 300
85 0.13124890092329902 2223310 0.04 300
86 0.13101509353405955 2248704 0.04 300
87 0.13078510543800906 2274087 0.04 300
88 0.13055914906841506 2299460 0.04 300
89 0.13033742412984264 2324831 0.04 300
90 0.13012010816732916 2350192 0.04 300
91 0.12990734888943153 2375551 0.04 300
92 0.12969925830502765 2400900 0.04 300
93 0.12949590868020783 2426239 0.04 300
94 0.12929733026862814 2451568 0.04 300
95 0.1291035107155936 2476894 0.04 300
96 0.12891439598488613 2502221 0.04 300
97 0.12872989261162388 2527529 0.04 300
98 0.1285498710488936 2552833 0.04 300
99 0.12837416985452588 2578137 0.04 300
