0 0.7519853400292619 12377 0.09 140
1 0.3922780191420449 24676 0.09 140
2 0.2887651978572111 36905 0.09 140
3 0.252826933120805 49074 0.09 140
4 0.23290565642953348 61200 0.09 140
5 0.21904273359892107 73277 0.09 140
6 0.20875946269641113 85311 0.09 140
7 0.20106580448373396 97304 0.09 140
8 0.19517887969849113 109260 0.09 140
9 0.19038668463142502 121181 0.09 140
10 0.1861833565879982 133118 0.09 140
11 0.1823131035969778 145057 0.09 140
12 0.17870141100336298 156965 0.09 140
13 0.17535685513396598 168842 0.09 140
14 0.17230093442970096 180694 0.09 140
15 0.16954076599888182 192514 0.09 140
16 0.16706686974048646 204313 0.09 140
17 0.1648576955084845 216079 0.09 140
18 0.16288325081121702 227822 0.09 140
19 0.16110644455162382 239548 0.09 140
20 0.1594838626652572 251246 0.09 140
21 0.15796863285569376 262926 0.09 140
22 0.15651626291145468 274581 0.09 140
23 0.15509135684724004 286215 0.09 140
24 0.1536718338868455 297831 0.09 140
25 0.15224883788429106 309429 0.09 140
26 0.1508231530945326 321014 0.09 140
27 0.14940035930471549 332580 0.09 140
28 0.14798671219413861 344128 0.09 140
29 0.1465867337345454 355660 0.09 140
30 0.14520254755018427 367177 0.09 140
31 0.14383438723353853 378684 0.09 140
32 0.14248154198960727 390172 0.09 140
33 0.14114322948263786 401653 0.09 140
34 0.13981920451194765 413116 0.09 140
35 0.13851007325781997 424567 0.09 140
36 0.1372173442393977 436012 0.09 140
37 0.13594331275087124 447442 0.09 140
38 0.13469088586444394 458865 0.09 140
39 0.1334633919184785 470274 0.09 140
40 0.13226436438006822 481676 0.09 140
41 0.13109729796032038 493070 0.09 140
42 0.12996541376721915 504452 0.09 140
43 0.12887148246987457 515833 0.09 140
44 0.12781772720830503 527201 0.09 140
45 0.12680579516780222 538562 0.09 140
46 0.12583677864100726 549917 0.09 140
47 0.12491127839112014 561266 0.09 140
48 0.12402950935185417 572614 0.09 140
49 0.1231914354565884 583953 0.09 140
50 0.12239689224236763 595285 0.09 140
51 0.12164563781493401 606612 0.09 140
52 0.1209372987520174 617935 0.09 140
53 0.1202712521893828 629256 0.09 140
54 0.11964654559742394 640568 0.09 140
55 0.11906192274007123 651881 0.09 140
56 0.1185159162797993 663184 0.09 140
57 0.11800689867013035 674482 0.09 140
58 0.11753302904767146 685780 0.09 140
59 0.11709215202062638 697069 0.09 140
60 0.11668178412974936 708358 0.09 140
61 0.11629928566238919 719639 0.09 140
62 0.11594218402545885 730914 0.09 140
63 0.11560850304804454 742186 0.09 140
64 0.11529694777962914 753457 0.09 140
65 0.11500687509566995 764724 0.09 140
66 0.11473806539214161 775983 0.09 140
67 0.11449035664110963 787237 0.09 140
68 0.11426322926828422 798487 0.09 140
69 0.11405546636206744 809732 0.09 140
70 0.11386502727383269 820978 0.09 140
71 0.11368919516437187 832213 0.09 140
72 0.11352490376396336 843446 0.09 140
73 0.11336904871455251 854673 0.09 140
74 0.11321864618728325 865894 0.09 140
75 0.11307085245254267 877117 0.09 140
76 0.11292294645440383 888331 0.09 140
77 0.11277233868138606 899545 0.09 140
78 0.1126165964504055 910750 0.09 140
79 0.11245346529590418 921949 0.09 140
80 0.11228090252435176 933147 0.09 140
81 0.1120971628135455 944339 0.09 140
82 0.1119009587246313 955532 0.09 140
83 0.1116916689047464 966714 0.09 140
84 0.11146951174335726 977893 0.09 140
85 0.11123557947294642 989066 0.09 140
86 0.1109916728922776 1000236 0.09 140
87 0.11073998005154316 1011406 0.09 140
88 0.11048272235327765 1022568 0.09 140
89 0.1102218825214516 1033724 0.09 140
90 0.10995906050429231 1044878 0.09 140
91 0.1096954441263356 1056029 0.09 140
92 0.10943185687397919 1067178 0.09 140
93 0.10916884344521514 1078322 0.09 140
94 0.1089067614426474 1089465 0.09 140
95 0.1086458595961834 1100602 0.09 140
96 0.10838633524778976 1111736 0.09 140
97 0.1081283726284552 1122872 0.09 140
98 0.1078721672879346 1134001 0.09 140
99 0.1076179420923543 1145132 0.09 140
