0 0.9554614708660147 12376 0.01 140
1 0.9542397142471299 24723 0.01 140
2 0.9527028818282846 37067 0.01 140
3 0.950533506186125 49414 0.01 140
4 0.9471428433015482 61758 0.01 140
5 0.9412583584185493 74103 0.01 140
6 0.9298077068713215 86455 0.01 140
7 0.9058561161346314 98798 0.01 140
8 0.862311796495312 111143 0.01 140
9 0.807300288140188 123483 0.01 140
10 0.7579852736663357 135822 0.01 140
11 0.7199672706202388 148159 0.01 140
12 0.6892235000029261 160500 0.01 140
13 0.6612889251521512 172835 0.01 140
14 0.6341766228053697 185171 0.01 140
15 0.6074164842688999 197495 0.01 140
16 0.5810684134211174 209816 0.01 140
17 0.5554130747224292 222132 0.01 140
18 0.530851558852803 234453 0.01 140
19 0.5077796980715256 246762 0.01 140
20 0.4864909661588362 259075 0.01 140
21 0.467112851242307 271377 0.01 140
22 0.4495914817023109 283675 0.01 140
23 0.4337401840559738 295973 0.01 140
24 0.41931706850842687 308285 0.01 140
25 0.40608950366542956 320573 0.01 140
26 0.39386845571623447 332854 0.01 140
27 0.38251590644900474 345130 0.01 140
28 0.371936850604912 357403 0.01 140
29 0.3620667867475078 369682 0.01 140
30 0.3528603548372322 381950 0.01 140
31 0.344282393862826 394209 0.01 140
32 0.33630128525012126 406470 0.01 140
33 0.32888452001653873 418722 0.01 140
34 0.3219964643659904 430970 0.01 140
35 0.31559806873074153 443218 0.01 140
36 0.30964801546068615 455458 0.01 140
37 0.30410461560113344 467694 0.01 140
38 0.29892774072337663 479927 0.01 140
39 0.29408027221026123 492156 0.01 140
40 0.28952886908969827 504388 0.01 140
41 0.2852441309244624 516612 0.01 140
42 0.28120036710046936 528838 0.01 140
43 0.27737518575287584 541054 0.01 140
44 0.2737490489618951 553269 0.01 140
45 0.27030486645420737 565508 0.01 140
46 0.2670276478432912 577717 0.01 140
47 0.2639042074284312 589927 0.01 140
48 0.2609229084872124 602131 0.01 140
49 0.2580734371736005 614331 0.01 140
50 0.25534660250784597 626531 0.01 140
51 0.25273416338648497 638729 0.01 140
52 0.2502286838752424 650928 0.01 140
53 0.2478234157885575 663123 0.01 140
54 0.2455122056667519 675312 0.01 140
55 0.2432894227718836 687498 0.01 140
56 0.2411499046087044 699682 0.01 140
57 0.23908891599580778 711868 0.01 140
58 0.23710211731362973 724047 0.01 140
59 0.23518553782710222 736229 0.01 140
60 0.23333555084393906 748404 0.01 140
61 0.2315488484889241 760577 0.01 140
62 0.22982241477965304 772753 0.01 140
63 0.2281534964578266 784920 0.01 140
64 0.226539571710349 797091 0.01 140
65 0.22497831750485892 809255 0.01 140
66 0.22346757671467632 821418 0.01 140
67 0.222005326458933 833580 0.01 140
68 0.22058964909903683 845748 0.01 140
69 0.21921870711704913 857908 0.01 140
70 0.21789072270502605 870062 0.01 140
71 0.2166039624041974 882230 0.01 140
72 0.21535672665180758 894380 0.01 140
73 0.21414734371051652 906527 0.01 140
74 0.2129741672212663 918677 0.01 140
75 0.21183557654028093 930819 0.01 140
76 0.21072997906286917 942961 0.01 140
77 0.20965581385303406 955099 0.01 140
78 0.20861155604270334 967235 0.01 140
79 0.20759572160510284 979372 0.01 140
80 0.20660687222565113 991504 0.01 140
81 0.2056436200846163 1003636 0.01 140
82 0.20470463242917594 1015762 0.01 140
83 0.20378863585175203 1027887 0.01 140
84 0.20289442021127077 1040014 0.01 140
85 0.20202084213923574 1052137 0.01 140
86 0.20116682806907513 1064259 0.01 140
87 0.2003313767205723 1076374 0.01 140
88 0.19951356096655745 1088489 0.01 140
89 0.19871252900996195 1100602 0.01 140
90 0.19792750480789553 1112711 0.01 140
91 0.19715778769552453 1124822 0.01 140
92 0.1964027511851278 1136928 0.01 140
93 0.1956618409429262 1149032 0.01 140
94 0.1949345719765683 1161134 0.01 140
95 0.194220525098504 1173233 0.01 140
96 0.19351934276386903 1185408 0.01 140
97 0.19283072441390164 1197593 0.01 140
98 0.19215442148291023 1209779 0.01 140
99 0.19149023224179185 1221962 0.01 140
