0 0.9525036148287283 3538 0.02 40
1 0.9512151391876221 7081 0.02 40
2 0.9467737636150784 10613 0.02 40
3 0.9314241984664637 14145 0.02 40
4 0.9092333256058163 17672 0.02 40
5 0.8813590635848828 21193 0.02 40
6 0.8427713144678441 24709 0.02 40
7 0.7674784897283401 28220 0.02 40
8 0.6837905579501137 31725 0.02 40
9 0.6158437322740477 35222 0.02 40
10 0.5635834613179452 38710 0.02 40
11 0.5208683332458651 42193 0.02 40
12 0.4813051777086419 45663 0.02 40
13 0.4431730320593056 49126 0.02 40
14 0.4111460714729149 52581 0.02 40
15 0.3876590544995435 56030 0.02 40
16 0.3701976811458119 59469 0.02 40
17 0.356412150373786 62903 0.02 40
18 0.3450521292007566 66329 0.02 40
19 0.3353245585812778 69749 0.02 40
20 0.32669562660801693 73164 0.02 40
21 0.318865553637942 76574 0.02 40
22 0.3117053911498301 79980 0.02 40
23 0.30517055828864437 83381 0.02 40
24 0.2992400068885149 86777 0.02 40
25 0.29388596306394976 90170 0.02 40
26 0.2890646293171473 93559 0.02 40
27 0.28471940149554054 96945 0.02 40
28 0.28078886905487804 100330 0.02 40
29 0.27721365563006306 103709 0.02 40
30 0.27393971041930193 107085 0.02 40
31 0.2709186436008801 110458 0.02 40
32 0.2681070935378117 113831 0.02 40
33 0.2654665604627639 117198 0.02 40
34 0.2629638667086343 120564 0.02 40
35 0.2605717104489787 123926 0.02 40
36 0.25826882236186033 127285 0.02 40
37 0.2560395639941753 130642 0.02 40
38 0.2538730650476169 133996 0.02 40
39 0.2517621004886375 137348 0.02 40
40 0.24970192214186912 140698 0.02 40
41 0.24768923446497823 144046 0.02 40
42 0.2457214411136827 147392 0.02 40
43 0.24379619730672977 150737 0.02 40
44 0.241911222391125 154079 0.02 40
45 0.24006428706714503 157423 0.02 40
46 0.23825328820498992 160762 0.02 40
47 0.23647634364942224 164100 0.02 40
48 0.23473186412113212 167437 0.02 40
49 0.23301857918913177 170772 0.02 40
50 0.23133550716640017 174106 0.02 40
51 0.22968187010591132 177444 0.02 40
52 0.22805697022190446 180775 0.02 40
53 0.22646005999400357 184104 0.02 40
54 0.2248902444330848 187433 0.02 40
55 0.22334644314045016 190760 0.02 40
56 0.22182741648053617 194086 0.02 40
57 0.22033183780123458 197411 0.02 40
58 0.21885838327212842 200734 0.02 40
59 0.21740581451532412 204057 0.02 40
60 0.21597304125927852 207378 0.02 40
61 0.2145591641536503 210698 0.02 40
62 0.21316350608177664 214022 0.02 40
63 0.21178564165564479 217340 0.02 40
64 0.21042542974802597 220658 0.02 40
65 0.2090830455355052 223974 0.02 40
66 0.20775900070311207 227289 0.02 40
67 0.20645413749036645 230603 0.02 40
68 0.2051695861948882 233919 0.02 40
69 0.2039066849748992 237231 0.02 40
70 0.2026668712124879 240543 0.02 40
71 0.2014515613302038 243853 0.02 40
72 0.20026203865647432 247163 0.02 40
73 0.19909936660895727 250472 0.02 40
74 0.1979643383761435 253779 0.02 40
75 0.19685746633118986 257085 0.02 40
76 0.19577900663017203 260391 0.02 40
77 0.1947290085646449 263695 0.02 40
78 0.1937073753419085 266998 0.02 40
79 0.19271392327626063 270302 0.02 40
80 0.19174842929931182 273606 0.02 40
81 0.19081066112922163 276907 0.02 40
82 0.18990038913327692 280207 0.02 40
83 0.18901738281216432 283506 0.02 40
84 0.18816139724484698 286804 0.02 40
85 0.1873321555407823 290104 0.02 40
86 0.1865293325697412 293400 0.02 40
87 0.18575254350849357 296695 0.02 40
88 0.18500133870636984 299990 0.02 40
89 0.18427520459760063 303285 0.02 40
90 0.18357356923190446 306578 0.02 40
91 0.18289581055376597 309871 0.02 40
92 0.18224126572152125 313163 0.02 40
93 0.18160924028666955 316454 0.02 40
94 0.18099901669562157 319744 0.02 40
95 0.1804098621209035 323034 0.02 40
96 0.17984103594862658 326323 0.02 40
97 0.17929179730337141 329612 0.02 40
98 0.17876141281583255 332900 0.02 40
99 0.17824916452226341 336187 0.02 40
