0 0.954580568835409 10606 0.01 120
1 0.9535362230000585 21182 0.01 120
2 0.9521858096950213 31758 0.01 120
3 0.9502674806184566 42334 0.01 120
4 0.947312938772115 52915 0.01 120
5 0.9423989548370371 63494 0.01 120
6 0.9335704361979726 74070 0.01 120
7 0.9167445267207533 84648 0.01 120
8 0.8859371554005457 95223 0.01 120
9 0.8413526909271324 105797 0.01 120
10 0.792391869815519 116369 0.01 120
11 0.7447632298337288 126942 0.01 120
12 0.6999388675043214 137506 0.01 120
13 0.6587747848424877 148065 0.01 120
14 0.622085131500747 158621 0.01 120
15 0.5899607822296192 169170 0.01 120
16 0.5617945078536772 179717 0.01 120
17 0.5367798522075802 190262 0.01 120
18 0.5142296654231399 200800 0.01 120
19 0.4936907238856847 211335 0.01 120
20 0.4749300134548909 221865 0.01 120
21 0.4578393121952434 232395 0.01 120
22 0.44232897140350236 242918 0.01 120
23 0.4282608899645465 253436 0.01 120
24 0.4154361687722915 263954 0.01 120
25 0.40363260426832753 274466 0.01 120
26 0.3926525397347782 284973 0.01 120
27 0.38234673491182025 295475 0.01 120
28 0.37261437794153285 305976 0.01 120
29 0.3633933691660237 316473 0.01 120
30 0.3546502045874865 326966 0.01 120
31 0.3463709338777785 337459 0.01 120
32 0.33855198330564845 347947 0.01 120
33 0.3311914483808503 358431 0.01 120
34 0.3242829545526451 368914 0.01 120
35 0.3178132811270346 379394 0.01 120
36 0.3117631175514389 389871 0.01 120
37 0.3061093140492026 400346 0.01 120
38 0.3008271409419765 410819 0.01 120
39 0.2958918611764538 421287 0.01 120
40 0.2912795987827785 431753 0.01 120
41 0.2869676797190445 442219 0.01 120
42 0.2829345701706329 452680 0.01 120
43 0.2791595411162635 463139 0.01 120
44 0.2756222501912563 473600 0.01 120
45 0.27230244254305724 484054 0.01 120
46 0.2691798938701925 494505 0.01 120
47 0.266234599367214 504960 0.01 120
48 0.2634471236504616 515407 0.01 120
49 0.2607990010980298 525851 0.01 120
50 0.25827309853264985 536309 0.01 120
51 0.2558538913643182 546754 0.01 120
52 0.25352763735535405 557192 0.01 120
53 0.251282451541966 567628 0.01 120
54 0.24910829412788502 578066 0.01 120
55 0.24699688560249122 588499 0.01 120
56 0.24494156362798084 598930 0.01 120
57 0.24293709600851637 609358 0.01 120
58 0.24097946395887188 619788 0.01 120
59 0.2390656304582263 630212 0.01 120
60 0.23719330983457748 640635 0.01 120
61 0.2353607557866063 651060 0.01 120
62 0.23356658354616375 661478 0.01 120
63 0.23180963605495364 671895 0.01 120
64 0.2300888947494952 682311 0.01 120
65 0.22840342655753962 692723 0.01 120
66 0.22675235414599604 703135 0.01 120
67 0.2251348377982044 713545 0.01 120
68 0.22355006248584355 723958 0.01 120
69 0.2219972290528711 734364 0.01 120
70 0.2204755512808726 744794 0.01 120
71 0.21898426055681589 755201 0.01 120
72 0.21752261817121557 765603 0.01 120
73 0.21608993346429625 776001 0.01 120
74 0.21468558495940665 786399 0.01 120
75 0.21330904134278655 796800 0.01 120
76 0.2119598793554792 807196 0.01 120
77 0.21063779608103986 817588 0.01 120
78 0.20934261365701984 827984 0.01 120
79 0.2080742751477449 838374 0.01 120
80 0.20683283121846088 848764 0.01 120
81 0.20561841828627772 859150 0.01 120
82 0.20443122984578285 869534 0.01 120
83 0.20327148349698762 879933 0.01 120
84 0.2021393866845263 890315 0.01 120
85 0.20103510420198145 900699 0.01 120
86 0.19995873012911067 911077 0.01 120
87 0.19891026615026378 921457 0.01 120
88 0.1978896073118581 931838 0.01 120
89 0.19689653539339158 942212 0.01 120
90 0.19593071933347278 952584 0.01 120
91 0.19499172164689357 962956 0.01 120
92 0.19407900949949994 973331 0.01 120
93 0.19319196903436167 983699 0.01 120
94 0.19232992160545354 994068 0.01 120
95 0.19149214071760945 1004439 0.01 120
96 0.19067786865405703 1014805 0.01 120
97 0.1898863319723555 1025188 0.01 120
98 0.18911675525431632 1035547 0.01 120
99 0.1883683726980269 1045910 0.01 120
