0 0.7682542714813505 15910 0.08 180
1 0.4329684169983377 31726 0.08 180
2 0.32588555845656636 47455 0.08 180
3 0.27457981229056666 63123 0.08 180
4 0.2471942665465026 78732 0.08 180
5 0.229887947825177 94302 0.08 180
6 0.21731531321697595 109824 0.08 180
7 0.2074411500011329 125305 0.08 180
8 0.1993617978188748 140751 0.08 180
9 0.19255331218986174 156166 0.08 180
10 0.18669086806676105 171548 0.08 180
11 0.18159614090165732 186902 0.08 180
12 0.1771685232759533 202230 0.08 180
13 0.17332465773783473 217530 0.08 180
14 0.16997603146985493 232805 0.08 180
15 0.16703301420571895 248058 0.08 180
16 0.16441472935584345 263284 0.08 180
17 0.16205511527834796 278492 0.08 180
18 0.15990417271344057 293673 0.08 180
19 0.15792596065670844 308847 0.08 180
20 0.15609505742032107 323989 0.08 180
21 0.15439290917076678 339108 0.08 180
22 0.152805020740001 354212 0.08 180
23 0.15131932238886 369292 0.08 180
24 0.1499254988948676 384351 0.08 180
25 0.14861483088250818 399396 0.08 180
26 0.14738016154510555 414417 0.08 180
27 0.14621578922627376 429426 0.08 180
28 0.14511724242416588 444411 0.08 180
29 0.14408096578319257 459378 0.08 180
30 0.1431039574231 474333 0.08 180
31 0.14218339245227804 489265 0.08 180
32 0.14131626916309087 504179 0.08 180
33 0.14049912238423626 519079 0.08 180
34 0.13972785022705592 533960 0.08 180
35 0.13899768682077457 548826 0.08 180
36 0.13830332536337922 563678 0.08 180
37 0.1376391622705023 578513 0.08 180
38 0.13699960693269375 593332 0.08 180
39 0.13637939212041006 608138 0.08 180
40 0.13577382931386486 622926 0.08 180
41 0.13517897556041317 637704 0.08 180
42 0.1345917047016067 652466 0.08 180
43 0.13400969712420746 667225 0.08 180
44 0.1334313727764347 681963 0.08 180
45 0.13285579124810032 696685 0.08 180
46 0.13228253479110266 711395 0.08 180
47 0.13171158259800558 726096 0.08 180
48 0.13114318243625886 740782 0.08 180
49 0.13057772858630326 755457 0.08 180
50 0.13001565964912482 770123 0.08 180
51 0.12945739176958604 784776 0.08 180
52 0.12890329660708277 799419 0.08 180
53 0.12835371751531907 814054 0.08 180
54 0.12780900083162133 828676 0.08 180
55 0.12726951410853393 843292 0.08 180
56 0.1267356324377504 857894 0.08 180
57 0.126207690774804 872495 0.08 180
58 0.12568591523794312 887081 0.08 180
59 0.12517035452176753 901656 0.08 180
60 0.12466083351637386 916222 0.08 180
61 0.12415694619363242 930784 0.08 180
62 0.12365809477887306 945334 0.08 180
63 0.1231635695523382 959876 0.08 180
64 0.12267265300201707 974414 0.08 180
65 0.12218472845898312 988941 0.08 180
66 0.12169937889055733 1003462 0.08 180
67 0.12121647290401874 1017980 0.08 180
68 0.12073624359132863 1032486 0.08 180
69 0.12025936251820164 1046985 0.08 180
70 0.11978699483452776 1061481 0.08 180
71 0.11932080368015875 1075974 0.08 180
72 0.11886286968075398 1090458 0.08 180
73 0.11841551140540724 1104934 0.08 180
74 0.11798102494424019 1119403 0.08 180
75 0.11756138701274599 1133873 0.08 180
76 0.11715797534200564 1148331 0.08 180
77 0.11677135491658691 1162784 0.08 180
78 0.11640116837639719 1177234 0.08 180
79 0.11604616042993979 1191676 0.08 180
80 0.11570435665682194 1206112 0.08 180
81 0.11537339455375606 1220549 0.08 180
82 0.11505095967654821 1234975 0.08 180
83 0.11473522452155041 1249397 0.08 180
84 0.11442516081171393 1263818 0.08 180
85 0.1141206323667195 1278231 0.08 180
86 0.11382226611733046 1292640 0.08 180
87 0.11353118644055868 1307046 0.08 180
88 0.11324872856206031 1321445 0.08 180
89 0.11297621481050855 1335843 0.08 180
90 0.11271482050411193 1350232 0.08 180
91 0.11246551359828547 1364618 0.08 180
92 0.11222903771039883 1379005 0.08 180
93 0.11200591353059937 1393382 0.08 180
94 0.11179644530843387 1407760 0.08 180
95 0.11160072854975565 1422130 0.08 180
96 0.11141865993323362 1436492 0.08 180
97 0.11124995169770587 1450849 0.08 180
98 0.11109415199348044 1465209 0.08 180
99 0.11095067115415368 1479621 0.08 180
