0 0.9574133391358363 14130 0.03 160
1 0.9443294959320012 28241 0.03 160
2 0.8596488535399908 42352 0.03 160
3 0.6727256231667225 56465 0.03 160
4 0.5451615490785282 70573 0.03 160
5 0.46792057191203085 84664 0.03 160
6 0.41292529674667217 98757 0.03 160
7 0.3735607451804704 112805 0.03 160
8 0.34231156091210924 126846 0.03 160
9 0.31658277233894866 140871 0.03 160
10 0.2957595680879182 154885 0.03 160
11 0.279287352132571 168892 0.03 160
12 0.26643062565752224 182889 0.03 160
13 0.2563992217928458 196876 0.03 160
14 0.24846374625106715 210864 0.03 160
15 0.24201956524189328 224834 0.03 160
16 0.23660742572317311 238798 0.03 160
17 0.23190456890417083 252759 0.03 160
18 0.22769878058918075 266708 0.03 160
19 0.223856619683187 280650 0.03 160
20 0.2202945567725648 294591 0.03 160
21 0.21695744015868385 308521 0.03 160
22 0.21380485407663793 322443 0.03 160
23 0.2108039133479282 336364 0.03 160
24 0.20792652732888 350271 0.03 160
25 0.20514931435464684 364173 0.03 160
26 0.20245463132368863 378067 0.03 160
27 0.1998315238732472 391956 0.03 160
28 0.19727584952668423 405835 0.03 160
29 0.19478932247483446 419711 0.03 160
30 0.19237766060486022 433577 0.03 160
31 0.19004829713091723 447439 0.03 160
32 0.18780820081817146 461291 0.03 160
33 0.18566223335084242 475138 0.03 160
34 0.18361223869211318 488978 0.03 160
35 0.18165682909421577 502812 0.03 160
36 0.1797916965010145 516640 0.03 160
37 0.17801024906940893 530462 0.03 160
38 0.17630440251993534 544278 0.03 160
39 0.17466539358289934 558087 0.03 160
40 0.1730845110939754 571899 0.03 160
41 0.17155366920135198 585697 0.03 160
42 0.17006578506308684 599492 0.03 160
43 0.16861496418977612 613285 0.03 160
44 0.16719652754761571 627069 0.03 160
45 0.16580692851087214 640850 0.03 160
46 0.164443606480522 654629 0.03 160
47 0.16310481411173924 668393 0.03 160
48 0.1617894431477048 682155 0.03 160
49 0.16049686374238545 695914 0.03 160
50 0.15922678508038293 709666 0.03 160
51 0.15797914064594695 723409 0.03 160
52 0.15675399870741702 737152 0.03 160
53 0.15555149668387708 750885 0.03 160
54 0.15437179666285328 764613 0.03 160
55 0.15321505838003896 778340 0.03 160
56 0.1520814255171115 792059 0.03 160
57 0.15097102123959383 805775 0.03 160
58 0.1498839493904197 819490 0.03 160
59 0.14882029850072317 833196 0.03 160
60 0.1477801465875567 846900 0.03 160
61 0.14676356543340593 860604 0.03 160
62 0.145770623607917 874294 0.03 160
63 0.14480138788484687 887982 0.03 160
64 0.14385592295492725 901679 0.03 160
65 0.1429342894828291 915358 0.03 160
66 0.14203654064687413 929029 0.03 160
67 0.14116271736408056 942703 0.03 160
68 0.140312842456707 956365 0.03 160
69 0.1394869140635951 970024 0.03 160
70 0.1386848986375831 983685 0.03 160
71 0.1379067238941268 997334 0.03 160
72 0.1371522720824018 1010979 0.03 160
73 0.1364213739373932 1024626 0.03 160
74 0.13571380364087443 1038264 0.03 160
75 0.13502927507287263 1051897 0.03 160
76 0.13436743957547498 1065529 0.03 160
77 0.1337278853795632 1079154 0.03 160
78 0.13311013876420674 1092780 0.03 160
79 0.1325136669306525 1106399 0.03 160
80 0.13193788248222726 1120015 0.03 160
81 0.1313821493139606 1133638 0.03 160
82 0.13084578963870502 1147248 0.03 160
83 0.13032809181790797 1160848 0.03 160
84 0.12982831863195285 1174449 0.03 160
85 0.12934571562165184 1188049 0.03 160
86 0.12887951915954401 1201641 0.03 160
87 0.12842896396320871 1215230 0.03 160
88 0.12799328983478128 1228813 0.03 160
89 0.12757174749106204 1242392 0.03 160
90 0.12716360342661445 1255967 0.03 160
91 0.12676814381983756 1269542 0.03 160
92 0.1263846775440265 1283109 0.03 160
93 0.12601253838016283 1296678 0.03 160
94 0.1256510865464361 1310240 0.03 160
95 0.12529970966386914 1323804 0.03 160
96 0.124957823271078 1337357 0.03 160
97 0.12462487098749013 1350913 0.03 160
98 0.12430032440632945 1364464 0.03 160
99 0.1239836827790179 1378013 0.03 160
