0 0.9163195235661568 5306 0.07 60
1 0.6554196977795885 10594 0.07 60
2 0.4179073078094293 15836 0.07 60
3 0.33757187844332504 21020 0.07 60
4 0.3021783618318902 26168 0.07 60
5 0.2837540244930383 31284 0.07 60
6 0.27164342918565765 36376 0.07 60
7 0.26213251997271336 41448 0.07 60
8 0.25389381359485935 46501 0.07 60
9 0.24634979124919174 51538 0.07 60
10 0.2391028187031809 56560 0.07 60
11 0.23190834918489311 61567 0.07 60
12 0.22479612707224259 66563 0.07 60
13 0.21801001942984236 71548 0.07 60
14 0.21177371046450943 76518 0.07 60
15 0.20614074567449847 81477 0.07 60
16 0.20103707961835618 86427 0.07 60
17 0.19635831676504584 91370 0.07 60
18 0.19202578347666813 96305 0.07 60
19 0.18799796703303265 101256 0.07 60
20 0.18425604537933096 106178 0.07 60
21 0.18078427117916926 111094 0.07 60
22 0.17756190677244438 116006 0.07 60
23 0.17456771729560455 120913 0.07 60
24 0.17178540095579609 125815 0.07 60
25 0.16920286259542155 130714 0.07 60
26 0.16680823169454145 135608 0.07 60
27 0.16458746901977037 140498 0.07 60
28 0.16252442904882483 145384 0.07 60
29 0.16060205008656173 150268 0.07 60
30 0.15880380067908026 155149 0.07 60
31 0.15711492259204657 160027 0.07 60
32 0.15552311734222876 164899 0.07 60
33 0.15401861754067184 169769 0.07 60
34 0.1525938108124482 174636 0.07 60
35 0.15124263143768368 179499 0.07 60
36 0.14995990962324046 184358 0.07 60
37 0.1487408131273168 189215 0.07 60
38 0.1475804529315215 194070 0.07 60
39 0.14647368149081588 198921 0.07 60
40 0.145415086413609 203771 0.07 60
41 0.1443991551498019 208619 0.07 60
42 0.1434205554670093 213466 0.07 60
43 0.14247445776872467 218309 0.07 60
44 0.1415568301498539 223151 0.07 60
45 0.14066465939756265 227990 0.07 60
46 0.13979607428595706 232829 0.07 60
47 0.13895036338521685 237669 0.07 60
48 0.1381278920891208 242507 0.07 60
49 0.1373299350813836 247341 0.07 60
50 0.13655844993248398 252174 0.07 60
51 0.1358158245770546 257007 0.07 60
52 0.13510463248991614 261838 0.07 60
53 0.13442741853978113 266667 0.07 60
54 0.13378651729189342 271496 0.07 60
55 0.13318388611037396 276324 0.07 60
56 0.13262093011749707 281151 0.07 60
57 0.1320983057729548 285978 0.07 60
58 0.13161570793440272 290803 0.07 60
59 0.13117167442876196 295647 0.07 60
60 0.1307634894482387 300471 0.07 60
61 0.13038730003940135 305294 0.07 60
62 0.13003850557198338 310117 0.07 60
63 0.12971233115543668 314939 0.07 60
64 0.1294043519732165 319763 0.07 60
65 0.12911070353397447 324586 0.07 60
66 0.12882786826596385 329406 0.07 60
67 0.128552241011636 334226 0.07 60
68 0.1282798889989554 339047 0.07 60
69 0.12800678446544483 343867 0.07 60
70 0.1277294109486117 348685 0.07 60
71 0.12744536641715545 353504 0.07 60
72 0.12715359465383516 358323 0.07 60
73 0.12685411531138321 363142 0.07 60
74 0.1265474193237747 367976 0.07 60
75 0.12623386770918132 372795 0.07 60
76 0.12591338454991807 377617 0.07 60
77 0.12558552804287337 382435 0.07 60
78 0.12524981307029268 387253 0.07 60
79 0.12490606700217653 392070 0.07 60
80 0.1245546480293072 396887 0.07 60
81 0.12419648040310761 401707 0.07 60
82 0.12383297197756404 406526 0.07 60
83 0.12346592056103944 411342 0.07 60
84 0.12309748305655034 416159 0.07 60
85 0.12273019513861373 420979 0.07 60
86 0.1223669511284024 425796 0.07 60
87 0.12201087936389278 430612 0.07 60
88 0.12166515404676638 435428 0.07 60
89 0.12133281397843576 440259 0.07 60
90 0.12101659144412107 445075 0.07 60
91 0.12071875714800535 449890 0.07 60
92 0.12044096526625127 454705 0.07 60
93 0.1201839506078116 459524 0.07 60
94 0.11994706046334772 464339 0.07 60
95 0.11972790186600175 469156 0.07 60
96 0.11952249207053009 473971 0.07 60
97 0.11932595512604756 478786 0.07 60
98 0.11913325796925484 483604 0.07 60
99 0.1189395815341548 488421 0.07 60
