0 0.961108537864781 23083 0.03 260
1 0.8969241348939513 46145 0.03 260
2 0.727128675503964 69205 0.03 260
3 0.5999406708306472 92258 0.03 260
4 0.5163804812521298 115292 0.03 260
5 0.44598124094808 138312 0.03 260
6 0.3925163604748891 161314 0.03 260
7 0.3532358891901548 184308 0.03 260
8 0.3233793679433958 207283 0.03 260
9 0.3002881764328082 230246 0.03 260
10 0.2822642676141468 253199 0.03 260
11 0.26790761189332424 276140 0.03 260
12 0.2561609604083266 299071 0.03 260
13 0.24632485082413577 321989 0.03 260
14 0.23794963444878195 344901 0.03 260
15 0.23073718917812594 367801 0.03 260
16 0.22447790824598077 390691 0.03 260
17 0.2190138279823729 413571 0.03 260
18 0.21421861385605342 436443 0.03 260
19 0.20998725710243915 459319 0.03 260
20 0.2062308653658603 482176 0.03 260
21 0.2028739934638783 505028 0.03 260
22 0.1998531134532077 527872 0.03 260
23 0.19711544205286963 550708 0.03 260
24 0.19461775669173584 573536 0.03 260
25 0.1923251192186614 596357 0.03 260
26 0.1902095771133629 619179 0.03 260
27 0.1882489403937437 641983 0.03 260
28 0.18642569450705287 664781 0.03 260
29 0.18472606612172787 687576 0.03 260
30 0.18313923872891158 710362 0.03 260
31 0.18165670829017444 733143 0.03 260
32 0.18027175035006926 755915 0.03 260
33 0.1789789310750647 778680 0.03 260
34 0.17777356456257598 801438 0.03 260
35 0.17665105288224522 824198 0.03 260
36 0.17560617416563637 846944 0.03 260
37 0.17463254449017399 869687 0.03 260
38 0.17372251920292087 892421 0.03 260
39 0.17286762325969365 915150 0.03 260
40 0.17205931870222776 937872 0.03 260
41 0.17128976374935304 960599 0.03 260
42 0.17055229614910816 983307 0.03 260
43 0.1698415723132745 1006012 0.03 260
44 0.16915344785162525 1028707 0.03 260
45 0.16848473074645862 1051400 0.03 260
46 0.1678329108146385 1074086 0.03 260
47 0.16719592376582018 1096766 0.03 260
48 0.1665719744267347 1119440 0.03 260
49 0.16595942511973547 1142108 0.03 260
50 0.16535674529570613 1164774 0.03 260
51 0.1647625115579303 1187430 0.03 260
52 0.16417544131417777 1210074 0.03 260
53 0.1635944396357191 1232712 0.03 260
54 0.16301863937732344 1255347 0.03 260
55 0.16244741981768182 1277976 0.03 260
56 0.161880397620254 1300598 0.03 260
57 0.16131739295489486 1323216 0.03 260
58 0.16075838011599006 1345837 0.03 260
59 0.16020343404681928 1368437 0.03 260
60 0.15965268199956378 1391039 0.03 260
61 0.15910626510576462 1413625 0.03 260
62 0.158564310423268 1436206 0.03 260
63 0.15802691169233768 1458784 0.03 260
64 0.1574941167186735 1481434 0.03 260
65 0.15696592011293872 1503999 0.03 260
66 0.15644226101883227 1526557 0.03 260
67 0.15592302587678106 1549106 0.03 260
68 0.15540805614775055 1571649 0.03 260
69 0.1548971604839899 1594184 0.03 260
70 0.15439013031814447 1616714 0.03 260
71 0.15388675739754862 1639247 0.03 260
72 0.1533868514949602 1661766 0.03 260
73 0.15289025643409956 1684281 0.03 260
74 0.15239686271865238 1706786 0.03 260
75 0.15190661545217943 1729288 0.03 260
76 0.15141951683005728 1751778 0.03 260
77 0.1509356231686528 1774266 0.03 260
78 0.15045503709030691 1796747 0.03 260
79 0.14997789599936703 1819219 0.03 260
80 0.14950435829012587 1841691 0.03 260
81 0.14903458879316567 1864153 0.03 260
82 0.1485687448196391 1886610 0.03 260
83 0.14810696387643674 1909062 0.03 260
84 0.14764935378166194 1931518 0.03 260
85 0.14719598556728816 1953954 0.03 260
86 0.14674688924610224 1976385 0.03 260
87 0.14630205227371568 1998807 0.03 260
88 0.1458614203841773 2021226 0.03 260
89 0.14542490041959819 2043639 0.03 260
90 0.14499236477178423 2066048 0.03 260
91 0.14456365706886273 2088447 0.03 260
92 0.14413859876145213 2110845 0.03 260
93 0.1437169962931182 2133252 0.03 260
94 0.1432986485740052 2155636 0.03 260
95 0.14288335450512946 2178011 0.03 260
96 0.14247092031934547 2200380 0.03 260
97 0.1420611665161991 2222745 0.03 260
98 0.14165393417856226 2245017 0.03 260
99 0.14124909047659204 2267239 0.03 260
