0 0.9524793137310705 10588 0.05 120
1 0.7951438977508444 21170 0.05 120
2 0.5758792411006989 31726 0.05 120
3 0.45209001216454264 42242 0.05 120
4 0.37547345472278565 52731 0.05 120
5 0.32677438588543634 63193 0.05 120
6 0.2940996000701861 73635 0.05 120
7 0.2702715933439559 84080 0.05 120
8 0.2518349880820122 94489 0.05 120
9 0.2372788672072992 104882 0.05 120
10 0.22583437282341598 115263 0.05 120
11 0.21680573530554476 125624 0.05 120
12 0.2095977221569411 135974 0.05 120
13 0.20378640784811405 146307 0.05 120
14 0.19908281022956983 156629 0.05 120
15 0.19527101681968043 166938 0.05 120
16 0.19217375256895383 177238 0.05 120
17 0.18964275217286572 187526 0.05 120
18 0.18755633651705966 197803 0.05 120
19 0.1858158423856417 208073 0.05 120
20 0.1843410358522276 218330 0.05 120
21 0.18306626244113938 228577 0.05 120
22 0.1819379206347794 238817 0.05 120
23 0.18091290002874202 249046 0.05 120
24 0.1799574304191447 259266 0.05 120
25 0.17904599069392713 269477 0.05 120
26 0.17816015402627475 279682 0.05 120
27 0.17728738548923934 289875 0.05 120
28 0.1764198725292932 300060 0.05 120
29 0.17555345961970514 310239 0.05 120
30 0.1746867079733921 320407 0.05 120
31 0.173820074755148 330568 0.05 120
32 0.17295522299343866 340723 0.05 120
33 0.17209449140642694 350872 0.05 120
34 0.17124053754961222 361011 0.05 120
35 0.17039612906721516 371149 0.05 120
36 0.16956402807601167 381275 0.05 120
37 0.16874691039607342 391391 0.05 120
38 0.1679472803748016 401500 0.05 120
39 0.16716736913875635 411603 0.05 120
40 0.16640902650185024 421697 0.05 120
41 0.1656736279822134 431782 0.05 120
42 0.1649620178940527 441861 0.05 120
43 0.16427450046954822 451936 0.05 120
44 0.1636108780394205 462001 0.05 120
45 0.1629705229227835 472059 0.05 120
46 0.16235246136735484 482112 0.05 120
47 0.16175544581589893 492156 0.05 120
48 0.16117799653639167 502193 0.05 120
49 0.16061840411602837 512223 0.05 120
50 0.1600746977492734 522250 0.05 120
51 0.15954459679228203 532267 0.05 120
52 0.159025470716088 542278 0.05 120
53 0.15851433257800848 552284 0.05 120
54 0.15800788310625907 562281 0.05 120
55 0.15750260903135854 572272 0.05 120
56 0.1569949250102809 582257 0.05 120
57 0.1564813380371519 592235 0.05 120
58 0.15595860934843742 602207 0.05 120
59 0.15542389150627584 612173 0.05 120
60 0.15487482548256823 622135 0.05 120
61 0.15430959135178726 632088 0.05 120
62 0.15372691426849172 642044 0.05 120
63 0.15312603335361324 651989 0.05 120
64 0.15250664445024104 661925 0.05 120
65 0.15186882857532064 671856 0.05 120
66 0.15121297679415655 681781 0.05 120
67 0.15053971986631784 691703 0.05 120
68 0.14984986809094672 701620 0.05 120
69 0.14914436398485692 711530 0.05 120
70 0.1484242482342065 721438 0.05 120
71 0.14769063793997636 731338 0.05 120
72 0.14694471536551224 741234 0.05 120
73 0.1461877248592399 751124 0.05 120
74 0.1454209751755789 761011 0.05 120
75 0.14464584415604767 770893 0.05 120
76 0.1438637828604762 780770 0.05 120
77 0.14307631676190055 790645 0.05 120
78 0.14228504232956501 800513 0.05 120
79 0.14149161797694637 810379 0.05 120
80 0.14069774878386956 820241 0.05 120
81 0.13990516458094923 830097 0.05 120
82 0.13911559105368745 839949 0.05 120
83 0.1383307137666878 849798 0.05 120
84 0.1375521356774763 859647 0.05 120
85 0.1367813298482184 869488 0.05 120
86 0.13601959047179635 879326 0.05 120
87 0.13526798663297349 889165 0.05 120
88 0.13452732399989173 898998 0.05 120
89 0.13379811956819107 908827 0.05 120
90 0.1330805936007031 918654 0.05 120
91 0.13237468125213153 928479 0.05 120
92 0.131680064429912 938300 0.05 120
93 0.13099622254663623 948118 0.05 120
94 0.13032249906122678 957936 0.05 120
95 0.12965817894838297 967750 0.05 120
96 0.12900257037673143 977559 0.05 120
97 0.12835508226837328 987368 0.05 120
98 0.12771528889871178 997173 0.05 120
99 0.12708297392572282 1006975 0.05 120
