0 0.9583827519805378 24746 0.02 280
1 0.9490349207175129 49451 0.02 280
2 0.9181135812771489 74156 0.02 280
3 0.8305713651000112 98862 0.02 280
4 0.7223985555397794 123565 0.02 280
5 0.6331083449968734 148252 0.02 280
6 0.5635288811220648 172932 0.02 280
7 0.5049495975276151 197599 0.02 280
8 0.45578726512510626 222255 0.02 280
9 0.4166036440281922 246902 0.02 280
10 0.3861233095334756 271551 0.02 280
11 0.3621237674555526 296207 0.02 280
12 0.3427382114612354 320849 0.02 280
13 0.3268055158736298 345481 0.02 280
14 0.31357200148869324 370112 0.02 280
15 0.30241848561106155 394733 0.02 280
16 0.29280273670456586 419348 0.02 280
17 0.28428600397778686 443949 0.02 280
18 0.27654872622524423 468544 0.02 280
19 0.2693819212200329 493136 0.02 280
20 0.26266463098052184 517715 0.02 280
21 0.25633726532254314 542287 0.02 280
22 0.2503767667346192 566854 0.02 280
23 0.24477653234814264 591419 0.02 280
24 0.239532514253001 615978 0.02 280
25 0.2346359238196291 640525 0.02 280
26 0.2300715689242688 665068 0.02 280
27 0.22581956657893434 689611 0.02 280
28 0.22185800356999918 714146 0.02 280
29 0.21816503131743648 738676 0.02 280
30 0.2147199834546368 763199 0.02 280
31 0.21150374004329908 787716 0.02 280
32 0.20849870086536623 812230 0.02 280
33 0.20568862888738318 836736 0.02 280
34 0.20305849090683042 861217 0.02 280
35 0.20059433436416726 885695 0.02 280
36 0.19828319962501473 910169 0.02 280
37 0.19611305595587722 934640 0.02 280
38 0.19407275003701663 959105 0.02 280
39 0.19215195945641578 983565 0.02 280
40 0.19034114730145413 1008024 0.02 280
41 0.18863151698344197 1032479 0.02 280
42 0.18701496834714892 1056930 0.02 280
43 0.1854840566776571 1081384 0.02 280
44 0.1840319556553634 1105826 0.02 280
45 0.18265242422346162 1130269 0.02 280
46 0.18133977632230128 1154703 0.02 280
47 0.18008885188607615 1179132 0.02 280
48 0.17889498749032937 1203558 0.02 280
49 0.17775398546783686 1227987 0.02 280
50 0.1766620809436824 1252410 0.02 280
51 0.17561590684335932 1276827 0.02 280
52 0.17461245735011718 1301247 0.02 280
53 0.1736490504938545 1325665 0.02 280
54 0.17272329059577074 1350074 0.02 280
55 0.17183303125643212 1374486 0.02 280
56 0.17097633952897168 1398886 0.02 280
57 0.17015146189298375 1423291 0.02 280
58 0.16935679263036393 1447703 0.02 280
59 0.16859084517571496 1472132 0.02 280
60 0.16785222694633728 1496519 0.02 280
61 0.16713961803920122 1520910 0.02 280
62 0.1664517540201296 1545293 0.02 280
63 0.16578741284144252 1569675 0.02 280
64 0.16514540573170083 1594060 0.02 280
65 0.16452457172743754 1618441 0.02 280
66 0.16392377537899738 1642824 0.02 280
67 0.16334190707098736 1667193 0.02 280
68 0.16277788535512994 1691562 0.02 280
69 0.16223066069620795 1715923 0.02 280
70 0.1616992200723248 1740281 0.02 280
71 0.16118259193840087 1764641 0.02 280
72 0.16067985114521663 1788997 0.02 280
73 0.16019012349482326 1813344 0.02 280
74 0.15971258969807986 1837696 0.02 280
75 0.1592464885755045 1862040 0.02 280
76 0.15879111940550283 1886382 0.02 280
77 0.15834584337386107 1910729 0.02 280
78 0.1579100841164735 1935071 0.02 280
79 0.15748332737607557 1959404 0.02 280
80 0.15706511981578183 1983745 0.02 280
81 0.156655067049896 2008071 0.02 280
82 0.15625283096719106 2032391 0.02 280
83 0.15585812643469285 2056719 0.02 280
84 0.15547071748084895 2081036 0.02 280
85 0.15509041306567461 2105361 0.02 280
86 0.15471706255122852 2129668 0.02 280
87 0.15435055098803202 2153982 0.02 280
88 0.15399079433123902 2178287 0.02 280
89 0.15363773469437 2202591 0.02 280
90 0.153291335738479 2226895 0.02 280
91 0.1529515782814031 2251196 0.02 280
92 0.1526184561961281 2275497 0.02 280
93 0.15229197265035882 2299787 0.02 280
94 0.15197213672207693 2324071 0.02 280
95 0.15165896040899948 2348350 0.02 280
96 0.1513524560340993 2372626 0.02 280
97 0.1510526340351559 2396900 0.02 280
98 0.1507595011140919 2421190 0.02 280
99 0.15047305871188021 2445455 0.02 280
