0 0.6820331336897025 15905 0.09 180
1 0.3822236352100804 31696 0.09 180
2 0.2931124798469589 47387 0.09 180
3 0.2536043319534949 63002 0.09 180
4 0.23171784182734476 78560 0.09 180
5 0.21645238161071723 94115 0.09 180
6 0.2046317916098464 109694 0.09 180
7 0.19513534670898547 125228 0.09 180
8 0.1873463416938725 140722 0.09 180
9 0.18088341051550755 156182 0.09 180
10 0.17549569306184995 171603 0.09 180
11 0.1709846527671751 186990 0.09 180
12 0.16718226743701473 202346 0.09 180
13 0.16395291211754048 217669 0.09 180
14 0.1611912004056535 232966 0.09 180
15 0.15881485156651584 248232 0.09 180
16 0.1567577765816514 263465 0.09 180
17 0.15496616245547304 278672 0.09 180
18 0.1533972601595259 293850 0.09 180
19 0.15201866016722465 309015 0.09 180
20 0.1508063144606116 324143 0.09 180
21 0.14974125442270772 339242 0.09 180
22 0.14880608289819963 354317 0.09 180
23 0.14798238012286835 369377 0.09 180
24 0.14724958780097072 384407 0.09 180
25 0.14658530898924518 399411 0.09 180
26 0.1459665886987496 414395 0.09 180
27 0.14537163566675965 429353 0.09 180
28 0.14478151216946222 444289 0.09 180
29 0.14418144729911989 459208 0.09 180
30 0.14356155044839014 474102 0.09 180
31 0.1429168124853798 488977 0.09 180
32 0.14224641254156956 503833 0.09 180
33 0.14155250199293537 518674 0.09 180
34 0.1408387687701799 533494 0.09 180
35 0.14010913233150407 548295 0.09 180
36 0.13936685075854663 563079 0.09 180
37 0.13861416089248602 577849 0.09 180
38 0.13785239290354165 592600 0.09 180
39 0.1370823809677641 607336 0.09 180
40 0.13630496542375758 622058 0.09 180
41 0.13552142559506977 636764 0.09 180
42 0.1347337508843034 651455 0.09 180
43 0.13394471983127787 666137 0.09 180
44 0.13315780383481818 680803 0.09 180
45 0.13237694411822137 695455 0.09 180
46 0.1316062631594391 710099 0.09 180
47 0.13084976086291883 724730 0.09 180
48 0.13011102097537555 739349 0.09 180
49 0.12939293629223253 753955 0.09 180
50 0.12869746709857213 768555 0.09 180
51 0.1280254719140828 783145 0.09 180
52 0.1273766676960678 797721 0.09 180
53 0.1267497611069398 812288 0.09 180
54 0.12614274272950762 826849 0.09 180
55 0.12555327947931244 841398 0.09 180
56 0.12497910905200688 855939 0.09 180
57 0.12441835094764703 870473 0.09 180
58 0.12386969563171063 884996 0.09 180
59 0.12333248859950376 899511 0.09 180
60 0.1228067505603863 914021 0.09 180
61 0.12229315064924093 928522 0.09 180
62 0.12179290749300078 943018 0.09 180
63 0.12130758747178341 957503 0.09 180
64 0.12083881421769396 972002 0.09 180
65 0.120387955835503 986476 0.09 180
66 0.1199558722928395 1000939 0.09 180
67 0.11954278213128176 1015396 0.09 180
68 0.11914826935668814 1029853 0.09 180
69 0.11877141706909526 1044298 0.09 180
70 0.11841102871930466 1058735 0.09 180
71 0.11806588091627407 1073168 0.09 180
72 0.11773494711539638 1087594 0.09 180
73 0.11741754404180624 1102011 0.09 180
74 0.11711338018798645 1116429 0.09 180
75 0.1168225164511911 1130837 0.09 180
76 0.11654526919885604 1145237 0.09 180
77 0.11628209019666313 1159638 0.09 180
78 0.11603345053104112 1174027 0.09 180
79 0.11579974509413021 1188414 0.09 180
80 0.11558122540421768 1202790 0.09 180
81 0.11537796225462113 1217164 0.09 180
82 0.11518983499338374 1231531 0.09 180
83 0.11501654075052242 1245889 0.09 180
84 0.11485761507646605 1260242 0.09 180
85 0.11471245568718985 1274597 0.09 180
86 0.11458034316169075 1289123 0.09 180
87 0.11446045567474246 1303457 0.09 180
88 0.11435187806509284 1317789 0.09 180
89 0.11425360782177951 1332113 0.09 180
90 0.11416456148354762 1346437 0.09 180
91 0.11408358455581835 1360756 0.09 180
92 0.11400946676230556 1375062 0.09 180
93 0.11394096279430328 1389362 0.09 180
94 0.1138768171878999 1403660 0.09 180
95 0.11381579090176018 1417949 0.09 180
96 0.11375668676870274 1432238 0.09 180
97 0.11369837126256348 1446518 0.09 180
98 0.11363979081228685 1460793 0.09 180
99 0.11357998195303563 1475065 0.09 180
