0 0.9557366223018761 17681 0.01 200
1 0.9538445938845374 35317 0.01 200
2 0.9511234383514736 52949 0.01 200
3 0.9465841718379532 70581 0.01 200
4 0.9385370261884826 88215 0.01 200
5 0.9267758191070428 105849 0.01 200
6 0.9115986354504917 123478 0.01 200
7 0.8867978121109814 141113 0.01 200
8 0.8455260790677707 158744 0.01 200
9 0.790140134771549 176377 0.01 200
10 0.729876685256538 194009 0.01 200
11 0.6725578999092486 211641 0.01 200
12 0.6221414652243779 229275 0.01 200
13 0.5788776703502493 246907 0.01 200
14 0.5417474074162011 264531 0.01 200
15 0.5101568288980987 282150 0.01 200
16 0.4836621897536963 299765 0.01 200
17 0.461527832412224 317379 0.01 200
18 0.44284002784790066 334985 0.01 200
19 0.4267741963474516 352588 0.01 200
20 0.4127076947802588 370188 0.01 200
21 0.4002063757478997 387787 0.01 200
22 0.38897345525817706 405382 0.01 200
23 0.3788018911037842 422971 0.01 200
24 0.3695402802109262 440556 0.01 200
25 0.3610720795458051 458141 0.01 200
26 0.35330465753310053 475722 0.01 200
27 0.3461630444521921 493297 0.01 200
28 0.3395847271530779 510882 0.01 200
29 0.33351491589174037 528454 0.01 200
30 0.32790312853219566 546023 0.01 200
31 0.3227014630527299 563587 0.01 200
32 0.31786415610239255 581147 0.01 200
33 0.31334778828472704 598707 0.01 200
34 0.30911166319247896 616262 0.01 200
35 0.30511813023109596 633814 0.01 200
36 0.3013327887872047 651375 0.01 200
37 0.29772459277617797 668925 0.01 200
38 0.2942658982596763 686470 0.01 200
39 0.29093248738601174 704017 0.01 200
40 0.28770357913305156 721561 0.01 200
41 0.28456181625670124 739142 0.01 200
42 0.2814932059091173 756677 0.01 200
43 0.27848699021695894 774209 0.01 200
44 0.27553543178590856 791739 0.01 200
45 0.2726335142741008 809271 0.01 200
46 0.2697785739932827 826796 0.01 200
47 0.2669698892601331 844318 0.01 200
48 0.26420825744147847 861838 0.01 200
49 0.2614955864251648 879367 0.01 200
50 0.2588345204825886 896882 0.01 200
51 0.2562281128992287 914394 0.01 200
52 0.25367955105992135 931903 0.01 200
53 0.251191934631816 949413 0.01 200
54 0.2487681041845199 966922 0.01 200
55 0.2464105157637168 984422 0.01 200
56 0.24412115618191 1001921 0.01 200
57 0.2419014936938889 1019421 0.01 200
58 0.23975245895717764 1036918 0.01 200
59 0.2376744515188608 1054407 0.01 200
60 0.2356673673691993 1071904 0.01 200
61 0.233730643239024 1089390 0.01 200
62 0.2318633132223749 1106873 0.01 200
63 0.23006407303091103 1124352 0.01 200
64 0.228331346938353 1141826 0.01 200
65 0.22666335252991787 1159298 0.01 200
66 0.2250581589326476 1176768 0.01 200
67 0.22351373528607196 1194234 0.01 200
68 0.2220279876618642 1211696 0.01 200
69 0.22059878420134268 1229155 0.01 200
70 0.21922396964501764 1246613 0.01 200
71 0.21790137146723976 1264066 0.01 200
72 0.2166288003832091 1281516 0.01 200
73 0.21540404805466565 1298964 0.01 200
74 0.21422488447142926 1316413 0.01 200
75 0.213089056880098 1333857 0.01 200
76 0.2119942914388386 1351295 0.01 200
77 0.2109382981402376 1368747 0.01 200
78 0.20991877904436657 1386182 0.01 200
79 0.20893343951753154 1403616 0.01 200
80 0.20798000194847727 1421045 0.01 200
81 0.20705622126924197 1438471 0.01 200
82 0.20615990151227798 1455897 0.01 200
83 0.20528891258389617 1473321 0.01 200
84 0.2044412064398012 1490741 0.01 200
85 0.20361483192612628 1508161 0.01 200
86 0.2028079476994648 1525573 0.01 200
87 0.20201883284179306 1542984 0.01 200
88 0.20124589500592344 1560389 0.01 200
89 0.20048767612654503 1577792 0.01 200
90 0.19974285588259513 1595193 0.01 200
91 0.1990102531853988 1612607 0.01 200
92 0.19828882599524228 1630009 0.01 200
93 0.19757766974893692 1647400 0.01 200
94 0.1968760146294806 1664789 0.01 200
95 0.1961832218433242 1682181 0.01 200
96 0.19549877900507215 1699578 0.01 200
97 0.19482229467323944 1716954 0.01 200
98 0.19415349203939264 1734320 0.01 200
99 0.19349220174894302 1751688 0.01 200
