0 0.956585739650451 24729 0.01 280
1 0.9540254600290906 49395 0.01 280
2 0.9504738117263305 74060 0.01 280
3 0.9449934931600237 98728 0.01 280
4 0.9356601158830656 123419 0.01 280
5 0.9185143379324021 148084 0.01 280
6 0.8874077436737623 172751 0.01 280
7 0.8398386677116031 197435 0.01 280
8 0.7841474912122842 222124 0.01 280
9 0.7307792697752901 246815 0.01 280
10 0.682886506493462 271504 0.01 280
11 0.6410092039643833 296196 0.01 280
12 0.6046245448575184 320883 0.01 280
13 0.5723459924199671 345569 0.01 280
14 0.542842931555309 370246 0.01 280
15 0.5154275156514527 394920 0.01 280
16 0.4900452667792378 419591 0.01 280
17 0.46690569122078646 444285 0.01 280
18 0.44615883930790534 468954 0.01 280
19 0.427773284781099 493623 0.01 280
20 0.41155765994519905 518278 0.01 280
21 0.397232693843357 542928 0.01 280
22 0.3844972750574354 567570 0.01 280
23 0.3730732343043236 592214 0.01 280
24 0.3627304244231694 616852 0.01 280
25 0.35329534917477345 641485 0.01 280
26 0.3446467059384919 666114 0.01 280
27 0.33670232807361494 690734 0.01 280
28 0.32940308301845833 715361 0.01 280
29 0.3226989265163136 739993 0.01 280
30 0.31654013028264916 764610 0.01 280
31 0.31087390292320144 789219 0.01 280
32 0.30564479401282074 813824 0.01 280
33 0.3007968992777374 838429 0.01 280
34 0.2962764117376919 863039 0.01 280
35 0.2920337563792938 887633 0.01 280
36 0.28802503252974393 912222 0.01 280
37 0.2842127450193633 936813 0.01 280
38 0.28056592777990147 961408 0.01 280
39 0.2770598165640044 986000 0.01 280
40 0.27367523411813155 1010574 0.01 280
41 0.27039782611866475 1035145 0.01 280
42 0.2672172477370368 1059727 0.01 280
43 0.26412636444330234 1084295 0.01 280
44 0.2611205043215794 1108857 0.01 280
45 0.25819678344298164 1133415 0.01 280
46 0.2553535177501401 1157973 0.01 280
47 0.25258973065510726 1182530 0.01 280
48 0.24990476209279336 1207078 0.01 280
49 0.24729798042897758 1231627 0.01 280
50 0.24476859308654816 1256172 0.01 280
51 0.24231554570923058 1280725 0.01 280
52 0.2399374942814596 1305264 0.01 280
53 0.23763283099035393 1329797 0.01 280
54 0.23539974346737227 1354330 0.01 280
55 0.23323628849260414 1378861 0.01 280
56 0.23114046479476813 1403425 0.01 280
57 0.22911027433894987 1427949 0.01 280
58 0.22714376645152481 1452479 0.01 280
59 0.22523906343978323 1477003 0.01 280
60 0.22339436951013955 1501521 0.01 280
61 0.2216079666302619 1526391 0.01 280
62 0.21987820166480943 1550902 0.01 280
63 0.21820346894908602 1575412 0.01 280
64 0.21658219179105823 1599920 0.01 280
65 0.21501280550033344 1624426 0.01 280
66 0.21349374363629467 1648928 0.01 280
67 0.21202342836419008 1673431 0.01 280
68 0.210600265159401 1697931 0.01 280
69 0.2092226416174983 1722429 0.01 280
70 0.20788892980151827 1746922 0.01 280
71 0.20659749137085376 1771412 0.01 280
72 0.20534668466772144 1795904 0.01 280
73 0.20413487296436345 1820394 0.01 280
74 0.2029604331708791 1844875 0.01 280
75 0.20182176444158825 1869357 0.01 280
76 0.2007172962696467 1893840 0.01 280
77 0.19964549580258975 1918320 0.01 280
78 0.19860487423039316 1942799 0.01 280
79 0.1975939921862322 1967274 0.01 280
80 0.19661146415926814 1991749 0.01 280
81 0.1956559619542311 2016224 0.01 280
82 0.19472621725191655 2040697 0.01 280
83 0.19382102333483966 2065164 0.01 280
84 0.1929392360483126 2089630 0.01 280
85 0.19207977407161833 2114097 0.01 280
86 0.19124161857763253 2138564 0.01 280
87 0.19042381236146327 2163024 0.01 280
88 0.1896254585188077 2187482 0.01 280
89 0.1888457187519202 2211943 0.01 280
90 0.18808381137542937 2236400 0.01 280
91 0.18733900908617587 2260861 0.01 280
92 0.18661063655173035 2285314 0.01 280
93 0.185898067862497 2309770 0.01 280
94 0.1852007238832735 2334250 0.01 280
95 0.1845180695327042 2358696 0.01 280
96 0.18384961101361744 2383144 0.01 280
97 0.18319489301382588 2407598 0.01 280
98 0.18255349589536626 2432038 0.01 280
99 0.1819250328898544 2456486 0.01 280
