0 0.9490139380878951 1908 0.01 20
1 0.9487062347566306 3785 0.01 20
2 0.9483061293743024 5561 0.01 20
3 0.9477243331932611 7335 0.01 20
4 0.946788898158155 9109 0.01 20
5 0.9451216529062838 10887 0.01 20
6 0.9417836591789196 12662 0.01 20
7 0.9342267762817859 14466 0.01 20
8 0.9166444505678141 16246 0.01 20
9 0.8866238273296568 18016 0.01 20
10 0.8556587666511627 19784 0.01 20
11 0.8311326620918698 21549 0.01 20
12 0.8136267267861899 23315 0.01 20
13 0.8020390105827414 25072 0.01 20
14 0.7920830876882295 26826 0.01 20
15 0.7804210052717309 28578 0.01 20
16 0.7656494725109422 30328 0.01 20
17 0.747996091586144 32076 0.01 20
18 0.728662911882257 33828 0.01 20
19 0.7090322124332276 35566 0.01 20
20 0.6900575193324863 37296 0.01 20
21 0.6722123426639101 39026 0.01 20
22 0.6556289836488897 40753 0.01 20
23 0.6401572219377593 42474 0.01 20
24 0.6254572924801376 44189 0.01 20
25 0.6111575899107502 45901 0.01 20
26 0.5970545026031624 47610 0.01 20
27 0.5832204403946472 49324 0.01 20
28 0.5698916632982468 51028 0.01 20
29 0.5572689381287277 52734 0.01 20
30 0.545457525895453 54429 0.01 20
31 0.5345174677217094 56123 0.01 20
32 0.5244813019167186 57828 0.01 20
33 0.5153226607162784 59515 0.01 20
34 0.5069534762285248 61199 0.01 20
35 0.49927133666004353 62880 0.01 20
36 0.4921915189485392 64565 0.01 20
37 0.4856466913895674 66240 0.01 20
38 0.47957869793826724 67911 0.01 20
39 0.47393236082586254 69581 0.01 20
40 0.46865703916287743 71246 0.01 20
41 0.4637076551358398 72909 0.01 20
42 0.459036953545148 74569 0.01 20
43 0.45458676663461123 76226 0.01 20
44 0.4502871452757517 77881 0.01 20
45 0.4460627136370001 79533 0.01 20
46 0.4418420535489613 81183 0.01 20
47 0.4375675039340486 82830 0.01 20
48 0.43320366330535653 84475 0.01 20
49 0.4287429693587957 86120 0.01 20
50 0.42420691523929704 87759 0.01 20
51 0.4196424130217425 89396 0.01 20
52 0.41511385380432336 91031 0.01 20
53 0.41069021749552675 92666 0.01 20
54 0.4064299318425449 94296 0.01 20
55 0.40237555530018915 95925 0.01 20
56 0.3985614556104632 97552 0.01 20
57 0.39501621464767295 99177 0.01 20
58 0.3917499982899286 100799 0.01 20
59 0.38874531727197653 102421 0.01 20
60 0.3859661933178013 104040 0.01 20
61 0.3833743810441806 105658 0.01 20
62 0.38093705776470116 107275 0.01 20
63 0.37862609285099647 108896 0.01 20
64 0.3764169862534295 110510 0.01 20
65 0.3742904431494618 112122 0.01 20
66 0.3722336502994875 113733 0.01 20
67 0.3702393056304736 115343 0.01 20
68 0.3683030878606159 116951 0.01 20
69 0.3664211417082682 118558 0.01 20
70 0.36458893079398974 120164 0.01 20
71 0.36280157190674944 121769 0.01 20
72 0.3610545614949103 123372 0.01 20
73 0.3593438734227878 124975 0.01 20
74 0.35766543916732335 126575 0.01 20
75 0.3560147093391237 128174 0.01 20
76 0.35438675103471323 129773 0.01 20
77 0.3527767575333217 131369 0.01 20
78 0.3511806105797608 132963 0.01 20
79 0.34959526981788436 134558 0.01 20
80 0.34801894877461476 136157 0.01 20
81 0.3464511082811173 137748 0.01 20
82 0.34489232886394805 139338 0.01 20
83 0.34334418465309385 140926 0.01 20
84 0.34180923685737113 142516 0.01 20
85 0.34029109162116866 144104 0.01 20
86 0.3387942766029706 145689 0.01 20
87 0.33732373609090355 147273 0.01 20
88 0.33588401527590334 148858 0.01 20
89 0.33447844033099233 150441 0.01 20
90 0.333108620776188 152023 0.01 20
91 0.33177446989242393 153604 0.01 20
92 0.3304747728319946 155186 0.01 20
93 0.32920811192222754 156766 0.01 20
94 0.32797373079700415 158345 0.01 20
95 0.3267719127146843 159924 0.01 20
96 0.3256037400509855 161503 0.01 20
97 0.32447046116006434 163082 0.01 20
98 0.32337287417176624 164658 0.01 20
99 0.322311052914412 166234 0.01 20
