0 0.7828464219349026 10681 0.09 120
1 0.43278041045625365 21278 0.09 120
2 0.31095590814887036 31801 0.09 120
3 0.2578841694363669 42274 0.09 120
4 0.23086272477776532 52697 0.09 120
5 0.21589406466845676 63085 0.09 120
6 0.20648797780655376 73441 0.09 120
7 0.19968966839825103 83772 0.09 120
8 0.19425889367057933 94070 0.09 120
9 0.18975320566176598 104343 0.09 120
10 0.18598611698131584 114592 0.09 120
11 0.18283057218220836 124809 0.09 120
12 0.18018422929975597 135001 0.09 120
13 0.17795505266412792 145167 0.09 120
14 0.176048771405249 155314 0.09 120
15 0.17436568947267683 165436 0.09 120
16 0.17280836445497733 175531 0.09 120
17 0.1712930296487373 185603 0.09 120
18 0.16975672713157042 195653 0.09 120
19 0.168158788203879 205683 0.09 120
20 0.16647938728474268 215691 0.09 120
21 0.1647165862863413 225680 0.09 120
22 0.16288163447420315 235655 0.09 120
23 0.16099276706357976 245606 0.09 120
24 0.15906901975821489 255539 0.09 120
25 0.15712604567288943 265461 0.09 120
26 0.15517508252917017 275363 0.09 120
27 0.15322459446374273 285250 0.09 120
28 0.1512828630260691 295122 0.09 120
29 0.14935978141893747 304986 0.09 120
30 0.14746707727772132 314832 0.09 120
31 0.14561723534480733 324669 0.09 120
32 0.14382190681863757 334497 0.09 120
33 0.1420905756883656 344310 0.09 120
34 0.14042994112624482 354113 0.09 120
35 0.13884407318707287 363907 0.09 120
36 0.13733506980605797 373697 0.09 120
37 0.13590380986344117 383475 0.09 120
38 0.1345504820847545 393244 0.09 120
39 0.13327477610677557 403011 0.09 120
40 0.13207580765288165 412766 0.09 120
41 0.13095192590837984 422515 0.09 120
42 0.12990052821596887 432256 0.09 120
43 0.128917952214009 441991 0.09 120
44 0.12799947442184398 451721 0.09 120
45 0.1271394177374828 461444 0.09 120
46 0.12633134897504508 471167 0.09 120
47 0.12556833797172742 480881 0.09 120
48 0.12484326268671535 490596 0.09 120
49 0.12414917222615725 500304 0.09 120
50 0.12347973077845249 510000 0.09 120
51 0.12282972663867978 519693 0.09 120
52 0.12219553836305867 529381 0.09 120
53 0.12157535477985082 539070 0.09 120
54 0.12096895550254402 548750 0.09 120
55 0.12037706696054362 558425 0.09 120
56 0.11980060958723572 568099 0.09 120
57 0.11924022959454764 577765 0.09 120
58 0.11869624201970401 587427 0.09 120
59 0.11816880029043855 597084 0.09 120
60 0.11765804443411351 606737 0.09 120
61 0.11716411236585106 616386 0.09 120
62 0.1166870491523612 626031 0.09 120
63 0.11622671806060454 635675 0.09 120
64 0.11578275764657578 645311 0.09 120
65 0.11535447994072058 654943 0.09 120
66 0.1149405541535814 664577 0.09 120
67 0.1145385397766411 674201 0.09 120
68 0.11414465323890759 683821 0.09 120
69 0.1137541603257605 693438 0.09 120
70 0.11336239391976348 703056 0.09 120
71 0.11296598623147766 712665 0.09 120
72 0.11256382164155147 722276 0.09 120
73 0.11215739743140933 731883 0.09 120
74 0.11175049481588017 741481 0.09 120
75 0.11134826968266427 751076 0.09 120
76 0.1109560844310754 760667 0.09 120
77 0.11057849061602079 770257 0.09 120
78 0.11021864208241268 779840 0.09 120
79 0.10987817546896764 789420 0.09 120
80 0.10955741676040288 799002 0.09 120
81 0.10925572909750945 808575 0.09 120
82 0.10897186438697133 818146 0.09 120
83 0.1087042502101712 827713 0.09 120
84 0.10845119492803616 837277 0.09 120
85 0.10821102031955772 846838 0.09 120
86 0.10798213969549898 856396 0.09 120
87 0.10776309898436606 865956 0.09 120
88 0.10755259465786894 875507 0.09 120
89 0.10734947842522717 885067 0.09 120
90 0.10715275541120928 894618 0.09 120
91 0.1069615801943327 904161 0.09 120
92 0.10677525345245277 913701 0.09 120
93 0.10659322081710121 923238 0.09 120
94 0.10641507468610054 932778 0.09 120
95 0.10624055905737312 942314 0.09 120
96 0.10606957686056492 951843 0.09 120
97 0.10590219877976595 961376 0.09 120
98 0.10573867225251295 970901 0.09 120
99 0.10557942932385574 980423 0.09 120
