0 0.9139398996749506 10595 0.07 120
1 0.5803135765441533 21162 0.07 120
2 0.40609065627798235 31666 0.07 120
3 0.32274568799326625 42133 0.07 120
4 0.2760444299581809 52554 0.07 120
5 0.24666758421383456 62940 0.07 120
6 0.2277434741409861 73303 0.07 120
7 0.21527066854972474 83665 0.07 120
8 0.20674897302381956 93979 0.07 120
9 0.20068456391836986 104271 0.07 120
10 0.19616701921234658 114544 0.07 120
11 0.19263572848477684 124799 0.07 120
12 0.18975318014710607 135038 0.07 120
13 0.1873163953600297 145260 0.07 120
14 0.18519057095764574 155464 0.07 120
15 0.18327116466358734 165655 0.07 120
16 0.18147444136863186 175828 0.07 120
17 0.17974234139876916 185987 0.07 120
18 0.17804653576082807 196132 0.07 120
19 0.1763858320759064 206259 0.07 120
20 0.17477800652654615 216372 0.07 120
21 0.17324923463399425 226470 0.07 120
22 0.17182417711131046 236555 0.07 120
23 0.17051885413793252 246627 0.07 120
24 0.16933720769618094 256681 0.07 120
25 0.16827111824344163 266725 0.07 120
26 0.16730290201333403 276751 0.07 120
27 0.1664090261460268 286763 0.07 120
28 0.1655638741633908 296764 0.07 120
29 0.16474274760169122 306751 0.07 120
30 0.16392375605988516 316726 0.07 120
31 0.16308868015560046 326690 0.07 120
32 0.16222314638734903 336646 0.07 120
33 0.16131647277344785 346586 0.07 120
34 0.16036140782033687 356516 0.07 120
35 0.159353832474483 366439 0.07 120
36 0.15829241449717193 376348 0.07 120
37 0.1571781991479523 386247 0.07 120
38 0.15601414621663198 396135 0.07 120
39 0.15480464565048907 406018 0.07 120
40 0.15355505090113225 415888 0.07 120
41 0.1522712640662876 425751 0.07 120
42 0.15095939649604706 435607 0.07 120
43 0.14962551795393023 445452 0.07 120
44 0.14827549954476502 455290 0.07 120
45 0.14691495021145504 465119 0.07 120
46 0.1455492403147773 474944 0.07 120
47 0.1441835945438566 484759 0.07 120
48 0.14282321945261306 494567 0.07 120
49 0.14147341445615308 504373 0.07 120
50 0.14013961156291027 514168 0.07 120
51 0.13882730821255254 523957 0.07 120
52 0.13754189374353237 533741 0.07 120
53 0.13628840699189457 543520 0.07 120
54 0.13507128901217438 553292 0.07 120
55 0.13389419912249217 563059 0.07 120
56 0.13275993559224022 572825 0.07 120
57 0.13167045626686322 582583 0.07 120
58 0.1306269554199014 592344 0.07 120
59 0.12962994177887202 602096 0.07 120
60 0.1286792828521701 611841 0.07 120
61 0.12777421901085675 621582 0.07 120
62 0.12691338314449035 631318 0.07 120
63 0.1260948669396814 641054 0.07 120
64 0.12531635077132658 650789 0.07 120
65 0.12457527985238193 660514 0.07 120
66 0.1238690477218377 670240 0.07 120
67 0.12319514806348739 679958 0.07 120
68 0.12255127009577316 689674 0.07 120
69 0.12193533030767287 699386 0.07 120
70 0.12134544824422973 709095 0.07 120
71 0.1207798849996639 718802 0.07 120
72 0.12023696907754466 728505 0.07 120
73 0.1197150337405863 738209 0.07 120
74 0.11921238277954352 747907 0.07 120
75 0.11872729063634246 757601 0.07 120
76 0.11825803267000004 767297 0.07 120
77 0.11780293569839655 776987 0.07 120
78 0.11736043850350343 786675 0.07 120
79 0.11692915475704357 796359 0.07 120
80 0.1165079336860542 806044 0.07 120
81 0.1160959141483425 815725 0.07 120
82 0.11569256461621277 825402 0.07 120
83 0.11529769604166452 835081 0.07 120
84 0.11491143025457361 844754 0.07 120
85 0.1145341088829663 854426 0.07 120
86 0.11416614191180571 864095 0.07 120
87 0.11380782071788939 873763 0.07 120
88 0.11345914673433621 883428 0.07 120
89 0.11311973427161752 893090 0.07 120
90 0.11278882230266439 902754 0.07 120
91 0.11246538729211157 912412 0.07 120
92 0.11214831661718755 922069 0.07 120
93 0.11183659654503177 931726 0.07 120
94 0.11152947882670469 941379 0.07 120
95 0.11122659518398616 951029 0.07 120
96 0.11092798810185836 960679 0.07 120
97 0.11063404176226797 970328 0.07 120
98 0.11034534430707707 979974 0.07 120
99 0.11006256252628704 989623 0.07 120
