0 0.9563048265464513 17669 0.06 200
1 0.5884538846682272 35301 0.06 200
2 0.4144495385255585 52886 0.06 200
3 0.3355931297055338 70435 0.06 200
4 0.2890842648582328 87950 0.06 200
5 0.25890511802424493 105440 0.06 200
6 0.23819898217130508 122906 0.06 200
7 0.22352375759220453 140346 0.06 200
8 0.21257349872168124 157761 0.06 200
9 0.2039064852661278 175158 0.06 200
10 0.1967588854873664 192530 0.06 200
11 0.19073613942225542 209881 0.06 200
12 0.18558789443395324 227209 0.06 200
13 0.18111802557623116 244517 0.06 200
14 0.17717183997719052 261809 0.06 200
15 0.17364011036529758 279080 0.06 200
16 0.17045430568916256 296329 0.06 200
17 0.16757233934219953 313561 0.06 200
18 0.16496326842966122 330774 0.06 200
19 0.16259769470391755 347970 0.06 200
20 0.1604451150185219 365147 0.06 200
21 0.1584756973030258 382305 0.06 200
22 0.15666316675801967 399447 0.06 200
23 0.15498655441567707 416573 0.06 200
24 0.1534301227477535 433683 0.06 200
25 0.1519819430191049 450774 0.06 200
26 0.15063204569674257 467850 0.06 200
27 0.14937093328020484 484912 0.06 200
28 0.14818884865539184 501958 0.06 200
29 0.14707580145756768 518985 0.06 200
30 0.14602210795416104 535997 0.06 200
31 0.14501911586887248 552998 0.06 200
32 0.1440598189778831 569986 0.06 200
33 0.14313916173960078 586957 0.06 200
34 0.14225395396801482 603915 0.06 200
35 0.14140243665914967 620861 0.06 200
36 0.140583638813516 637796 0.06 200
37 0.13979671381851425 654713 0.06 200
38 0.13904042689949703 671626 0.06 200
39 0.13831289363918406 688518 0.06 200
40 0.13761157721306733 705406 0.06 200
41 0.13693347585567459 722286 0.06 200
42 0.1362753967368562 739150 0.06 200
43 0.135634221945007 756004 0.06 200
44 0.13500711048529052 772839 0.06 200
45 0.13439162242931862 789670 0.06 200
46 0.13378577972321973 806490 0.06 200
47 0.13318808785204925 823295 0.06 200
48 0.13259753837028238 840088 0.06 200
49 0.13201360235610152 856876 0.06 200
50 0.13143621582644438 873654 0.06 200
51 0.13086575334483036 890419 0.06 200
52 0.13030298563375375 907175 0.06 200
53 0.12974901943678835 923925 0.06 200
54 0.1292052213480489 940668 0.06 200
55 0.12867313049268692 957396 0.06 200
56 0.1281543669155103 974115 0.06 200
57 0.12765054276792767 990831 0.06 200
58 0.12716318205194424 1007538 0.06 200
59 0.1266936527808652 1024525 0.06 200
60 0.1262431137969105 1041219 0.06 200
61 0.12581247709185156 1057898 0.06 200
62 0.1254023849241743 1074580 0.06 200
63 0.12501319945797473 1091250 0.06 200
64 0.12464500177054598 1107905 0.06 200
65 0.12429759750863399 1124554 0.06 200
66 0.1239705279714396 1141197 0.06 200
67 0.12366308669760345 1157835 0.06 200
68 0.12337434162721178 1174468 0.06 200
69 0.12310316199359368 1191087 0.06 200
70 0.12284824857008012 1207704 0.06 200
71 0.12260816626342791 1224310 0.06 200
72 0.12238137874862455 1240914 0.06 200
73 0.12216628519023302 1257519 0.06 200
74 0.12196125885348182 1274108 0.06 200
75 0.12176468672915954 1290686 0.06 200
76 0.1215750085178684 1307262 0.06 200
77 0.12139075279075848 1323840 0.06 200
78 0.12121056808764819 1340397 0.06 200
79 0.12103324714450897 1356953 0.06 200
80 0.12085774319757694 1373497 0.06 200
81 0.1206831781632605 1390041 0.06 200
82 0.120508843259124 1406579 0.06 200
83 0.12033419321210129 1423116 0.06 200
84 0.12015883555525261 1439636 0.06 200
85 0.11998251663547253 1456150 0.06 200
86 0.11980510586737163 1472658 0.06 200
87 0.11962657954069156 1489172 0.06 200
88 0.11944700520970367 1505670 0.06 200
89 0.11926652743314017 1522159 0.06 200
90 0.11908535541470085 1538645 0.06 200
91 0.11890375289885931 1555135 0.06 200
92 0.11872203047728529 1571610 0.06 200
93 0.11854054024942012 1588076 0.06 200
94 0.11835967257360663 1604536 0.06 200
95 0.11817985447202717 1621004 0.06 200
96 0.1180015491374687 1637456 0.06 200
97 0.11782525594013744 1653900 0.06 200
98 0.11765151033836087 1670339 0.06 200
99 0.11748088313571198 1686771 0.06 200
