0 0.9548085931361477 15902 0.02 180
1 0.9424155472726 31779 0.02 180
2 0.8995026190270977 47716 0.02 180
3 0.8227085794915042 63694 0.02 180
4 0.7048778473127316 79671 0.02 180
5 0.6176342606743056 95633 0.02 180
6 0.5620819297452868 111582 0.02 180
7 0.5186027402163164 127521 0.02 180
8 0.48083279307625165 143446 0.02 180
9 0.4489375664574051 159360 0.02 180
10 0.42227863203978716 175269 0.02 180
11 0.3997807493348067 191161 0.02 180
12 0.380718125312209 207042 0.02 180
13 0.36443448587305094 222915 0.02 180
14 0.35027765848669173 238771 0.02 180
15 0.33756537944935255 254617 0.02 180
16 0.325688238905591 270454 0.02 180
17 0.31430221199775643 286276 0.02 180
18 0.303405879047042 302096 0.02 180
19 0.29322345901853913 317898 0.02 180
20 0.2839894238509411 333706 0.02 180
21 0.2758026143499486 349492 0.02 180
22 0.2686196784089293 365266 0.02 180
23 0.2623211841643771 381031 0.02 180
24 0.2567708209906887 396791 0.02 180
25 0.25184440880852293 412539 0.02 180
26 0.2474382384711082 428279 0.02 180
27 0.2434688269021498 444015 0.02 180
28 0.23987003048495625 459740 0.02 180
29 0.23658945091856506 475457 0.02 180
30 0.23358491871806278 491171 0.02 180
31 0.2308216229195425 506874 0.02 180
32 0.22827014191603398 522571 0.02 180
33 0.22590525793856958 538265 0.02 180
34 0.22370525268611133 553948 0.02 180
35 0.2216514069260794 569627 0.02 180
36 0.21972754559190555 585297 0.02 180
37 0.2179195809623122 600960 0.02 180
38 0.21621507119145442 616621 0.02 180
39 0.21460283260376312 632270 0.02 180
40 0.21307263832360843 647914 0.02 180
41 0.21161501848954917 663555 0.02 180
42 0.21022115874822103 679187 0.02 180
43 0.20888287926428714 694812 0.02 180
44 0.20759266812373747 710436 0.02 180
45 0.20634374083930704 726049 0.02 180
46 0.2051301006717783 741657 0.02 180
47 0.20394658090223933 757265 0.02 180
48 0.20278885789681542 772860 0.02 180
49 0.20165343087187176 788456 0.02 180
50 0.20053756956142746 804040 0.02 180
51 0.19943923437957276 819619 0.02 180
52 0.19835697570866323 835197 0.02 180
53 0.1972898202473171 850763 0.02 180
54 0.19623715314823123 866325 0.02 180
55 0.19519860477663017 881886 0.02 180
56 0.19417395004643812 897436 0.02 180
57 0.19316302640037142 912983 0.02 180
58 0.19216567386864175 928528 0.02 180
59 0.19118169774436217 944064 0.02 180
60 0.1902108517694774 959595 0.02 180
61 0.18925283776894433 975126 0.02 180
62 0.1883073166660141 990646 0.02 180
63 0.18737392579617293 1006164 0.02 180
64 0.18645229822837597 1021674 0.02 180
65 0.18554208105771164 1037180 0.02 180
66 0.18464295096293065 1052685 0.02 180
67 0.18375462640469326 1068182 0.02 180
68 0.1828768765067236 1083674 0.02 180
69 0.18200952691029523 1099165 0.02 180
70 0.18115246284472317 1114652 0.02 180
71 0.18030562948701753 1130133 0.02 180
72 0.1794690295500864 1145617 0.02 180
73 0.17864271803854403 1161091 0.02 180
74 0.1778267942678567 1176562 0.02 180
75 0.17702139151603463 1192032 0.02 180
76 0.17622666498696196 1207496 0.02 180
77 0.1754427790193579 1222955 0.02 180
78 0.17466989460009766 1238414 0.02 180
79 0.17390815819633534 1253868 0.02 180
80 0.17315769271344772 1269320 0.02 180
81 0.17241859106098106 1284767 0.02 180
82 0.17169091243602916 1300222 0.02 180
83 0.1709746810855575 1315669 0.02 180
84 0.1702698870438618 1331117 0.02 180
85 0.16957648819108853 1346553 0.02 180
86 0.1688944129488848 1361989 0.02 180
87 0.16822356300294192 1377417 0.02 180
88 0.16756381558890673 1392845 0.02 180
89 0.16691502506204506 1408268 0.02 180
90 0.16627702365873337 1423695 0.02 180
91 0.1656496215226127 1439113 0.02 180
92 0.16503260619285834 1454536 0.02 180
93 0.16442574182846503 1469954 0.02 180
94 0.16382876847096206 1485364 0.02 180
95 0.1632414016343367 1500770 0.02 180
96 0.16266333246483625 1516181 0.02 180
97 0.16209422864553252 1531583 0.02 180
98 0.1615337361419923 1546983 0.02 180
99 0.1609814818057213 1562386 0.02 180
