0 0.8925798398560605 1774 0.08 20
1 0.7083428334507808 3521 0.08 20
2 0.5528674121920921 5232 0.08 20
3 0.4964236840588492 6902 0.08 20
4 0.4586449059020845 8541 0.08 20
5 0.4307601504575508 10154 0.08 20
6 0.40335912019055525 11744 0.08 20
7 0.3735471065529716 13318 0.08 20
8 0.3457382910729954 14878 0.08 20
9 0.3219894006948831 16430 0.08 20
10 0.30206234125061315 17974 0.08 20
11 0.28530477640423496 19513 0.08 20
12 0.2707725436455294 21047 0.08 20
13 0.2581626141128075 22580 0.08 20
14 0.24781656916115513 24110 0.08 20
15 0.2394979613134824 25640 0.08 20
16 0.23265332696736338 27167 0.08 20
17 0.22689518924877294 28696 0.08 20
18 0.22183395920942428 30226 0.08 20
19 0.2172582372985636 31756 0.08 20
20 0.2131410905807544 33283 0.08 20
21 0.2094543008991838 34809 0.08 20
22 0.20608838937209933 36335 0.08 20
23 0.202933121733234 37861 0.08 20
24 0.19994412635375053 39385 0.08 20
25 0.1971221792811448 40909 0.08 20
26 0.19447554088136096 42432 0.08 20
27 0.19202906737814796 43953 0.08 20
28 0.18980864553243895 45474 0.08 20
29 0.1878261387425619 46994 0.08 20
30 0.18609381685932092 48512 0.08 20
31 0.18462739009166546 50029 0.08 20
32 0.18342052882006496 51545 0.08 20
33 0.18242545593222478 53060 0.08 20
34 0.18155780153320258 54574 0.08 20
35 0.18076581859905638 56095 0.08 20
36 0.18008133171950738 57607 0.08 20
37 0.17952953186467302 59117 0.08 20
38 0.17907505370296384 60627 0.08 20
39 0.17868223939250963 62136 0.08 20
40 0.17834344636827953 63644 0.08 20
41 0.17805690648312802 65152 0.08 20
42 0.1778175145509915 66660 0.08 20
43 0.17762142327661984 68166 0.08 20
44 0.17745946595579512 69671 0.08 20
45 0.17732323813735 71176 0.08 20
46 0.17721370619057666 72679 0.08 20
47 0.17713575318331226 74182 0.08 20
48 0.17708618141235735 75683 0.08 20
49 0.17705096818933386 77184 0.08 20
50 0.1770137026691499 78684 0.08 20
51 0.17696273687516406 80183 0.08 20
52 0.17689345860245878 81681 0.08 20
53 0.17680687574131468 83179 0.08 20
54 0.17670534259866075 84676 0.08 20
55 0.17659054629854457 86173 0.08 20
56 0.17646495730968592 87670 0.08 20
57 0.17633325813175352 89166 0.08 20
58 0.17620239267598092 90660 0.08 20
59 0.176080060184678 92154 0.08 20
60 0.17597097870742917 93648 0.08 20
61 0.1758721629437269 95141 0.08 20
62 0.17577204775722274 96632 0.08 20
63 0.1756551630554092 98124 0.08 20
64 0.17550996322996198 99615 0.08 20
65 0.17533584186975218 101108 0.08 20
66 0.17514516880524877 102603 0.08 20
67 0.174959381036986 104093 0.08 20
68 0.174801999910907 105583 0.08 20
69 0.17469123785821142 107073 0.08 20
70 0.17463412139094286 108563 0.08 20
71 0.1746238777758627 110052 0.08 20
72 0.1746392184808803 111541 0.08 20
73 0.1746494052486965 113031 0.08 20
74 0.17462773565478934 114520 0.08 20
75 0.17455961088616084 116008 0.08 20
76 0.17444055405630265 117496 0.08 20
77 0.17427548852994496 118985 0.08 20
78 0.17408406216886482 120473 0.08 20
79 0.17390000912141018 121961 0.08 20
80 0.1737578235431851 123448 0.08 20
81 0.17368509069043803 124936 0.08 20
82 0.17370644525397283 126424 0.08 20
83 0.17383161537008537 127919 0.08 20
84 0.1740347166374626 129408 0.08 20
85 0.17427483619205825 130896 0.08 20
86 0.1745363424141543 132384 0.08 20
87 0.1748128360010386 133873 0.08 20
88 0.17505771799544528 135362 0.08 20
89 0.17521124722094122 136850 0.08 20
90 0.1752650680064962 138339 0.08 20
91 0.17526786663687563 139828 0.08 20
92 0.1752700584994396 141317 0.08 20
93 0.17528966480304378 142806 0.08 20
94 0.17533510061857788 144295 0.08 20
95 0.17541005258075743 145783 0.08 20
96 0.1755112897508262 147272 0.08 20
97 0.17563996382488772 148762 0.08 20
98 0.17580198657744422 150250 0.08 20
99 0.1759932062941351 151738 0.08 20
