0 0.9496389216987441 1774 0.05 20
1 0.8520676692879943 3545 0.05 20
2 0.7633736752767096 5302 0.05 20
3 0.6572194112685 7031 0.05 20
4 0.5669875861536224 8739 0.05 20
5 0.512792200664834 10427 0.05 20
6 0.4818748059817792 12097 0.05 20
7 0.45627108755566814 13750 0.05 20
8 0.4326879129633024 15386 0.05 20
9 0.4141592427535312 17007 0.05 20
10 0.3983630799592272 18617 0.05 20
11 0.38336369212836807 20219 0.05 20
12 0.3685584107703197 21811 0.05 20
13 0.3539211081933728 23397 0.05 20
14 0.339881260082293 24975 0.05 20
15 0.3269886448946697 26549 0.05 20
16 0.31538100674729014 28119 0.05 20
17 0.30504365351933893 29685 0.05 20
18 0.29599731862902096 31249 0.05 20
19 0.28813581713418557 32816 0.05 20
20 0.2812565017826562 34375 0.05 20
21 0.27515964185101544 35933 0.05 20
22 0.2696494249342319 37489 0.05 20
23 0.2645362371827546 39043 0.05 20
24 0.2596564189476187 40595 0.05 20
25 0.2548792019484836 42146 0.05 20
26 0.25012294460658635 43695 0.05 20
27 0.24537579618682726 45248 0.05 20
28 0.24068194657679848 46796 0.05 20
29 0.23610267601890428 48343 0.05 20
30 0.23169526660835923 49890 0.05 20
31 0.22751625515039273 51436 0.05 20
32 0.22362217702592765 52982 0.05 20
33 0.2200576700499707 54527 0.05 20
34 0.21683393562452857 56073 0.05 20
35 0.213941498003341 57618 0.05 20
36 0.21135712385021804 59163 0.05 20
37 0.20902100447030836 60707 0.05 20
38 0.20685677885442488 62252 0.05 20
39 0.20480841589425672 63796 0.05 20
40 0.20286336317119852 65340 0.05 20
41 0.20103815291497146 66884 0.05 20
42 0.19935191073330066 68428 0.05 20
43 0.19781662915785272 69971 0.05 20
44 0.19643479751150728 71514 0.05 20
45 0.19519372423535022 73056 0.05 20
46 0.1940672267806793 74598 0.05 20
47 0.19302715347996088 76140 0.05 20
48 0.19205337831413538 77682 0.05 20
49 0.19113739144808894 79223 0.05 20
50 0.19027924836254204 80764 0.05 20
51 0.18947868085054664 82305 0.05 20
52 0.1887289895464809 83845 0.05 20
53 0.18802132911141994 85384 0.05 20
54 0.1873496097015807 86924 0.05 20
55 0.18670923400401515 88462 0.05 20
56 0.18609470532193195 90000 0.05 20
57 0.1855001903098083 91537 0.05 20
58 0.184921610621092 93075 0.05 20
59 0.1843567539828172 94610 0.05 20
60 0.18380278218823048 96145 0.05 20
61 0.18325653342428022 97679 0.05 20
62 0.18271741134969538 99212 0.05 20
63 0.18218736540813013 100745 0.05 20
64 0.1816686413970703 102277 0.05 20
65 0.18116225659271745 103833 0.05 20
66 0.1806678062497773 105369 0.05 20
67 0.18018399912914376 106899 0.05 20
68 0.17970925310132574 108428 0.05 20
69 0.1792420137833527 109956 0.05 20
70 0.17878093098259604 111483 0.05 20
71 0.17832517913098211 113010 0.05 20
72 0.1778749128206588 114537 0.05 20
73 0.17743160566766997 116062 0.05 20
74 0.17699807063811465 117587 0.05 20
75 0.17657810443696886 119111 0.05 20
76 0.17617585558848625 120635 0.05 20
77 0.17579514327336007 122158 0.05 20
78 0.17543892005791642 123680 0.05 20
79 0.17510893430324131 125202 0.05 20
80 0.17480561737722702 126724 0.05 20
81 0.17452825571704636 128245 0.05 20
82 0.1742754151698872 129765 0.05 20
83 0.17404543517933474 131288 0.05 20
84 0.1738367958991057 132808 0.05 20
85 0.17364826016779028 134327 0.05 20
86 0.1734787941834795 135845 0.05 20
87 0.17332735405971153 137363 0.05 20
88 0.17319267868059193 138880 0.05 20
89 0.17307321952821686 140397 0.05 20
90 0.17296726400713183 141914 0.05 20
91 0.17287320650871507 143430 0.05 20
92 0.17278986383942135 144946 0.05 20
93 0.1727167446022236 146462 0.05 20
94 0.1726542188289245 147977 0.05 20
95 0.1726035670940852 149492 0.05 20
96 0.1725669143463939 151007 0.05 20
97 0.17254707423515803 152521 0.05 20
98 0.17254730148056452 154035 0.05 20
99 0.1725708200452433 155548 0.05 20
