0 0.9601453826217952 14132 0.05 160
1 0.7579017788684138 28254 0.05 160
2 0.5125657523822068 42370 0.05 160
3 0.3993060746098793 56540 0.05 160
4 0.335608332193476 70688 0.05 160
5 0.29441460218395454 84811 0.05 160
6 0.2673952584493193 98914 0.05 160
7 0.24966876819774098 113000 0.05 160
8 0.23744321855185693 127113 0.05 160
9 0.22834476481243232 141166 0.05 160
10 0.22102576786734882 155204 0.05 160
11 0.2147720588120595 169227 0.05 160
12 0.20922737546810177 183235 0.05 160
13 0.2042185510936221 197233 0.05 160
14 0.19965788047380065 211213 0.05 160
15 0.19549268021156568 225184 0.05 160
16 0.19168063004811903 239135 0.05 160
17 0.18817971448671422 253080 0.05 160
18 0.1849463088864893 267009 0.05 160
19 0.18193699628603568 280927 0.05 160
20 0.17911139700676768 294828 0.05 160
21 0.17643432680578372 308722 0.05 160
22 0.17387659559078686 322599 0.05 160
23 0.17141478778120683 336467 0.05 160
24 0.16903075583904997 350321 0.05 160
25 0.16671128245952754 364163 0.05 160
26 0.16444793207275113 377994 0.05 160
27 0.16223686493026868 391815 0.05 160
28 0.1600783735289794 405623 0.05 160
29 0.15797603343723868 419420 0.05 160
30 0.1559355318996887 433213 0.05 160
31 0.15396336599197155 446990 0.05 160
32 0.15206564603632441 460763 0.05 160
33 0.15024719931136285 474520 0.05 160
34 0.14851107393041207 488273 0.05 160
35 0.14685843545232477 502011 0.05 160
36 0.14528876568231813 515744 0.05 160
37 0.14380023279550125 529463 0.05 160
38 0.14239010381108777 543177 0.05 160
39 0.1410551021782226 556878 0.05 160
40 0.13979165940095786 570573 0.05 160
41 0.13859605595333996 584254 0.05 160
42 0.1374644808988692 597928 0.05 160
43 0.1363930538275918 611593 0.05 160
44 0.13537784729762448 625250 0.05 160
45 0.13441493091153509 638898 0.05 160
46 0.13350043974435546 652540 0.05 160
47 0.1326306571289113 666173 0.05 160
48 0.13180209685810335 679799 0.05 160
49 0.13101157119879456 693422 0.05 160
50 0.1302562359419772 707035 0.05 160
51 0.12953360948088172 720644 0.05 160
52 0.1288415679196938 734241 0.05 160
53 0.1281783216391064 747836 0.05 160
54 0.12754238030477114 761433 0.05 160
55 0.12693251305987907 775016 0.05 160
56 0.1263477090347172 788586 0.05 160
57 0.12578714115661568 802155 0.05 160
58 0.12525013429902612 815713 0.05 160
59 0.12473613731967506 829271 0.05 160
60 0.1242446975334861 842816 0.05 160
61 0.12377543585418756 856355 0.05 160
62 0.12332802150323395 869888 0.05 160
63 0.12290214680417577 883416 0.05 160
64 0.12249750449199671 896938 0.05 160
65 0.12211377095242051 910455 0.05 160
66 0.12175059813464632 923969 0.05 160
67 0.12140761527420413 937475 0.05 160
68 0.12108443999026969 950979 0.05 160
69 0.12078069633304667 964486 0.05 160
70 0.12049603430076224 977980 0.05 160
71 0.1202301424218472 991463 0.05 160
72 0.11998274467870627 1004950 0.05 160
73 0.11975357687699698 1018438 0.05 160
74 0.11954234475239513 1031912 0.05 160
75 0.11934867371220678 1045377 0.05 160
76 0.11917206451215528 1058843 0.05 160
77 0.11901186816068807 1072300 0.05 160
78 0.118867287502408 1085792 0.05 160
79 0.11873740515361009 1099238 0.05 160
80 0.11862123103004002 1112680 0.05 160
81 0.11851775954490756 1126117 0.05 160
82 0.11842602676867842 1139550 0.05 160
83 0.11834516027477637 1152979 0.05 160
84 0.11827441746879598 1166404 0.05 160
85 0.11821321065202092 1179830 0.05 160
86 0.11816111840014613 1193253 0.05 160
87 0.11811788327990896 1206670 0.05 160
88 0.11808339606925093 1220076 0.05 160
89 0.11805766701216973 1233486 0.05 160
90 0.118040785454418 1246889 0.05 160
91 0.11803287039623503 1260288 0.05 160
92 0.11803401580426781 1273681 0.05 160
93 0.1180442356318429 1287072 0.05 160
94 0.11806341411318677 1300458 0.05 160
95 0.11809126678873692 1313839 0.05 160
96 0.11812731673909926 1327217 0.05 160
97 0.11817088865596284 1340592 0.05 160
98 0.11822112088415711 1353962 0.05 160
99 0.11827699291005402 1367328 0.05 160
