0 0.9582951587648479 14242 0.06 160
1 0.6056561116530272 28466 0.06 160
2 0.4201271088959131 42654 0.06 160
3 0.3326391308591034 56793 0.06 160
4 0.28443924911011803 70903 0.06 160
5 0.25597024537577684 84986 0.06 160
6 0.23842519608301405 99047 0.06 160
7 0.22647660333230807 113088 0.06 160
8 0.21746408540136092 127107 0.06 160
9 0.210098317165112 141106 0.06 160
10 0.20378442882766293 155085 0.06 160
11 0.19824171049498757 169047 0.06 160
12 0.19330897773557737 182992 0.06 160
13 0.18886626443628887 196920 0.06 160
14 0.18481256690011644 210929 0.06 160
15 0.18106237248944104 224822 0.06 160
16 0.17754621470577403 238696 0.06 160
17 0.17421137652036373 252556 0.06 160
18 0.17102205344722624 266401 0.06 160
19 0.16795848794152307 280228 0.06 160
20 0.1650144912044679 294037 0.06 160
21 0.1621933946271892 307833 0.06 160
22 0.15950331436597529 321611 0.06 160
23 0.1569529110407186 335378 0.06 160
24 0.15454847541624292 349129 0.06 160
25 0.1522925591865376 362865 0.06 160
26 0.1501838736062133 376587 0.06 160
27 0.1482179393927032 390295 0.06 160
28 0.1463879695717471 403990 0.06 160
29 0.14468563353038674 417671 0.06 160
30 0.14310158696427572 431339 0.06 160
31 0.14162583818440333 444995 0.06 160
32 0.1402480818533768 458641 0.06 160
33 0.1389580860998283 472278 0.06 160
34 0.13774614019087347 485899 0.06 160
35 0.13660351237405108 499506 0.06 160
36 0.13552284415754423 513107 0.06 160
37 0.13449840788543962 526699 0.06 160
38 0.13352616937504838 540278 0.06 160
39 0.1326036258441248 553844 0.06 160
40 0.1317294332316774 567401 0.06 160
41 0.13090289066223246 580947 0.06 160
42 0.13012339564241976 594482 0.06 160
43 0.1293899988280264 608008 0.06 160
44 0.1287011586921259 621525 0.06 160
45 0.12805473185381405 635031 0.06 160
46 0.12744816030627032 648530 0.06 160
47 0.12687876243734564 662019 0.06 160
48 0.1263440192654855 675500 0.06 160
49 0.1258417708057409 688977 0.06 160
50 0.12537028436354783 702441 0.06 160
51 0.12492820511815522 715902 0.06 160
52 0.12451443205169425 729356 0.06 160
53 0.12412797185435001 742800 0.06 160
54 0.12376781338120312 756235 0.06 160
55 0.12343284563795136 769664 0.06 160
56 0.1231218235328011 783082 0.06 160
57 0.12283337359611472 796497 0.06 160
58 0.12256602700053579 809903 0.06 160
59 0.12231826707024372 823304 0.06 160
60 0.12208858051605827 836695 0.06 160
61 0.12187550444021988 850080 0.06 160
62 0.12167766413297078 863458 0.06 160
63 0.12149379948739812 876830 0.06 160
64 0.12132278013294297 890305 0.06 160
65 0.12116361085625439 903665 0.06 160
66 0.12101542949497321 917019 0.06 160
67 0.12087749945476561 930369 0.06 160
68 0.12074919862790726 943715 0.06 160
69 0.12063000604752142 957053 0.06 160
70 0.12051948722424304 970388 0.06 160
71 0.12041727880296316 983715 0.06 160
72 0.12032307293324142 997040 0.06 160
73 0.12023660156566424 1010361 0.06 160
74 0.12015762077664877 1023676 0.06 160
75 0.12008589518810431 1036983 0.06 160
76 0.12002118257304588 1050283 0.06 160
77 0.11996321880207728 1063579 0.06 160
78 0.11991170337048244 1076869 0.06 160
79 0.11986628584162719 1090155 0.06 160
80 0.11982655364236013 1103435 0.06 160
81 0.1197920217363784 1116709 0.06 160
82 0.11976212475954581 1129982 0.06 160
83 0.11973621220495752 1143252 0.06 160
84 0.11971354718711402 1156516 0.06 160
85 0.11969330920376874 1169772 0.06 160
86 0.11967460116772814 1183027 0.06 160
87 0.11965646080600977 1196273 0.06 160
88 0.11963787631045042 1209519 0.06 160
89 0.11961780585531767 1222756 0.06 160
90 0.11959520026964635 1235993 0.06 160
91 0.11956902778871731 1249222 0.06 160
92 0.1195382994638718 1262447 0.06 160
93 0.11950209355563542 1275667 0.06 160
94 0.11945957714521847 1288883 0.06 160
95 0.11941002332707373 1302095 0.06 160
96 0.11935282270486315 1315304 0.06 160
97 0.11928748847137176 1328515 0.06 160
98 0.11921365503226551 1341714 0.06 160
99 0.11913107083311267 1354909 0.06 160
