0 0.6826366666024908 12348 0.1 140
1 0.3425372579845822 24607 0.1 140
2 0.2692579902394819 36795 0.1 140
3 0.24047346436879546 48914 0.1 140
4 0.22294508665911766 60965 0.1 140
5 0.21067957147146196 72975 0.1 140
6 0.20178190004674848 84928 0.1 140
7 0.1949715065957359 96827 0.1 140
8 0.18937666122263827 108680 0.1 140
9 0.18456218454904563 120492 0.1 140
10 0.1803590263068875 132266 0.1 140
11 0.1766988819011327 144006 0.1 140
12 0.17353376336253246 155707 0.1 140
13 0.17080771109909149 167373 0.1 140
14 0.16844670632712097 179008 0.1 140
15 0.16635764109935366 190612 0.1 140
16 0.16443902630399218 202192 0.1 140
17 0.16260175790847273 213739 0.1 140
18 0.1607868356284191 225264 0.1 140
19 0.1589686007898776 236758 0.1 140
20 0.15714544997729332 248228 0.1 140
21 0.15532713843094084 259679 0.1 140
22 0.15352518385686031 271103 0.1 140
23 0.15174807259328343 282531 0.1 140
24 0.15000020648387805 293912 0.1 140
25 0.14828277005036647 305273 0.1 140
26 0.14659509761164885 316614 0.1 140
27 0.14493585495168126 327939 0.1 140
28 0.14330382569472286 339250 0.1 140
29 0.14169831174144787 350545 0.1 140
30 0.1401192855722058 361820 0.1 140
31 0.13856746626986577 373080 0.1 140
32 0.13704440855367558 384327 0.1 140
33 0.13555257628292922 395567 0.1 140
34 0.13409531134248834 406790 0.1 140
35 0.13267663266416388 418008 0.1 140
36 0.13130087740315174 429210 0.1 140
37 0.12997226820571392 440404 0.1 140
38 0.12869451360759143 451595 0.1 140
39 0.12747052396867167 462772 0.1 140
40 0.1263022831907472 473947 0.1 140
41 0.1251908779259347 485110 0.1 140
42 0.12413665156329284 496266 0.1 140
43 0.12313942340560514 507415 0.1 140
44 0.12219870863918449 518590 0.1 140
45 0.12131388995544323 529733 0.1 140
46 0.12048430455808518 540864 0.1 140
47 0.11970921742743564 551989 0.1 140
48 0.11898767793425495 563108 0.1 140
49 0.11831830848114509 574240 0.1 140
50 0.11769911800018386 585355 0.1 140
51 0.11712743973684037 596460 0.1 140
52 0.11660006214470443 607559 0.1 140
53 0.11611356602116789 618655 0.1 140
54 0.11566481826229291 629747 0.1 140
55 0.1152515331190642 640838 0.1 140
56 0.11487281591558296 651920 0.1 140
57 0.11452965000889374 663005 0.1 140
58 0.11422535878976599 674080 0.1 140
59 0.11396608946672433 685149 0.1 140
60 0.11376105314127564 696221 0.1 140
61 0.1136212430737637 707284 0.1 140
62 0.1135543204399516 718348 0.1 140
63 0.11355560789199073 729402 0.1 140
64 0.11360206085910753 740453 0.1 140
65 0.11365780835542914 751502 0.1 140
66 0.11368799851560987 762545 0.1 140
67 0.11366830792333141 773589 0.1 140
68 0.11358588485782575 784628 0.1 140
69 0.11343896548363502 795659 0.1 140
70 0.11323799205384295 806703 0.1 140
71 0.11300094275012566 817726 0.1 140
72 0.1127441403920808 828749 0.1 140
73 0.11247759368250437 839763 0.1 140
74 0.1122056052031778 850779 0.1 140
75 0.11192956953820989 861786 0.1 140
76 0.11165028472660768 872787 0.1 140
77 0.1113688290303306 883792 0.1 140
78 0.11108662441977653 894787 0.1 140
79 0.11080528551094211 905784 0.1 140
80 0.11052645137769934 916771 0.1 140
81 0.11025164499430486 927756 0.1 140
82 0.10998217922707458 938742 0.1 140
83 0.10971911408289528 949720 0.1 140
84 0.10946325531819975 960701 0.1 140
85 0.10921517798894372 971675 0.1 140
86 0.10897525998738211 982646 0.1 140
87 0.10874371556135062 993614 0.1 140
88 0.10852062384535392 1004580 0.1 140
89 0.10830595128735898 1015547 0.1 140
90 0.10809956948728644 1026508 0.1 140
91 0.10790127161031571 1037466 0.1 140
92 0.1077107912660193 1048423 0.1 140
93 0.10752782740037153 1059377 0.1 140
94 0.10735207715469265 1070333 0.1 140
95 0.10718327588883851 1081284 0.1 140
96 0.10702124021384953 1092236 0.1 140
97 0.10686590697646042 1103184 0.1 140
98 0.10671735987870778 1114128 0.1 140
99 0.10657583658180984 1125071 0.1 140
