0 0.8623768471233515 3558 0.1 40
1 0.4487592407884437 7032 0.1 40
2 0.34127702859693765 10436 0.1 40
3 0.3025710888941906 13795 0.1 40
4 0.2761294527160633 17128 0.1 40
5 0.258637563052405 20432 0.1 40
6 0.24792231149068264 23716 0.1 40
7 0.24105155636696177 26981 0.1 40
8 0.23560693118107254 30230 0.1 40
9 0.22998145540992707 33465 0.1 40
10 0.2236797241025789 36688 0.1 40
11 0.21708628935693394 39901 0.1 40
12 0.21066431395204438 43103 0.1 40
13 0.20449467727564777 46297 0.1 40
14 0.19851235439905632 49480 0.1 40
15 0.19270001454990768 52658 0.1 40
16 0.18709663307577507 55832 0.1 40
17 0.18176893130596763 59000 0.1 40
18 0.1767886537283927 62162 0.1 40
19 0.17221545801648108 65321 0.1 40
20 0.16808399047828704 68476 0.1 40
21 0.1643972680858453 71636 0.1 40
22 0.16113101663017373 74788 0.1 40
23 0.15824693612694682 77938 0.1 40
24 0.15570506310677937 81087 0.1 40
25 0.15346858757765638 84234 0.1 40
26 0.15150337722734217 87381 0.1 40
27 0.14977775250249703 90526 0.1 40
28 0.14826368705536813 93672 0.1 40
29 0.1469356312880104 96818 0.1 40
30 0.14576570738691869 99963 0.1 40
31 0.1447196649329883 103108 0.1 40
32 0.14375732206620692 106257 0.1 40
33 0.14283758816201633 109407 0.1 40
34 0.1419239196545359 112553 0.1 40
35 0.14098708882754166 115699 0.1 40
36 0.1400067115148267 118846 0.1 40
37 0.1389740215917125 121993 0.1 40
38 0.1378955223712608 125145 0.1 40
39 0.1367913339716088 128293 0.1 40
40 0.1356861585322838 131444 0.1 40
41 0.13460094800887995 134594 0.1 40
42 0.13354895313896928 137745 0.1 40
43 0.13253513323995642 140897 0.1 40
44 0.13156028899971248 144048 0.1 40
45 0.13062735187693145 147200 0.1 40
46 0.1297436238614232 150353 0.1 40
47 0.12891727228985322 153508 0.1 40
48 0.12815140066455405 156662 0.1 40
49 0.1274428900111983 159832 0.1 40
50 0.1267875537243885 162993 0.1 40
51 0.12618376069130724 166151 0.1 40
52 0.12563132745674485 169309 0.1 40
53 0.12512892171274723 172468 0.1 40
54 0.12467283142907738 175627 0.1 40
55 0.12425661770147425 178788 0.1 40
56 0.12387290279531654 181949 0.1 40
57 0.12351998691473269 185111 0.1 40
58 0.12320892072443171 188274 0.1 40
59 0.12295497757237173 191439 0.1 40
60 0.12274873903476184 194604 0.1 40
61 0.12255996738469523 197770 0.1 40
62 0.12237811451805354 200937 0.1 40
63 0.12220570028482237 204106 0.1 40
64 0.12202654160210342 207275 0.1 40
65 0.12183273053868819 210444 0.1 40
66 0.12164740789204374 213615 0.1 40
67 0.12147591889675725 216791 0.1 40
68 0.12130827923219621 219965 0.1 40
69 0.12122203369003168 223140 0.1 40
70 0.1213360329557922 226315 0.1 40
71 0.12171901550958009 229494 0.1 40
72 0.1224102184839363 232672 0.1 40
73 0.12334988660413722 235855 0.1 40
74 0.12441549812178158 239033 0.1 40
75 0.1255792132004174 242212 0.1 40
76 0.12686822406564482 245391 0.1 40
77 0.12827320171103535 248571 0.1 40
78 0.12980913534978272 251750 0.1 40
79 0.13150479925430386 254931 0.1 40
80 0.13330551963746232 258112 0.1 40
81 0.13506321517232653 261293 0.1 40
82 0.13642604708955716 264474 0.1 40
83 0.13721391564117877 267655 0.1 40
84 0.1378128965443224 270842 0.1 40
85 0.13855120215066827 274026 0.1 40
86 0.13917270346469499 277209 0.1 40
87 0.1395882828847136 280393 0.1 40
88 0.13929982499693122 283578 0.1 40
89 0.1383201553612159 286763 0.1 40
90 0.13706845471601528 289953 0.1 40
91 0.13585118875917548 293140 0.1 40
92 0.1348414562335565 296328 0.1 40
93 0.1340924011222131 299517 0.1 40
94 0.13360050974000126 302706 0.1 40
95 0.1333477984196146 305896 0.1 40
96 0.1333112514043285 309087 0.1 40
97 0.133453891277496 312279 0.1 40
98 0.1337155517548679 315471 0.1 40
99 0.13402710947551102 318663 0.1 40
