0 0.7901511051497376 5284 0.1 60
1 0.40552242689503903 10505 0.1 60
2 0.3182253960307602 15640 0.1 60
3 0.28541045268810017 20715 0.1 60
4 0.2653987990011123 25751 0.1 60
5 0.25041785391046284 30754 0.1 60
6 0.23745743271540082 35729 0.1 60
7 0.22538283790512806 40684 0.1 60
8 0.21423846778262995 45619 0.1 60
9 0.20424218160979601 50545 0.1 60
10 0.19552636300830115 55457 0.1 60
11 0.188131834156361 60352 0.1 60
12 0.1819727610944221 65238 0.1 60
13 0.1768583737030054 70120 0.1 60
14 0.1725599780673215 74991 0.1 60
15 0.16887357616548937 79853 0.1 60
16 0.16564381062127384 84710 0.1 60
17 0.16275949854190389 89563 0.1 60
18 0.16014252201472123 94410 0.1 60
19 0.15773771188972238 99251 0.1 60
20 0.15550503155262438 104086 0.1 60
21 0.15341485506745847 108920 0.1 60
22 0.15144616475737666 113750 0.1 60
23 0.1495860099825377 118575 0.1 60
24 0.1478284334021687 123396 0.1 60
25 0.1461721858063002 128215 0.1 60
26 0.14461775150100567 133036 0.1 60
27 0.14316472992879323 137856 0.1 60
28 0.14181034541524004 142667 0.1 60
29 0.1405492130835182 147477 0.1 60
30 0.13937398666200168 152290 0.1 60
31 0.13827635724283577 157097 0.1 60
32 0.137247980992327 161904 0.1 60
33 0.136281121075342 166709 0.1 60
34 0.13536896969142928 171512 0.1 60
35 0.13450571896805136 176314 0.1 60
36 0.1336864761980434 181116 0.1 60
37 0.13290709381121113 185918 0.1 60
38 0.13216393985399782 190722 0.1 60
39 0.13145360648644605 195521 0.1 60
40 0.13077256547611102 200319 0.1 60
41 0.13011681912986436 205117 0.1 60
42 0.12948163029684015 209915 0.1 60
43 0.1288614505208968 214717 0.1 60
44 0.1282502129915188 219520 0.1 60
45 0.12764209076184266 224316 0.1 60
46 0.1270325216993287 229112 0.1 60
47 0.1264190242008241 233914 0.1 60
48 0.12580140341702492 238709 0.1 60
49 0.12518129097253616 243504 0.1 60
50 0.12456128398475023 248299 0.1 60
51 0.12394407656586949 253094 0.1 60
52 0.12333188611879099 257891 0.1 60
53 0.12272627084355406 262688 0.1 60
54 0.12212825488104473 267483 0.1 60
55 0.12153859922787637 272284 0.1 60
56 0.12095808018426409 277079 0.1 60
57 0.12038771696926398 281874 0.1 60
58 0.11982895812046772 286670 0.1 60
59 0.11928384434109265 291465 0.1 60
60 0.11875511022451817 296265 0.1 60
61 0.11824609146681082 301066 0.1 60
62 0.1177602337505075 305864 0.1 60
63 0.11730011962862348 310659 0.1 60
64 0.11686638062237785 315460 0.1 60
65 0.1164573188343052 320256 0.1 60
66 0.11606973027831166 325051 0.1 60
67 0.11570033203632814 329864 0.1 60
68 0.1153467170528919 334665 0.1 60
69 0.11500745901302917 339467 0.1 60
70 0.11468176491106467 344269 0.1 60
71 0.11436916568483223 349070 0.1 60
72 0.11406949652475577 353871 0.1 60
73 0.11378323414869045 358673 0.1 60
74 0.11351203325050599 363476 0.1 60
75 0.11325897413893882 368278 0.1 60
76 0.11302802165355949 373077 0.1 60
77 0.11282292214725279 377880 0.1 60
78 0.11264657583707954 382679 0.1 60
79 0.11250145057565042 387477 0.1 60
80 0.11239036982653754 392274 0.1 60
81 0.11231712808582982 397071 0.1 60
82 0.1122877847279924 401868 0.1 60
83 0.11231410690104608 406664 0.1 60
84 0.11241887309910133 411460 0.1 60
85 0.11263801415855274 416255 0.1 60
86 0.11301206412040156 421050 0.1 60
87 0.11356637261134127 425846 0.1 60
88 0.11428797638560131 430640 0.1 60
89 0.11511296318920268 435434 0.1 60
90 0.1159388790031644 440230 0.1 60
91 0.1166595259675344 445026 0.1 60
92 0.11720035224841634 449824 0.1 60
93 0.11753469679744807 454616 0.1 60
94 0.11767724770462971 459408 0.1 60
95 0.11766519095136913 464199 0.1 60
96 0.11754170789072269 468991 0.1 60
97 0.11734774524301848 473782 0.1 60
98 0.11711946281356424 478573 0.1 60
99 0.11688655232705031 483363 0.1 60
