0 0.8291714157687702 1767 0.1 20
1 0.5926123331347065 3490 0.1 20
2 0.5044342345130953 5161 0.1 20
3 0.457393221460217 6792 0.1 20
4 0.41737145457710206 8387 0.1 20
5 0.37762896027585824 9956 0.1 20
6 0.3469682042859374 11504 0.1 20
7 0.3223693906666157 13037 0.1 20
8 0.3009214475071783 14559 0.1 20
9 0.2825007620062157 16073 0.1 20
10 0.26846897949032417 17583 0.1 20
11 0.25845135953971204 19090 0.1 20
12 0.251228961670987 20596 0.1 20
13 0.24517658425737782 22100 0.1 20
14 0.2395184951642831 23603 0.1 20
15 0.2340871148320719 25106 0.1 20
16 0.2288743680896355 26606 0.1 20
17 0.22385145239918086 28104 0.1 20
18 0.21911373702100242 29601 0.1 20
19 0.21487950365539313 31096 0.1 20
20 0.21119198053147245 32589 0.1 20
21 0.20793517805717363 34080 0.1 20
22 0.20500914594434275 35570 0.1 20
23 0.2023750094050576 37058 0.1 20
24 0.1999594135186676 38544 0.1 20
25 0.19763258525615734 40036 0.1 20
26 0.19525888898298935 41520 0.1 20
27 0.19275588860603762 43003 0.1 20
28 0.19005874076610732 44485 0.1 20
29 0.1871961194047193 45966 0.1 20
30 0.1843503805004319 47447 0.1 20
31 0.18170762484659017 48927 0.1 20
32 0.17936897399940793 50407 0.1 20
33 0.17729135857453152 51885 0.1 20
34 0.17539736831171412 53362 0.1 20
35 0.17364695476169376 54840 0.1 20
36 0.17201940293022008 56317 0.1 20
37 0.17052668471930207 57793 0.1 20
38 0.1692291762006459 59269 0.1 20
39 0.16820676900142412 60745 0.1 20
40 0.16741199347515828 62221 0.1 20
41 0.16673124087627336 63701 0.1 20
42 0.16604189028603972 65182 0.1 20
43 0.165319065941802 66658 0.1 20
44 0.16456847614713177 68134 0.1 20
45 0.16379225594677507 69610 0.1 20
46 0.16300370874432088 71086 0.1 20
47 0.1622437716888168 72562 0.1 20
48 0.161534243824257 74038 0.1 20
49 0.1608540037730348 75514 0.1 20
50 0.16023809592607705 76990 0.1 20
51 0.1597485063462372 78465 0.1 20
52 0.1593820319004007 79940 0.1 20
53 0.15909262008922426 81415 0.1 20
54 0.15882738570143334 82890 0.1 20
55 0.15856946928428442 84364 0.1 20
56 0.1583480878085565 85838 0.1 20
57 0.15815959742556668 87311 0.1 20
58 0.1579562538762833 88784 0.1 20
59 0.15768992079454847 90256 0.1 20
60 0.15734234241035192 91729 0.1 20
61 0.1569285058632553 93201 0.1 20
62 0.15647238964431665 94672 0.1 20
63 0.15598578476842628 96143 0.1 20
64 0.15546316238435812 97614 0.1 20
65 0.1548833619744958 99086 0.1 20
66 0.15422862450555663 100558 0.1 20
67 0.15353284770420642 102029 0.1 20
68 0.15281487419841658 103501 0.1 20
69 0.15209542785378613 104973 0.1 20
70 0.1514647384118479 106446 0.1 20
71 0.1508666653507979 107919 0.1 20
72 0.1501409458332462 109393 0.1 20
73 0.14918379295707507 110869 0.1 20
74 0.14818101844820378 112345 0.1 20
75 0.14735689904987945 113822 0.1 20
76 0.146719412526487 115300 0.1 20
77 0.14634694011425492 116778 0.1 20
78 0.14624037638678158 118258 0.1 20
79 0.146250254485251 119739 0.1 20
80 0.1463268238303095 121220 0.1 20
81 0.14627439964995334 122702 0.1 20
82 0.1460017534227645 124186 0.1 20
83 0.14563516754743683 125677 0.1 20
84 0.1452963275589225 127160 0.1 20
85 0.1450632683367172 128644 0.1 20
86 0.14495021835313726 130127 0.1 20
87 0.14490859440652812 131610 0.1 20
88 0.14486114829788052 133093 0.1 20
89 0.14474396131883632 134576 0.1 20
90 0.1445460130722494 136059 0.1 20
91 0.1442924635273576 137540 0.1 20
92 0.14401020655471075 139022 0.1 20
93 0.14372303324148356 140502 0.1 20
94 0.14345359576033528 141983 0.1 20
95 0.14322410976567093 143462 0.1 20
96 0.1430568434511451 144942 0.1 20
97 0.14297135602792185 146427 0.1 20
98 0.14297361842510994 147905 0.1 20
99 0.1430449558842096 149383 0.1 20
