0 0.6888980973753824 8835 0.1 100
1 0.3582715601056737 17585 0.1 100
2 0.27796370786463803 26255 0.1 100
3 0.24561859616142306 34879 0.1 100
4 0.2283163551533375 43449 0.1 100
5 0.2168847291837439 51979 0.1 100
6 0.20833256832094366 60477 0.1 100
7 0.20140744904913957 68932 0.1 100
8 0.1956105987876792 77351 0.1 100
9 0.19064288535254081 85737 0.1 100
10 0.18625962693462417 94099 0.1 100
11 0.18228241023954095 102425 0.1 100
12 0.17857739260010974 110728 0.1 100
13 0.17503863050554544 118998 0.1 100
14 0.1715875616412898 127244 0.1 100
15 0.16817651040759876 135465 0.1 100
16 0.16479266660684114 143667 0.1 100
17 0.161456346966101 151855 0.1 100
18 0.15820796135682863 160023 0.1 100
19 0.15508851103828217 168167 0.1 100
20 0.15212479084955674 176295 0.1 100
21 0.14932560412438933 184407 0.1 100
22 0.14668640797042282 192506 0.1 100
23 0.14419623237017115 200599 0.1 100
24 0.14184288168931822 208677 0.1 100
25 0.13961562096706373 216744 0.1 100
26 0.13750609635010244 224802 0.1 100
27 0.13550837739721272 232852 0.1 100
28 0.13361867016306694 240905 0.1 100
29 0.1318349392366608 248946 0.1 100
30 0.1301565019506264 256976 0.1 100
31 0.1285835884898057 265006 0.1 100
32 0.1271168653997198 273025 0.1 100
33 0.12575695608959447 281042 0.1 100
34 0.12450400711901118 289052 0.1 100
35 0.1233573273194063 297063 0.1 100
36 0.12231510524475403 305076 0.1 100
37 0.1213742209907967 313075 0.1 100
38 0.12053018918197357 321071 0.1 100
39 0.11977726080732849 329063 0.1 100
40 0.11910866926983663 337057 0.1 100
41 0.11851696220473629 345044 0.1 100
42 0.11799434528702545 353026 0.1 100
43 0.11753298133268676 361005 0.1 100
44 0.11712522054363572 368981 0.1 100
45 0.11676376701575861 376954 0.1 100
46 0.11644180341319223 384929 0.1 100
47 0.1161530992121535 392895 0.1 100
48 0.11589212051101695 400862 0.1 100
49 0.11565414478680411 408822 0.1 100
50 0.1154353683229707 416786 0.1 100
51 0.11523298455572507 424740 0.1 100
52 0.11504521247269486 432697 0.1 100
53 0.11487126441752538 440645 0.1 100
54 0.11471125670902427 448591 0.1 100
55 0.114566078401318 456533 0.1 100
56 0.11443724074066464 464472 0.1 100
57 0.11432673291462381 472415 0.1 100
58 0.11423690865504534 480351 0.1 100
59 0.11417042043963722 488281 0.1 100
60 0.11413019851306774 496209 0.1 100
61 0.11411943596531864 504145 0.1 100
62 0.11414148843625771 512067 0.1 100
63 0.11419953972167776 519993 0.1 100
64 0.11429585480725062 527910 0.1 100
65 0.11443050323662714 535824 0.1 100
66 0.1145997017113218 543735 0.1 100
67 0.11479444235219845 551643 0.1 100
68 0.11500045756462803 559559 0.1 100
69 0.11520013535514173 567462 0.1 100
70 0.11537576636266443 575377 0.1 100
71 0.11551248983478407 583273 0.1 100
72 0.11559960515886712 591168 0.1 100
73 0.11563042677556952 599059 0.1 100
74 0.11560186290622318 606949 0.1 100
75 0.1155144386455932 614841 0.1 100
76 0.11537251099578745 622728 0.1 100
77 0.11518396700828133 630610 0.1 100
78 0.11495905418223293 638499 0.1 100
79 0.11470867213822039 646376 0.1 100
80 0.1144427626371492 654251 0.1 100
81 0.11416927831606594 662165 0.1 100
82 0.11389389824126965 670076 0.1 100
83 0.11362037262138155 677989 0.1 100
84 0.11335117830127779 685894 0.1 100
85 0.11308814067430985 693798 0.1 100
86 0.11283283197960313 701700 0.1 100
87 0.11258674425563016 709600 0.1 100
88 0.11235132732431484 717502 0.1 100
89 0.11212797619808333 725400 0.1 100
90 0.111918011174706 733294 0.1 100
91 0.111722661676949 741185 0.1 100
92 0.11154305125414211 749076 0.1 100
93 0.11138018030808443 756964 0.1 100
94 0.11123490758501246 764857 0.1 100
95 0.1111079357415989 772743 0.1 100
96 0.11099980718673612 780627 0.1 100
97 0.11091091348192021 788510 0.1 100
98 0.1108415167445089 796397 0.1 100
99 0.11079177737682762 804276 0.1 100
