0 0.6121933258227177 15860 0.1 180
1 0.34118444982374835 31582 0.1 180
2 0.2689894423870626 47195 0.1 180
3 0.23739974657554844 62731 0.1 180
4 0.21743507713431787 78207 0.1 180
5 0.20262102719023403 93621 0.1 180
6 0.19140880878294236 108983 0.1 180
7 0.1828658026145726 124301 0.1 180
8 0.1762848353395063 139569 0.1 180
9 0.17116763912010452 154801 0.1 180
10 0.16714661636509334 169984 0.1 180
11 0.16395015282543576 185131 0.1 180
12 0.1613858815885418 200242 0.1 180
13 0.15932000525950202 215309 0.1 180
14 0.1576568430699633 230341 0.1 180
15 0.15632225634639896 245343 0.1 180
16 0.15525208034114588 260305 0.1 180
17 0.1543860552919965 275233 0.1 180
18 0.15366627962931803 290133 0.1 180
19 0.15303812303883987 304996 0.1 180
20 0.15245195663165234 319828 0.1 180
21 0.1518650188763694 334637 0.1 180
22 0.15124330687648296 349409 0.1 180
23 0.1505632242388784 364160 0.1 180
24 0.14981225241751242 378875 0.1 180
25 0.1489879373389916 393582 0.1 180
26 0.14809526091924707 408250 0.1 180
27 0.1471433935549118 422889 0.1 180
28 0.14614304755385113 437505 0.1 180
29 0.14510503220070847 452104 0.1 180
30 0.14403980649723191 466674 0.1 180
31 0.14295746618438518 481225 0.1 180
32 0.1418677339741747 495760 0.1 180
33 0.14077982316049625 510272 0.1 180
34 0.13970224644237952 524765 0.1 180
35 0.13864267760599544 539245 0.1 180
36 0.13760790154256064 553702 0.1 180
37 0.1366038021939504 568145 0.1 180
38 0.13563531494328365 582582 0.1 180
39 0.1347063168845293 597001 0.1 180
40 0.13381948534750004 611409 0.1 180
41 0.1329761723829553 625798 0.1 180
42 0.1321763335525604 640173 0.1 180
43 0.1314185459686564 654540 0.1 180
44 0.130700150907226 668890 0.1 180
45 0.13001753767187893 683228 0.1 180
46 0.12936654310251186 697560 0.1 180
47 0.128742896738838 711869 0.1 180
48 0.12814262265034185 726167 0.1 180
49 0.12756232673710793 740460 0.1 180
50 0.12699934210226974 754738 0.1 180
51 0.12645175075891707 769007 0.1 180
52 0.12591832505317221 783287 0.1 180
53 0.12539842956864414 797537 0.1 180
54 0.12489190536248683 811784 0.1 180
55 0.12439894244089088 826016 0.1 180
56 0.12391994408549899 840242 0.1 180
57 0.12345539356301342 854462 0.1 180
58 0.1230057387559493 868668 0.1 180
59 0.12257130750444367 882866 0.1 180
60 0.12215225856291774 897061 0.1 180
61 0.12174856570544243 911244 0.1 180
62 0.12136002867348085 925417 0.1 180
63 0.12098630369601798 939589 0.1 180
64 0.12062694620744287 953746 0.1 180
65 0.12028145806585723 967897 0.1 180
66 0.11994933142677217 982038 0.1 180
67 0.1196300823814542 996172 0.1 180
68 0.11932326987698952 1010302 0.1 180
69 0.11902849874183251 1024450 0.1 180
70 0.11874540883603055 1038561 0.1 180
71 0.11847365459959737 1052671 0.1 180
72 0.11821288026080308 1066783 0.1 180
73 0.11796269580335414 1080875 0.1 180
74 0.11772265778720604 1094961 0.1 180
75 0.11749225758932892 1109038 0.1 180
76 0.11727091787482968 1123108 0.1 180
77 0.11705799645639588 1137175 0.1 180
78 0.11685279550031137 1151243 0.1 180
79 0.1166545735293422 1165296 0.1 180
80 0.11646255786755463 1179339 0.1 180
81 0.11627595586761634 1193381 0.1 180
82 0.11609396416330103 1207415 0.1 180
83 0.11591577603302194 1221436 0.1 180
84 0.1157405875664812 1235451 0.1 180
85 0.11556760361459832 1249467 0.1 180
86 0.1153960444724863 1263515 0.1 180
87 0.11522515395713968 1277510 0.1 180
88 0.11505420909708769 1291505 0.1 180
89 0.11488253117007743 1305487 0.1 180
90 0.11470949741890535 1319464 0.1 180
91 0.11453455252453394 1333438 0.1 180
92 0.11435721885247878 1347402 0.1 180
93 0.11417710460001262 1361365 0.1 180
94 0.1139939092128722 1375324 0.1 180
95 0.11380742575196112 1389368 0.1 180
96 0.11361754021490492 1403441 0.1 180
97 0.11342422810484673 1417509 0.1 180
98 0.11322754875250042 1431566 0.1 180
99 0.11302763801466596 1445617 0.1 180
