0 0.714049830466279 10577 0.1 120
1 0.37904392661058656 21049 0.1 120
2 0.2818141747539644 31444 0.1 120
3 0.24095420578229546 41783 0.1 120
4 0.2208555992293877 52073 0.1 120
5 0.20905455798450437 62324 0.1 120
6 0.2007366679214373 72539 0.1 120
7 0.19422190239692433 82721 0.1 120
8 0.18897447498820746 92868 0.1 120
9 0.18471240206288683 102985 0.1 120
10 0.1812011976806463 113066 0.1 120
11 0.17823879284688013 123120 0.1 120
12 0.17565456148247624 133142 0.1 120
13 0.17331226697368524 143131 0.1 120
14 0.1711132213347366 153090 0.1 120
15 0.16899442081016072 163021 0.1 120
16 0.16692416086423284 172928 0.1 120
17 0.16489465793181304 182806 0.1 120
18 0.1629092532274635 192660 0.1 120
19 0.1609680828175979 202495 0.1 120
20 0.15906029964848337 212306 0.1 120
21 0.15716649477948152 222096 0.1 120
22 0.1552672903365497 231868 0.1 120
23 0.15335106131942672 241622 0.1 120
24 0.151416701533123 251360 0.1 120
25 0.14947184350080017 261083 0.1 120
26 0.14752914462518876 270793 0.1 120
27 0.14560293720505146 280488 0.1 120
28 0.1437072728874315 290170 0.1 120
29 0.14185532490832656 299844 0.1 120
30 0.14005955645173357 309504 0.1 120
31 0.13833193991911608 319154 0.1 120
32 0.13668370482194125 328793 0.1 120
33 0.13512449841091637 338426 0.1 120
34 0.13366126635994985 348048 0.1 120
35 0.13229735215962068 357669 0.1 120
36 0.13103218613879095 367277 0.1 120
37 0.12986163579451623 376873 0.1 120
38 0.12877883239686605 386462 0.1 120
39 0.1277751862177666 396045 0.1 120
40 0.12684134205835282 405624 0.1 120
41 0.12596793528893793 415193 0.1 120
42 0.12514611640324533 424755 0.1 120
43 0.12436788207971419 434314 0.1 120
44 0.123626277234392 443864 0.1 120
45 0.12291552582920338 453408 0.1 120
46 0.12223112155261091 462946 0.1 120
47 0.12156987478092635 472478 0.1 120
48 0.1209298822084013 482005 0.1 120
49 0.1203103764090692 491528 0.1 120
50 0.11971143830778493 501048 0.1 120
51 0.11913361156046066 510560 0.1 120
52 0.11857751098480343 520071 0.1 120
53 0.11804352534737929 529576 0.1 120
54 0.11753166737116079 539080 0.1 120
55 0.11704155527315492 548572 0.1 120
56 0.11657246667155276 558060 0.1 120
57 0.11612340571283489 567546 0.1 120
58 0.11569315222293149 577030 0.1 120
59 0.11528028850384167 586504 0.1 120
60 0.11488320705936074 595976 0.1 120
61 0.11450009778693974 605439 0.1 120
62 0.11412891909661922 614899 0.1 120
63 0.11376738390491206 624354 0.1 120
64 0.11341301584838334 633804 0.1 120
65 0.11306332096148865 643251 0.1 120
66 0.11271607200625802 652693 0.1 120
67 0.11236964482496589 662135 0.1 120
68 0.11202331086169974 671569 0.1 120
69 0.11167739446812514 680999 0.1 120
70 0.11133324335504685 690428 0.1 120
71 0.11099301334119263 699850 0.1 120
72 0.11065931397744008 709267 0.1 120
73 0.11033479425149019 718680 0.1 120
74 0.11002176341492159 728093 0.1 120
75 0.10972192912354013 737499 0.1 120
76 0.1094362915540347 746901 0.1 120
77 0.10916517877495016 756303 0.1 120
78 0.10890837264861639 765699 0.1 120
79 0.1086652672423614 775092 0.1 120
80 0.1084350157630135 784481 0.1 120
81 0.10821664326089957 793872 0.1 120
82 0.10800912031888331 803256 0.1 120
83 0.10781140366200441 812636 0.1 120
84 0.10762245363714441 822016 0.1 120
85 0.1074412381685944 831390 0.1 120
86 0.10726673046429727 840778 0.1 120
87 0.1070979050796031 850158 0.1 120
88 0.1069337347898013 859537 0.1 120
89 0.10677318933757211 868914 0.1 120
90 0.1066152364412791 878289 0.1 120
91 0.10645884529190575 887661 0.1 120
92 0.10630299294522726 897029 0.1 120
93 0.10614667438355221 906398 0.1 120
94 0.10598891746306549 915764 0.1 120
95 0.10582880437327245 925128 0.1 120
96 0.10566550149427742 934489 0.1 120
97 0.10549829949473782 943849 0.1 120
98 0.10532666498753596 953205 0.1 120
99 0.10515030386667892 962560 0.1 120
