0 0.6292447399794738 14116 0.1 160
1 0.3240450142730247 28133 0.1 160
2 0.25055709622113037 42065 0.1 160
3 0.22149033371498736 55936 0.1 160
4 0.20494424823133958 69752 0.1 160
5 0.193028049619339 83521 0.1 160
6 0.183752360306876 97236 0.1 160
7 0.17636311200735535 110898 0.1 160
8 0.17035402023674007 124515 0.1 160
9 0.16537098739311934 138085 0.1 160
10 0.16122616903744208 151615 0.1 160
11 0.15781843031874743 165090 0.1 160
12 0.15505751436988274 178529 0.1 160
13 0.15284369849714546 191942 0.1 160
14 0.15108086851433492 205302 0.1 160
15 0.14968893338248376 218621 0.1 160
16 0.14860370909360193 231909 0.1 160
17 0.14777008590648177 245158 0.1 160
18 0.1471361331597363 258377 0.1 160
19 0.14665105566545095 271563 0.1 160
20 0.14626623196757593 284718 0.1 160
21 0.14593736789205225 297844 0.1 160
22 0.14562613554595166 310943 0.1 160
23 0.1453006184520575 324016 0.1 160
24 0.14493474373796394 337061 0.1 160
25 0.14450726264636657 350089 0.1 160
26 0.14400079259282364 363087 0.1 160
27 0.14340125805740142 376068 0.1 160
28 0.14269798148086202 389030 0.1 160
29 0.1418846176031204 401971 0.1 160
30 0.14096085314790957 414887 0.1 160
31 0.13993423221539433 427792 0.1 160
32 0.1388209827561315 440677 0.1 160
33 0.1376448848346952 453550 0.1 160
34 0.13643414538175117 466403 0.1 160
35 0.13521730137371163 479253 0.1 160
36 0.13401959389311685 492079 0.1 160
37 0.1328608354445593 504894 0.1 160
38 0.13175495394325507 517701 0.1 160
39 0.13071072722656712 530493 0.1 160
40 0.12973301264086903 543294 0.1 160
41 0.1288239238172879 556065 0.1 160
42 0.127983664604803 568824 0.1 160
43 0.12721094756769452 581591 0.1 160
44 0.12650307410966566 594337 0.1 160
45 0.12585584600421956 607069 0.1 160
46 0.12526350322907082 619799 0.1 160
47 0.12471882796060038 632514 0.1 160
48 0.12421345393764302 645226 0.1 160
49 0.12373834005387414 657935 0.1 160
50 0.12328433874472135 670631 0.1 160
51 0.1228427927631157 683312 0.1 160
52 0.1224060973374213 695991 0.1 160
53 0.12196816217908642 708656 0.1 160
54 0.12152471198857426 721319 0.1 160
55 0.12107338332628377 733969 0.1 160
56 0.12061360528598937 746612 0.1 160
57 0.12014628514260939 759247 0.1 160
58 0.11967335509797256 771875 0.1 160
59 0.11919726332063688 784494 0.1 160
60 0.11872049887625417 797107 0.1 160
61 0.1182452219959358 809714 0.1 160
62 0.11777303667332154 822318 0.1 160
63 0.11730490579139355 834910 0.1 160
64 0.11684118173869795 847494 0.1 160
65 0.11638171295280823 860082 0.1 160
66 0.11592598741347898 872653 0.1 160
67 0.11547328248791615 885223 0.1 160
68 0.11502280124004606 897787 0.1 160
69 0.11457378477442115 910344 0.1 160
70 0.1141255969708879 922895 0.1 160
71 0.11367778211978356 935440 0.1 160
72 0.11323009815864746 947975 0.1 160
73 0.11278252916385036 960509 0.1 160
74 0.11233528099554427 973033 0.1 160
75 0.11188876385339296 985551 0.1 160
76 0.1114435651619994 998064 0.1 160
77 0.1110004157963235 1010572 0.1 160
78 0.11056015227355538 1023076 0.1 160
79 0.110123677234778 1035576 0.1 160
80 0.10969192032135688 1048070 0.1 160
81 0.10926580137193297 1060560 0.1 160
82 0.10884619765437513 1073050 0.1 160
83 0.10843391653908152 1085536 0.1 160
84 0.10802967458958807 1098016 0.1 160
85 0.10763408351864179 1110488 0.1 160
86 0.10724764289988557 1122960 0.1 160
87 0.10687073902130777 1135436 0.1 160
88 0.10650364888846026 1147899 0.1 160
89 0.10614654817238672 1160356 0.1 160
90 0.10579952184986915 1172813 0.1 160
91 0.10546257637215878 1185268 0.1 160
92 0.10513565237670158 1197783 0.1 160
93 0.10481863717685207 1210329 0.1 160
94 0.10451137648751728 1222874 0.1 160
95 0.1042136850430081 1235413 0.1 160
96 0.1039253559226463 1247953 0.1 160
97 0.10364616851610466 1260500 0.1 160
98 0.10337589513803291 1273032 0.1 160
99 0.1031143063492384 1285557 0.1 160
