0 0.7125108994806938 7046 0.1 80
1 0.3820162170181762 13999 0.1 80
2 0.28591379646315623 20866 0.1 80
3 0.2522322767019564 27695 0.1 80
4 0.23650912471932325 34479 0.1 80
5 0.22718983822472968 41239 0.1 80
6 0.22064027015817442 47957 0.1 80
7 0.21529174541499616 54646 0.1 80
8 0.21027975990666578 61307 0.1 80
9 0.2051722613284132 67942 0.1 80
10 0.19993713076140388 74552 0.1 80
11 0.19478046518787956 81138 0.1 80
12 0.18992449487172863 87700 0.1 80
13 0.1854561423589357 94241 0.1 80
14 0.1813171877712906 100762 0.1 80
15 0.1773985495944446 107265 0.1 80
16 0.1736185025116215 113750 0.1 80
17 0.16993899162212658 120230 0.1 80
18 0.1663546198892981 126691 0.1 80
19 0.16288026798127841 133137 0.1 80
20 0.15953970236698523 139579 0.1 80
21 0.15635506444820213 146012 0.1 80
22 0.15334003883544411 152436 0.1 80
23 0.15049878558472338 158849 0.1 80
24 0.1478296402241876 165256 0.1 80
25 0.14532996563179845 171659 0.1 80
26 0.1429986791554586 178055 0.1 80
27 0.1408355534619184 184451 0.1 80
28 0.13883928785577898 190840 0.1 80
29 0.13700721005802344 197227 0.1 80
30 0.13533691765754735 203610 0.1 80
31 0.133827331668292 209990 0.1 80
32 0.13247747151335565 216369 0.1 80
33 0.13128381093189975 222750 0.1 80
34 0.13023870039769622 229131 0.1 80
35 0.12933148594171542 235502 0.1 80
36 0.1285504716041237 241872 0.1 80
37 0.12788346214663762 248244 0.1 80
38 0.12731793493599522 254613 0.1 80
39 0.12684200391046255 260980 0.1 80
40 0.12644560949681777 267340 0.1 80
41 0.1261211708556255 273697 0.1 80
42 0.12586337940191833 280050 0.1 80
43 0.12566810959239183 286403 0.1 80
44 0.12553050101523225 292753 0.1 80
45 0.12544264707431976 299101 0.1 80
46 0.1253920699081564 305451 0.1 80
47 0.12536230803594103 311795 0.1 80
48 0.12533583631454212 318138 0.1 80
49 0.1252979030143939 324478 0.1 80
50 0.1252391313253646 330815 0.1 80
51 0.12515548630760392 337159 0.1 80
52 0.12504589699286517 343493 0.1 80
53 0.1249093587979065 349826 0.1 80
54 0.12474353206146492 356160 0.1 80
55 0.12454552878494325 362494 0.1 80
56 0.12431395663855045 368827 0.1 80
57 0.12405059270424136 375153 0.1 80
58 0.12376063083955537 381477 0.1 80
59 0.12345164265938408 387801 0.1 80
60 0.1231321222268099 394123 0.1 80
61 0.12281029578380304 400452 0.1 80
62 0.12249331578279408 406771 0.1 80
63 0.1221866797436213 413090 0.1 80
64 0.12189376097846472 419407 0.1 80
65 0.12161545484891817 425723 0.1 80
66 0.12135002140414547 432038 0.1 80
67 0.12109324294624209 438353 0.1 80
68 0.12083899812359614 444675 0.1 80
69 0.12058023798536432 450989 0.1 80
70 0.12031012996009832 457301 0.1 80
71 0.12002296761986835 463613 0.1 80
72 0.11971455216349905 469931 0.1 80
73 0.1193821498333413 476248 0.1 80
74 0.11902452766464632 482565 0.1 80
75 0.1186425588880428 488878 0.1 80
76 0.11824028543709973 495219 0.1 80
77 0.1178254912940511 501531 0.1 80
78 0.11740858960852962 507843 0.1 80
79 0.1169995562568488 514155 0.1 80
80 0.11660436485838001 520473 0.1 80
81 0.11622349478017109 526785 0.1 80
82 0.11585402950155026 533098 0.1 80
83 0.11549367789633273 539412 0.1 80
84 0.11514301597878118 545731 0.1 80
85 0.11480434457160571 552050 0.1 80
86 0.11447920510707567 558368 0.1 80
87 0.11416709190963727 564683 0.1 80
88 0.1138658053241505 570999 0.1 80
89 0.11357254308792938 577315 0.1 80
90 0.11328488382593542 583632 0.1 80
91 0.11300130618022675 589950 0.1 80
92 0.11272123802502987 596270 0.1 80
93 0.112444776141652 602589 0.1 80
94 0.11217225335275001 608909 0.1 80
95 0.11190386386663728 615230 0.1 80
96 0.11163958727605786 621551 0.1 80
97 0.11137956875525354 627872 0.1 80
98 0.11112489542318724 634194 0.1 80
99 0.11087848588860667 640517 0.1 80
