0 0.6119150550546308 17686 0.1 200
1 0.3221110074069048 35215 0.1 200
2 0.25289823781455917 52653 0.1 200
3 0.22200160020902335 70017 0.1 200
4 0.20323655814452174 87313 0.1 200
5 0.18987090130216347 104544 0.1 200
6 0.17999064696069117 121708 0.1 200
7 0.1727057331490251 138814 0.1 200
8 0.1672868688685778 155862 0.1 200
9 0.16316277235229346 172861 0.1 200
10 0.1599421754735651 189810 0.1 200
11 0.15735908308314295 206704 0.1 200
12 0.15522165815708194 223550 0.1 200
13 0.15339160362756638 240355 0.1 200
14 0.1517765281698819 257110 0.1 200
15 0.15032210516696526 273810 0.1 200
16 0.14900083505935036 290482 0.1 200
17 0.147799749143918 307107 0.1 200
18 0.1467107480341657 323689 0.1 200
19 0.1457253053567919 340224 0.1 200
20 0.1448327232329994 356721 0.1 200
21 0.14402043869071546 373180 0.1 200
22 0.14327540902216626 389608 0.1 200
23 0.14258583565248206 405996 0.1 200
24 0.14194231087940493 422352 0.1 200
25 0.1413377783493332 438673 0.1 200
26 0.14076654084115275 454970 0.1 200
27 0.14022306542142918 471229 0.1 200
28 0.13970119922894972 487459 0.1 200
29 0.13919400807582635 503661 0.1 200
30 0.1386941522765362 519842 0.1 200
31 0.1381945869385732 535998 0.1 200
32 0.137689348484419 552122 0.1 200
33 0.13717421027491927 568223 0.1 200
34 0.1366470392358081 584308 0.1 200
35 0.1361077594566656 600369 0.1 200
36 0.13555792918666149 616403 0.1 200
37 0.135000056119338 632434 0.1 200
38 0.13443687043849492 648434 0.1 200
39 0.13387078023198504 664416 0.1 200
40 0.1333036277952847 680377 0.1 200
41 0.13273671521370822 696320 0.1 200
42 0.13217097293790306 712248 0.1 200
43 0.13160714496791273 728168 0.1 200
44 0.13104592146392474 744071 0.1 200
45 0.13048800703333774 759954 0.1 200
46 0.12993414205735496 775835 0.1 200
47 0.12938509821462607 791741 0.1 200
48 0.1288416622686642 807588 0.1 200
49 0.12830461500582493 823416 0.1 200
50 0.12777470874339997 839231 0.1 200
51 0.1272526463872813 855036 0.1 200
52 0.12673906547691818 870833 0.1 200
53 0.1262345303258546 886613 0.1 200
54 0.12573953376094157 902384 0.1 200
55 0.12525450768301394 918142 0.1 200
56 0.12477983973140121 933897 0.1 200
57 0.12431589241730168 949635 0.1 200
58 0.12386302123030202 965363 0.1 200
59 0.12342158900305925 981082 0.1 200
60 0.12299197476586896 996797 0.1 200
61 0.1225745761463036 1012504 0.1 200
62 0.12216980499595373 1028197 0.1 200
63 0.12177807639425536 1043883 0.1 200
64 0.1213997915113204 1059564 0.1 200
65 0.12103531495439364 1075237 0.1 200
66 0.12068494707711629 1090896 0.1 200
67 0.1203488912650756 1106564 0.1 200
68 0.12002721564111916 1122215 0.1 200
69 0.11971980862796927 1137855 0.1 200
70 0.11942632954793858 1153485 0.1 200
71 0.11914616019910657 1169107 0.1 200
72 0.11887837112468622 1184727 0.1 200
73 0.11862172366013432 1200339 0.1 200
74 0.11837472800582838 1215942 0.1 200
75 0.11813576098705916 1231538 0.1 200
76 0.11790321901796909 1247127 0.1 200
77 0.11767566437778625 1262714 0.1 200
78 0.1174519383279437 1278289 0.1 200
79 0.11723125111019811 1293860 0.1 200
80 0.11701327223909504 1309425 0.1 200
81 0.11679821251773795 1324989 0.1 200
82 0.11658684954458393 1340543 0.1 200
83 0.11638045522452228 1356089 0.1 200
84 0.1161806357259949 1371628 0.1 200
85 0.1159891355811508 1387164 0.1 200
86 0.1158076491984695 1402695 0.1 200
87 0.11563764563294034 1418216 0.1 200
88 0.11548018856000997 1433742 0.1 200
89 0.11533573735859891 1449254 0.1 200
90 0.11520393658703414 1464763 0.1 200
91 0.11508342858511035 1480261 0.1 200
92 0.11497174810168923 1495764 0.1 200
93 0.11486536420153999 1511251 0.1 200
94 0.11475990993733001 1526737 0.1 200
95 0.11465059228304456 1542211 0.1 200
96 0.1145327339765289 1557680 0.1 200
97 0.11440237732524097 1573152 0.1 200
98 0.11425684622982306 1588612 0.1 200
99 0.11409510727206182 1604063 0.1 200
