0 0.9690067432066596 17852 0.05 200
1 0.7451471823552702 35690 0.05 200
2 0.49130626512946335 53508 0.05 200
3 0.3850518602809187 71294 0.05 200
4 0.3284555222673243 89057 0.05 200
5 0.29209813583645244 106786 0.05 200
6 0.26752106232289774 124494 0.05 200
7 0.25082505373627967 142186 0.05 200
8 0.23873831334417295 159861 0.05 200
9 0.22929938384170256 177517 0.05 200
10 0.2215133194657171 195167 0.05 200
11 0.21483591620852058 212795 0.05 200
12 0.20895014472579376 230411 0.05 200
13 0.20367422780110642 248009 0.05 200
14 0.1989034622541066 265593 0.05 200
15 0.1945706735134934 283162 0.05 200
16 0.19062624111269022 300722 0.05 200
17 0.1870308893763129 318267 0.05 200
18 0.18375287300125412 335796 0.05 200
19 0.18076576207697587 353312 0.05 200
20 0.17804635732590846 370820 0.05 200
21 0.17557302695104388 388311 0.05 200
22 0.17332457384066927 405787 0.05 200
23 0.1712796149319961 423252 0.05 200
24 0.16941643743162205 440707 0.05 200
25 0.1677132516908476 458151 0.05 200
26 0.16614869142062 475579 0.05 200
27 0.16470238301789952 492998 0.05 200
28 0.16335544001756158 510404 0.05 200
29 0.16209080945830318 527801 0.05 200
30 0.1608934620424457 545184 0.05 200
31 0.15975045272841162 562554 0.05 200
32 0.15865088647297698 579913 0.05 200
33 0.15758582080181183 597262 0.05 200
34 0.15654812977850166 614605 0.05 200
35 0.1555323424701185 631932 0.05 200
36 0.154534457563621 649256 0.05 200
37 0.15355173198007832 666563 0.05 200
38 0.15258244590146955 683863 0.05 200
39 0.15162565371578188 701147 0.05 200
40 0.15068093536577282 718421 0.05 200
41 0.14974816448076217 735684 0.05 200
42 0.14882730880437323 752943 0.05 200
43 0.14791827508657612 770188 0.05 200
44 0.1470208052969851 787422 0.05 200
45 0.14613442473706523 804647 0.05 200
46 0.14525843665413157 821865 0.05 200
47 0.14439195346368072 839073 0.05 200
48 0.1435339524461829 856268 0.05 200
49 0.14268334399578578 873458 0.05 200
50 0.14183904271654627 890640 0.05 200
51 0.1410000349220737 907811 0.05 200
52 0.14016543923755417 924973 0.05 200
53 0.13933455910825687 942133 0.05 200
54 0.1385069267384213 959275 0.05 200
55 0.13768233760163268 976411 0.05 200
56 0.13686087385751214 993537 0.05 200
57 0.13604291449509906 1010653 0.05 200
58 0.1352291302682195 1027761 0.05 200
59 0.13442046260375942 1044864 0.05 200
60 0.13361808744570938 1061961 0.05 200
61 0.13282336703438102 1079046 0.05 200
62 0.1320377944097628 1096121 0.05 200
63 0.13126293648898568 1113194 0.05 200
64 0.13050038155139426 1130257 0.05 200
65 0.12975169576663984 1147310 0.05 200
66 0.1290183912292148 1164355 0.05 200
67 0.12830190530459767 1181391 0.05 200
68 0.12760358859214774 1198429 0.05 200
69 0.12692469711470913 1215455 0.05 200
70 0.1262663839394315 1232475 0.05 200
71 0.12562968646633588 1249482 0.05 200
72 0.12501550778472534 1266488 0.05 200
73 0.12442459309553014 1283482 0.05 200
74 0.12385750440536836 1300477 0.05 200
75 0.12331459788943154 1317457 0.05 200
76 0.12279600826743577 1334433 0.05 200
77 0.12230164340598526 1351402 0.05 200
78 0.12183119057115231 1368369 0.05 200
79 0.12138413381293017 1385331 0.05 200
80 0.12095978032455912 1402281 0.05 200
81 0.12055729259273171 1419247 0.05 200
82 0.1201757228464187 1436190 0.05 200
83 0.11981404663772977 1453127 0.05 200
84 0.11947119313672556 1470053 0.05 200
85 0.11914607064573181 1486982 0.05 200
86 0.11883758672674843 1503900 0.05 200
87 0.1185446630524247 1520814 0.05 200
88 0.11826624558071577 1537720 0.05 200
89 0.11800131092330315 1554620 0.05 200
90 0.11774886987534638 1571519 0.05 200
91 0.11750796905982351 1588413 0.05 200
92 0.1172776915641237 1605304 0.05 200
93 0.11705715733393544 1622182 0.05 200
94 0.11684552393687682 1639066 0.05 200
95 0.11664198810156014 1655938 0.05 200
96 0.1164457881748427 1672806 0.05 200
97 0.11625620734764948 1689673 0.05 200
98 0.11607257723201704 1706531 0.05 200
99 0.11589428119125289 1723380 0.05 200
