0 0.8913338207897337 5375 0.08 60
1 0.4836011346422889 10714 0.08 60
2 0.3460098008929426 15987 0.08 60
3 0.2935159763435085 21220 0.08 60
4 0.26867947332648695 26423 0.08 60
5 0.25397692752811163 31604 0.08 60
6 0.24355709997880615 36768 0.08 60
7 0.2348153357002684 41912 0.08 60
8 0.22708991760028455 47041 0.08 60
9 0.2201991981799579 52154 0.08 60
10 0.21387363066139445 57254 0.08 60
11 0.20791227029005796 62341 0.08 60
12 0.2022996565398411 67409 0.08 60
13 0.19712276652350721 72464 0.08 60
14 0.19242598829839863 77504 0.08 60
15 0.1881638525248504 82531 0.08 60
16 0.18425327331873673 87543 0.08 60
17 0.18062536499130347 92542 0.08 60
18 0.1772319024043569 97531 0.08 60
19 0.17403241210247244 102508 0.08 60
20 0.1709934457650311 107476 0.08 60
21 0.16809525658325125 112433 0.08 60
22 0.16532892986172368 117384 0.08 60
23 0.1626868561178775 122326 0.08 60
24 0.1601582753131768 127263 0.08 60
25 0.15773167737870566 132194 0.08 60
26 0.155398617365476 137119 0.08 60
27 0.1531554176248276 142040 0.08 60
28 0.1510025075191599 146956 0.08 60
29 0.1489425956117184 151876 0.08 60
30 0.14697888346545981 156789 0.08 60
31 0.1451139050903549 161697 0.08 60
32 0.14334902854147763 166602 0.08 60
33 0.14168440934164264 171504 0.08 60
34 0.1401191434661403 176404 0.08 60
35 0.1386514244956551 181301 0.08 60
36 0.1372786081413229 186198 0.08 60
37 0.13599718256570817 191091 0.08 60
38 0.13480270222064125 195982 0.08 60
39 0.13368976111725647 200872 0.08 60
40 0.13265206956917405 205761 0.08 60
41 0.13168266571384032 210647 0.08 60
42 0.13077424742603042 215531 0.08 60
43 0.1299195669178793 220415 0.08 60
44 0.12911180835281158 225296 0.08 60
45 0.1283448770819096 230176 0.08 60
46 0.1276135606481132 235054 0.08 60
47 0.12691356053666675 239934 0.08 60
48 0.12624142385787512 244813 0.08 60
49 0.12559441672736102 249691 0.08 60
50 0.12497037827821345 254563 0.08 60
51 0.12436758416276217 259440 0.08 60
52 0.12378463623786458 264315 0.08 60
53 0.12322038325526025 269182 0.08 60
54 0.12267386877716044 274047 0.08 60
55 0.12214429911963756 278911 0.08 60
56 0.12163102472293781 283775 0.08 60
57 0.1211335301647983 288636 0.08 60
58 0.12065142910091957 293497 0.08 60
59 0.12018446048425187 298356 0.08 60
60 0.11973248228613545 303213 0.08 60
61 0.11929545943112949 308069 0.08 60
62 0.11887344401232017 312925 0.08 60
63 0.11846654776369514 317781 0.08 60
64 0.11807490864841719 322633 0.08 60
65 0.11769865473274853 327484 0.08 60
66 0.11733786896423247 332336 0.08 60
67 0.11699255810308778 337188 0.08 60
68 0.11666262818617273 342039 0.08 60
69 0.1163478679588499 346886 0.08 60
70 0.1160479410232307 351732 0.08 60
71 0.11576238711795057 356578 0.08 60
72 0.11549063281200414 361420 0.08 60
73 0.11523201168133976 366261 0.08 60
74 0.11498579351877818 371100 0.08 60
75 0.11475122128904468 375938 0.08 60
76 0.11452755358929577 380775 0.08 60
77 0.11431410961885093 385611 0.08 60
78 0.11411031331084413 390446 0.08 60
79 0.11391573329504483 395280 0.08 60
80 0.11373011543925574 400114 0.08 60
81 0.11355340443283307 404945 0.08 60
82 0.11338575000702433 409775 0.08 60
83 0.11322749237709105 414604 0.08 60
84 0.11307912191491913 419432 0.08 60
85 0.11294121249713904 424262 0.08 60
86 0.11281433816036324 429091 0.08 60
87 0.11269899556877153 433920 0.08 60
88 0.11259555989471495 438743 0.08 60
89 0.11250428757636785 443565 0.08 60
90 0.11242535090961252 448389 0.08 60
91 0.11235887884835741 453209 0.08 60
92 0.11230501990164214 458033 0.08 60
93 0.11226410021019269 462850 0.08 60
94 0.11223689471792708 467667 0.08 60
95 0.11222483272866833 472483 0.08 60
96 0.11222981912894621 477296 0.08 60
97 0.11225348296415037 482111 0.08 60
98 0.11229611602127766 486923 0.08 60
99 0.11235595705958165 491736 0.08 60
