0 0.7487191012003932 12445 0.09 140
1 0.38463410888693933 24817 0.09 140
2 0.2789089246026932 37112 0.09 140
3 0.23452158724279512 49372 0.09 140
4 0.21224995593045456 61566 0.09 140
5 0.19781364410922442 73721 0.09 140
6 0.18792259785826523 85839 0.09 140
7 0.1811784141273214 97928 0.09 140
8 0.17663100933954948 109979 0.09 140
9 0.17355452055830306 122008 0.09 140
10 0.17136399999280613 134002 0.09 140
11 0.16961185285253505 145965 0.09 140
12 0.16799935985867728 157905 0.09 140
13 0.16636441240506555 169815 0.09 140
14 0.16465350011841606 181700 0.09 140
15 0.1628883091351244 193556 0.09 140
16 0.16112892286168454 205386 0.09 140
17 0.15944026624497884 217191 0.09 140
18 0.15787254066112172 228973 0.09 140
19 0.1564562866439007 240732 0.09 140
20 0.15520219899898566 252481 0.09 140
21 0.1541005701746001 264190 0.09 140
22 0.1531240032148064 275874 0.09 140
23 0.15223491573660713 287535 0.09 140
24 0.15139396013798936 299173 0.09 140
25 0.15056597787583806 310791 0.09 140
26 0.1497231158429756 322390 0.09 140
27 0.14884607632062163 333963 0.09 140
28 0.1479242611802 345516 0.09 140
29 0.14695507056493012 357049 0.09 140
30 0.1459424454203119 368565 0.09 140
31 0.14489487749274493 380062 0.09 140
32 0.14382326802695047 391539 0.09 140
33 0.1427390170859745 402996 0.09 140
34 0.14165259152783366 414438 0.09 140
35 0.1405726546961081 425864 0.09 140
36 0.13950571335814707 437278 0.09 140
37 0.13845616397332125 448671 0.09 140
38 0.13742659409066035 460078 0.09 140
39 0.1364182040969892 471444 0.09 140
40 0.1354312472352916 482794 0.09 140
41 0.13446542741238332 494129 0.09 140
42 0.13352022909911018 505458 0.09 140
43 0.1325951710878886 516775 0.09 140
44 0.13168997848129127 528079 0.09 140
45 0.1308046672781329 539369 0.09 140
46 0.12993954305415475 550650 0.09 140
47 0.12909512934590037 561920 0.09 140
48 0.12827205497333788 573184 0.09 140
49 0.12747093520641967 584437 0.09 140
50 0.12669227695699833 595684 0.09 140
51 0.12593642581479722 606919 0.09 140
52 0.1252035578943668 618146 0.09 140
53 0.1244937068350798 629365 0.09 140
54 0.12380680874761259 640592 0.09 140
55 0.12314274628610838 651819 0.09 140
56 0.12250137667549507 663016 0.09 140
57 0.12188253573070161 674207 0.09 140
58 0.12128601832018497 685391 0.09 140
59 0.12071154282814196 696569 0.09 140
60 0.12015871093416455 707747 0.09 140
61 0.11962697368913443 718913 0.09 140
62 0.1191156113324311 730079 0.09 140
63 0.1186237297246424 741237 0.09 140
64 0.11815027286660458 752392 0.09 140
65 0.11769404992608823 763537 0.09 140
66 0.11725377638807111 774682 0.09 140
67 0.11682813129136356 785818 0.09 140
68 0.11641583440119653 796946 0.09 140
69 0.11601574681854106 808075 0.09 140
70 0.11562699415545975 819197 0.09 140
71 0.11524910130532307 830316 0.09 140
72 0.11488211114899988 841437 0.09 140
73 0.11452663911174404 852545 0.09 140
74 0.11418380298038301 863649 0.09 140
75 0.11385498444391344 874770 0.09 140
76 0.11354144164314821 885871 0.09 140
77 0.11324388063249047 896962 0.09 140
78 0.11296214395847334 908054 0.09 140
79 0.11269513169820972 919135 0.09 140
80 0.11244095828348691 930214 0.09 140
81 0.11219725287209868 941291 0.09 140
82 0.11196148625309751 952363 0.09 140
83 0.11173123891568884 963432 0.09 140
84 0.11150437357411104 974496 0.09 140
85 0.11127911483215273 985555 0.09 140
86 0.11105405965448355 996610 0.09 140
87 0.11082814672296666 1007663 0.09 140
88 0.11060060743640761 1018714 0.09 140
89 0.11037091306321226 1029759 0.09 140
90 0.11013872548465592 1040804 0.09 140
91 0.10990385440319678 1051843 0.09 140
92 0.10966622153944848 1062878 0.09 140
93 0.10942583139643296 1073910 0.09 140
94 0.10918274791967873 1084939 0.09 140
95 0.10893707638429982 1095969 0.09 140
96 0.10868894988369197 1106991 0.09 140
97 0.10843851980838154 1118013 0.09 140
98 0.1081859496845586 1129030 0.09 140
99 0.10793141170960292 1140057 0.09 140
