0 0.9438316458577838 10697 0.06 120
1 0.6502281747330312 21423 0.06 120
2 0.4694976460568619 32110 0.06 120
3 0.3641489008031292 42760 0.06 120
4 0.31388167649264404 53375 0.06 120
5 0.28405683282625355 63953 0.06 120
6 0.25996729825584597 74500 0.06 120
7 0.2413613618575447 85017 0.06 120
8 0.22806765974395674 95510 0.06 120
9 0.2183931139707824 105980 0.06 120
10 0.21099461367379516 116431 0.06 120
11 0.20510762519342238 126868 0.06 120
12 0.20024608814190953 137285 0.06 120
13 0.19605091195880814 147692 0.06 120
14 0.1922599430231819 158081 0.06 120
15 0.18870462247257894 168451 0.06 120
16 0.18529775166380752 178806 0.06 120
17 0.18201213984604098 189148 0.06 120
18 0.17885695163795748 199480 0.06 120
19 0.17585626458790174 209796 0.06 120
20 0.17303307070591298 220100 0.06 120
21 0.170400777154485 230395 0.06 120
22 0.1679612107199265 240676 0.06 120
23 0.16570606893817855 250951 0.06 120
24 0.1636195969324404 261217 0.06 120
25 0.1616818547873115 271467 0.06 120
26 0.15987202731840477 281708 0.06 120
27 0.15817088542628582 291938 0.06 120
28 0.15656206521369864 302162 0.06 120
29 0.15503238417155046 312375 0.06 120
30 0.15357155013451848 322579 0.06 120
31 0.152171600567479 332777 0.06 120
32 0.15082632712552305 342963 0.06 120
33 0.14953081870625937 353141 0.06 120
34 0.14828114767692746 363377 0.06 120
35 0.14707416638842394 373539 0.06 120
36 0.14590737194316877 383693 0.06 120
37 0.14477881000630483 393839 0.06 120
38 0.1436870007974291 403982 0.06 120
39 0.1426308755802283 414115 0.06 120
40 0.14160971349113938 424240 0.06 120
41 0.1406230707066861 434362 0.06 120
42 0.13967069778599586 444475 0.06 120
43 0.13875244543448265 454582 0.06 120
44 0.13786816280957273 464689 0.06 120
45 0.1370175955368561 474783 0.06 120
46 0.1362002928666852 484873 0.06 120
47 0.13541553453589206 494956 0.06 120
48 0.13466228710143768 505040 0.06 120
49 0.13393919615643562 515123 0.06 120
50 0.13324461525015588 525192 0.06 120
51 0.13257666598899875 535260 0.06 120
52 0.13193331871867275 545320 0.06 120
53 0.13131248093661835 555375 0.06 120
54 0.1307120815162901 565430 0.06 120
55 0.13013014208920531 575477 0.06 120
56 0.12956483107511443 585520 0.06 120
57 0.12901449957025365 595560 0.06 120
58 0.12847770087995483 605602 0.06 120
59 0.1279531968035378 615634 0.06 120
60 0.12743995411111242 625662 0.06 120
61 0.12693713437432294 635690 0.06 120
62 0.12644407975629088 645711 0.06 120
63 0.125960296749824 655729 0.06 120
64 0.12548543929317296 665745 0.06 120
65 0.1250192922324976 675757 0.06 120
66 0.12456175574183737 685766 0.06 120
67 0.12411283103886062 695772 0.06 120
68 0.12367260752927921 705779 0.06 120
69 0.12324125136115588 715779 0.06 120
70 0.12281899526560665 725775 0.06 120
71 0.12240612949857996 735771 0.06 120
72 0.12200299367211923 745762 0.06 120
73 0.12160996925884482 755751 0.06 120
74 0.12122747255260372 765737 0.06 120
75 0.12085594785978657 775720 0.06 120
76 0.12049586068585796 785701 0.06 120
77 0.12014769069833435 795679 0.06 120
78 0.11981192433128002 805659 0.06 120
79 0.11948904707944956 815632 0.06 120
80 0.1191795358132239 825602 0.06 120
81 0.11888385178476839 835573 0.06 120
82 0.11860243530702481 845539 0.06 120
83 0.11833570326613514 855501 0.06 120
84 0.11808405058464247 865461 0.06 120
85 0.11784785644319387 875476 0.06 120
86 0.11762749550376198 885431 0.06 120
87 0.11742335359901447 895384 0.06 120
88 0.11723584640502664 905339 0.06 120
89 0.11706543858077592 915287 0.06 120
90 0.11691265993677524 925237 0.06 120
91 0.11677811467694932 935183 0.06 120
92 0.11666247986568472 945124 0.06 120
93 0.11656649010185305 955063 0.06 120
94 0.11649090701931596 964999 0.06 120
95 0.11643647469821446 974933 0.06 120
96 0.1164038647658123 984864 0.06 120
97 0.11639361598558472 994793 0.06 120
98 0.11640606979581498 1004726 0.06 120
99 0.11644129553644116 1014650 0.06 120
