0 0.9558728361911096 21234 0.01 240 0.01 240
1 0.9533507449977052 42412 0.01 240 0.01 240
2 0.9498708221797595 63591 0.01 240 0.01 240
3 0.9445933058721295 84769 0.01 240 0.01 240
4 0.9358107914790983 105946 0.01 240 0.01 240
5 0.9197629430152832 127125 0.01 240 0.01 240
6 0.8887449365010144 148307 0.01 240 0.01 240
7 0.8344718170670484 169492 0.01 240 0.01 240
8 0.7640675813090658 190681 0.01 240 0.01 240
9 0.6969924950687894 211877 0.01 240 0.01 240
10 0.6414322147132299 233073 0.01 240 0.01 240
11 0.5958119081069537 254265 0.01 240 0.01 240
12 0.5573541013255291 275449 0.01 240 0.01 240
13 0.5246342183393377 296629 0.01 240 0.01 240
14 0.49705855160470275 317803 0.01 240 0.01 240
15 0.47373442684932776 338969 0.01 240 0.01 240
16 0.45350869189487497 360131 0.01 240 0.01 240
17 0.4353714291254168 381288 0.01 240 0.01 240
18 0.4186491144724605 402440 0.01 240 0.01 240
19 0.40301393815426106 423585 0.01 240 0.01 240
20 0.3883950363794188 444724 0.01 240 0.01 240
21 0.3748510966455378 465857 0.01 240 0.01 240
22 0.36245788554635217 486986 0.01 240 0.01 240
23 0.35124397156555864 508117 0.01 240 0.01 240
24 0.3411746787526447 529233 0.01 240 0.01 240
25 0.3321644860865847 550342 0.01 240 0.01 240
26 0.3240988344439497 571447 0.01 240 0.01 240
27 0.31685472901220324 592551 0.01 240 0.01 240
28 0.3103155750539793 613647 0.01 240 0.01 240
29 0.30437912354800273 634738 0.01 240 0.01 240
30 0.2989597254525622 655827 0.01 240 0.01 240
31 0.2939871420217783 676921 0.01 240 0.01 240
32 0.28940396388113804 698029 0.01 240 0.01 240
33 0.2851629280752643 719131 0.01 240 0.01 240
34 0.2812246920386195 740218 0.01 240 0.01 240
35 0.27755616457123317 761334 0.01 240 0.01 240
36 0.2741292949066596 782407 0.01 240 0.01 240
37 0.27092018201676865 803475 0.01 240 0.01 240
38 0.26790839389350285 824537 0.01 240 0.01 240
39 0.2650764251934873 845597 0.01 240 0.01 240
40 0.26240924998774146 866651 0.01 240 0.01 240
41 0.2598939425216465 887702 0.01 240 0.01 240
42 0.25751934773990826 908761 0.01 240 0.01 240
43 0.25527578942064144 929809 0.01 240 0.01 240
44 0.253154809078855 950851 0.01 240 0.01 240
45 0.25114893333717087 971890 0.01 240 0.01 240
46 0.24925147056844968 992929 0.01 240 0.01 240
47 0.24745633891625318 1013966 0.01 240 0.01 240
48 0.24575792743687774 1034998 0.01 240 0.01 240
49 0.24415099056536427 1056028 0.01 240 0.01 240
50 0.24263057397328894 1077052 0.01 240 0.01 240
51 0.24119196770589732 1098079 0.01 240 0.01 240
52 0.2398306807214774 1119099 0.01 240 0.01 240
53 0.2385424299495173 1140114 0.01 240 0.01 240
54 0.23732313691623785 1161136 0.01 240 0.01 240
55 0.23616892583384821 1182146 0.01 240 0.01 240
56 0.2350761185957196 1203152 0.01 240 0.01 240
57 0.23404122401543134 1224163 0.01 240 0.01 240
58 0.2330609205184559 1245163 0.01 240 0.01 240
59 0.2321320330379263 1266161 0.01 240 0.01 240
60 0.23125150590737947 1287159 0.01 240 0.01 240
61 0.23041637404921966 1308155 0.01 240 0.01 240
62 0.22962373480050588 1329148 0.01 240 0.01 240
63 0.22887072243005097 1350134 0.01 240 0.01 240
64 0.2281544869293298 1371117 0.01 240 0.01 240
65 0.2274721781332125 1392097 0.01 240 0.01 240
66 0.22682093573809597 1413073 0.01 240 0.01 240
67 0.22619788538767066 1434048 0.01 240 0.01 240
68 0.2256001407070401 1455020 0.01 240 0.01 240
69 0.22502481097408963 1475999 0.01 240 0.01 240
70 0.2244690139962685 1496964 0.01 240 0.01 240
71 0.22392989367761199 1517924 0.01 240 0.01 240
72 0.22340464168193017 1538882 0.01 240 0.01 240
73 0.22289052249705987 1559836 0.01 240 0.01 240
74 0.2223849010673036 1580792 0.01 240 0.01 240
75 0.22188527198781016 1601741 0.01 240 0.01 240
76 0.22138928906475383 1622691 0.01 240 0.01 240
77 0.2208947938735472 1643638 0.01 240 0.01 240
78 0.22039984183823214 1664581 0.01 240 0.01 240
79 0.21990272435139013 1685519 0.01 240 0.01 240
80 0.2194019855853248 1706456 0.01 240 0.01 240
81 0.2188964329195592 1727396 0.01 240 0.01 240
82 0.21838514030817485 1748331 0.01 240 0.01 240
83 0.21786744439073652 1769263 0.01 240 0.01 240
84 0.21734293365396026 1790193 0.01 240 0.01 240
85 0.21681143141474316 1811122 0.01 240 0.01 240
86 0.2162729737630598 1832040 0.01 240 0.01 240
87 0.21572778383719043 1852965 0.01 240 0.01 240
88 0.21517624388909923 1873877 0.01 240 0.01 240
89 0.2146188665435163 1894789 0.01 240 0.01 240
90 0.21405626648880513 1915695 0.01 240 0.01 240
91 0.21348913360065747 1936602 0.01 240 0.01 240
92 0.21291820823279523 1957504 0.01 240 0.01 240
93 0.21234425914820873 1978403 0.01 240 0.01 240
94 0.2117680643358133 1999298 0.01 240 0.01 240
95 0.2111903947743256 2020190 0.01 240 0.01 240
96 0.21061200107113076 2041081 0.01 240 0.01 240
97 0.2100336028144257 2061969 0.01 240 0.01 240
98 0.20945588042365246 2082854 0.01 240 0.01 240
99 0.20887946925632778 2103865 0.01 240 0.01 240
