0 0.9565701295446469 12429 0.04 140
1 0.887589790281859 24854 0.04 140
2 0.6749280635780045 37271 0.04 140
3 0.5147511809680371 49668 0.04 140
4 0.4254227121901063 62035 0.04 140
5 0.3709606823970366 74379 0.04 140
6 0.33066900398848903 86706 0.04 140
7 0.2993498631506132 99015 0.04 140
8 0.27659801234764175 111308 0.04 140
9 0.2610714224580911 123581 0.04 140
10 0.25023745017846943 135842 0.04 140
11 0.2418579179682208 148090 0.04 140
12 0.2347375974633944 160325 0.04 140
13 0.2283340649221541 172552 0.04 140
14 0.22242731638635727 184766 0.04 140
15 0.21694460048254788 196970 0.04 140
16 0.2118683146349348 209167 0.04 140
17 0.20719119307773687 221356 0.04 140
18 0.20290006874311273 233528 0.04 140
19 0.19897438847348284 245688 0.04 140
20 0.19538966022374524 257839 0.04 140
21 0.19212053573055834 269984 0.04 140
22 0.18914202267018318 282117 0.04 140
23 0.186429393155372 294244 0.04 140
24 0.18395787000592106 306359 0.04 140
25 0.18170280879229422 318465 0.04 140
26 0.17964049223321601 330564 0.04 140
27 0.17774922887792113 342660 0.04 140
28 0.17601032779812553 354748 0.04 140
29 0.1744086261117987 366827 0.04 140
30 0.17293244326405288 378897 0.04 140
31 0.17157302596825094 390959 0.04 140
32 0.1703236735255339 403014 0.04 140
33 0.16917877257767486 415065 0.04 140
34 0.1681329353191023 427108 0.04 140
35 0.1671803616245224 439147 0.04 140
36 0.16631446932867947 451175 0.04 140
37 0.1655277776541524 463197 0.04 140
38 0.16481199159408297 475235 0.04 140
39 0.16415821931810828 487251 0.04 140
40 0.1635572575921882 499260 0.04 140
41 0.16299989505712142 511265 0.04 140
42 0.1624772001857145 523257 0.04 140
43 0.16198077327341154 535243 0.04 140
44 0.1615029501641972 547224 0.04 140
45 0.1610369518468107 559201 0.04 140
46 0.1605769786013224 571170 0.04 140
47 0.160118249759382 583138 0.04 140
48 0.1596569915683162 595095 0.04 140
49 0.15919037749986545 607046 0.04 140
50 0.15871642804164457 618994 0.04 140
51 0.15823388021129164 630938 0.04 140
52 0.15774203996835767 642879 0.04 140
53 0.15724063234527721 654810 0.04 140
54 0.15672966364178664 666736 0.04 140
55 0.1562093072875367 678658 0.04 140
56 0.155679820616932 690573 0.04 140
57 0.15514149487956738 702486 0.04 140
58 0.15459463634019083 714391 0.04 140
59 0.1540395729472649 726294 0.04 140
60 0.15347667893106529 738188 0.04 140
61 0.15290640858284663 750078 0.04 140
62 0.15232932996376888 761969 0.04 140
63 0.1517461492284867 773847 0.04 140
64 0.1511577169808889 785728 0.04 140
65 0.15056501036020623 797596 0.04 140
66 0.14996908889469854 809462 0.04 140
67 0.14937102808315866 821321 0.04 140
68 0.14877184052507111 833175 0.04 140
69 0.14817239809978344 845028 0.04 140
70 0.14757336879449992 856874 0.04 140
71 0.14697517843073124 868718 0.04 140
72 0.1463780022245932 880554 0.04 140
73 0.14578178571368522 892385 0.04 140
74 0.1451862903757551 904217 0.04 140
75 0.14459115659347732 916040 0.04 140
76 0.14399597521382504 927862 0.04 140
77 0.14340035849710922 939675 0.04 140
78 0.14280400174163319 951484 0.04 140
79 0.14220672853171087 963289 0.04 140
80 0.14160851548613407 975088 0.04 140
81 0.14100949619455339 986887 0.04 140
82 0.14040994780572022 998678 0.04 140
83 0.13981026638156627 1010488 0.04 140
84 0.13921093792418737 1022270 0.04 140
85 0.13861251091541882 1034050 0.04 140
86 0.13801557395772796 1045829 0.04 140
87 0.13742073963069035 1057600 0.04 140
88 0.13682863376175528 1069370 0.04 140
89 0.13623988830123435 1081134 0.04 140
90 0.13565513582460306 1092892 0.04 140
91 0.13507500407323117 1104648 0.04 140
92 0.1345001095743836 1116400 0.04 140
93 0.13393105002062622 1128153 0.04 140
94 0.13336839560475722 1139897 0.04 140
95 0.13281267984277384 1151644 0.04 140
96 0.13226439056827757 1163380 0.04 140
97 0.13172396177445908 1175158 0.04 140
98 0.1311917668618548 1186975 0.04 140
99 0.13066811367598583 1198787 0.04 140
