0 0.9680915580548782 17737 0.06 200
1 0.5895184899022808 35545 0.06 200
2 0.40348164235316875 53339 0.06 200
3 0.3264022919894826 71091 0.06 200
4 0.28315755466357995 88812 0.06 200
5 0.25689855958301233 106501 0.06 200
6 0.24081375458544682 124172 0.06 200
7 0.2294158673332341 141814 0.06 200
8 0.22026661746138257 159439 0.06 200
9 0.21242514051566785 177041 0.06 200
10 0.20551551690020725 194633 0.06 200
11 0.1993852884486331 212198 0.06 200
12 0.19395964866623422 229747 0.06 200
13 0.18917699014661368 247275 0.06 200
14 0.18496960500496645 264783 0.06 200
15 0.1812640976528603 282277 0.06 200
16 0.17798613114094491 299753 0.06 200
17 0.17506469018618975 317210 0.06 200
18 0.17243526885157012 334649 0.06 200
19 0.17004189524289126 352071 0.06 200
20 0.16783800348001282 369476 0.06 200
21 0.16578636457855064 386867 0.06 200
22 0.16385835374036004 404239 0.06 200
23 0.16203279071638746 421595 0.06 200
24 0.16029454512900318 438936 0.06 200
25 0.15863307449799288 456262 0.06 200
26 0.15704104153023019 473576 0.06 200
27 0.15551312056177022 490872 0.06 200
28 0.15404505350383532 508150 0.06 200
29 0.1526329712727468 525417 0.06 200
30 0.15127297055148753 542670 0.06 200
31 0.14996092212039971 559905 0.06 200
32 0.14869247386808412 577124 0.06 200
33 0.14746319786962644 594331 0.06 200
34 0.1462688215082377 611529 0.06 200
35 0.1451054801779007 628708 0.06 200
36 0.14396993475755368 645872 0.06 200
37 0.142859711817445 663023 0.06 200
38 0.14177314742248542 680166 0.06 200
39 0.14070934129919316 697293 0.06 200
40 0.13966804896495158 714404 0.06 200
41 0.13864954854922595 731502 0.06 200
42 0.1376545150476431 748594 0.06 200
43 0.13668392161880125 765670 0.06 200
44 0.13573897180724862 782731 0.06 200
45 0.1348210541041562 799781 0.06 200
46 0.13393170424154568 816825 0.06 200
47 0.13307256126289052 833855 0.06 200
48 0.13224530873671003 851072 0.06 200
49 0.13145159958460492 868076 0.06 200
50 0.1306929692562124 885070 0.06 200
51 0.12997074577774329 902054 0.06 200
52 0.1292859660813043 919023 0.06 200
53 0.12863930648216818 935982 0.06 200
54 0.12803103226652338 952932 0.06 200
55 0.1274609682954639 969875 0.06 200
56 0.1269284902458828 986810 0.06 200
57 0.1264325348978628 1003729 0.06 200
58 0.125971627448723 1020658 0.06 200
59 0.12554392368466682 1037562 0.06 200
60 0.1251472646827404 1054456 0.06 200
61 0.12477924157743212 1071340 0.06 200
62 0.12443726790425794 1088214 0.06 200
63 0.1241186569972624 1105079 0.06 200
64 0.12382070153513836 1121940 0.06 200
65 0.12354075142201985 1138789 0.06 200
66 0.12327628505740353 1155630 0.06 200
67 0.12302496841846244 1172462 0.06 200
68 0.1227846969470929 1189290 0.06 200
69 0.12255361721013579 1206111 0.06 200
70 0.12233012824499162 1222920 0.06 200
71 0.12211286555420449 1239721 0.06 200
72 0.12190067299964043 1256515 0.06 200
73 0.12169256882772832 1273305 0.06 200
74 0.12148771165674324 1290086 0.06 200
75 0.1212853708037822 1306857 0.06 200
76 0.12108490337253222 1323622 0.06 200
77 0.12088573862108624 1340384 0.06 200
78 0.12068736868040479 1357140 0.06 200
79 0.12048934386879435 1373883 0.06 200
80 0.12029127061788301 1390626 0.06 200
81 0.12009281024435166 1407398 0.06 200
82 0.11989367728008074 1424130 0.06 200
83 0.11969363663392893 1441050 0.06 200
84 0.11949249936696399 1457763 0.06 200
85 0.11929011724297864 1474469 0.06 200
86 0.1190863764457495 1491173 0.06 200
87 0.11888119095275433 1507868 0.06 200
88 0.11867449606154368 1524554 0.06 200
89 0.11846624252234629 1541236 0.06 200
90 0.11825639167179397 1557912 0.06 200
91 0.11804491190619423 1574583 0.06 200
92 0.11783177678226349 1591244 0.06 200
93 0.11761696498159424 1607907 0.06 200
94 0.11740046230926048 1624565 0.06 200
95 0.11718226580235581 1641212 0.06 200
96 0.11696238988810746 1657848 0.06 200
97 0.11674087434486065 1674479 0.06 200
98 0.11651779358002846 1691103 0.06 200
99 0.11629326645361028 1707724 0.06 200
