0 0.9535764691038123 12434 0.05 140
1 0.7711984150393436 24855 0.05 140
2 0.5292587018850105 37254 0.05 140
3 0.4116483130224835 49615 0.05 140
4 0.3465317670940384 61946 0.05 140
5 0.30078193794238134 74255 0.05 140
6 0.270180608707912 86538 0.05 140
7 0.2514691712481971 98828 0.05 140
8 0.23904520218896455 111072 0.05 140
9 0.22928062247245928 123301 0.05 140
10 0.2208307498763034 135515 0.05 140
11 0.21328067502616338 147712 0.05 140
12 0.20652028760688532 159897 0.05 140
13 0.20050616813773012 172072 0.05 140
14 0.19518835304458895 184251 0.05 140
15 0.19050251320416386 196409 0.05 140
16 0.18637954871459894 208552 0.05 140
17 0.18275381683282677 220682 0.05 140
18 0.1795665306763117 232818 0.05 140
19 0.17676609527424095 244924 0.05 140
20 0.17430738369861373 257025 0.05 140
21 0.17215084082657162 269114 0.05 140
22 0.17026157638974876 281191 0.05 140
23 0.16860851021008616 293256 0.05 140
24 0.1671636975715784 305308 0.05 140
25 0.16590189888829693 317347 0.05 140
26 0.16480032871471817 329376 0.05 140
27 0.16383845586017076 341398 0.05 140
28 0.16299775164857122 353417 0.05 140
29 0.16226134711292656 365419 0.05 140
30 0.16161361536354774 377414 0.05 140
31 0.16103972437003022 389409 0.05 140
32 0.1605252095521199 401390 0.05 140
33 0.16005561315739247 413365 0.05 140
34 0.1596162519040243 425326 0.05 140
35 0.15919219824622624 437279 0.05 140
36 0.15876855468129172 449226 0.05 140
37 0.15833103840514265 461166 0.05 140
38 0.157866791137073 473096 0.05 140
39 0.15736523822401582 485023 0.05 140
40 0.1568187956159938 496938 0.05 140
41 0.1562232763287798 508847 0.05 140
42 0.15557794453738208 520747 0.05 140
43 0.15488525246871795 532650 0.05 140
44 0.15415033897373087 544541 0.05 140
45 0.15338036974987293 556420 0.05 140
46 0.15258378184849514 568291 0.05 140
47 0.1517694842878493 580156 0.05 140
48 0.1509460716842299 592014 0.05 140
49 0.1501211210931062 603869 0.05 140
50 0.1493006481049199 615714 0.05 140
51 0.14848878442985783 627554 0.05 140
52 0.14768770459174133 639386 0.05 140
53 0.14689778489199143 651211 0.05 140
54 0.14611793965111658 663029 0.05 140
55 0.14534605931240532 674845 0.05 140
56 0.14457947411233005 686656 0.05 140
57 0.1438153803033167 698455 0.05 140
58 0.14305118609743467 710247 0.05 140
59 0.14228475596232268 722032 0.05 140
60 0.14151455124372733 733813 0.05 140
61 0.14073968026770411 745590 0.05 140
62 0.13995988075324978 757359 0.05 140
63 0.13917546098040817 769142 0.05 140
64 0.13838722419543026 780899 0.05 140
65 0.13759639465355608 792650 0.05 140
66 0.13680455547375125 804397 0.05 140
67 0.13601360005771493 816136 0.05 140
68 0.13522569180038985 827875 0.05 140
69 0.13444322233059144 839603 0.05 140
70 0.1336687572646156 851326 0.05 140
71 0.1329049606654923 863044 0.05 140
72 0.1321544947429761 874757 0.05 140
73 0.13141989876211077 886469 0.05 140
74 0.13070345883457454 898171 0.05 140
75 0.1300070858816778 909870 0.05 140
76 0.12933222037941713 921563 0.05 140
77 0.12867977856313137 933251 0.05 140
78 0.12805014664554673 944939 0.05 140
79 0.1274432200986436 956619 0.05 140
80 0.1268584773457077 968298 0.05 140
81 0.1262950733075082 979968 0.05 140
82 0.1257519383241292 991631 0.05 140
83 0.12522787084861575 1003291 0.05 140
84 0.12472161638255028 1014949 0.05 140
85 0.12423192911130067 1026602 0.05 140
86 0.1237576158811157 1038250 0.05 140
87 0.12329756431607966 1049899 0.05 140
88 0.12285075807584761 1061539 0.05 140
89 0.12241628271120966 1073175 0.05 140
90 0.12199332551168207 1084812 0.05 140
91 0.12158117235522985 1096441 0.05 140
92 0.12117920401808137 1108071 0.05 140
93 0.12078689379097932 1119693 0.05 140
94 0.12040380763759216 1131311 0.05 140
95 0.12002960751960647 1142927 0.05 140
96 0.1196640578211841 1154538 0.05 140
97 0.11930703388201458 1166150 0.05 140
98 0.118958530340193 1177754 0.05 140
99 0.1186186652969098 1189450 0.05 140
