0 0.7943592807837908 24923 0.08 280 0.08 280
1 0.36474903949646786 49765 0.08 280 0.08 280
2 0.272961267403792 74411 0.08 280 0.08 280
3 0.23865248256622315 98907 0.08 280 0.08 280
4 0.21923286450905985 123337 0.08 280 0.08 280
5 0.2051227135358162 147703 0.08 280 0.08 280
6 0.19382121326756663 172010 0.08 280 0.08 280
7 0.18476090148216387 196253 0.08 280 0.08 280
8 0.17763011560325523 220445 0.08 280 0.08 280
9 0.17203154318613598 244588 0.08 280 0.08 280
10 0.16760536903064593 268684 0.08 280 0.08 280
11 0.1640676621766807 292736 0.08 280 0.08 280
12 0.16119642570786738 316746 0.08 280 0.08 280
13 0.1588164800920247 340724 0.08 280 0.08 280
14 0.15679184380157252 364651 0.08 280 0.08 280
15 0.15502107227599543 388552 0.08 280 0.08 280
16 0.15343169868254 412407 0.08 280 0.08 280
17 0.15197318009773642 436222 0.08 280 0.08 280
18 0.150610519527873 460000 0.08 280 0.08 280
19 0.14932031417906216 483748 0.08 280 0.08 280
20 0.14808889340832976 507473 0.08 280 0.08 280
21 0.14691103127536573 531153 0.08 280 0.08 280
22 0.1457880867008856 554803 0.08 280 0.08 280
23 0.14472547032883498 578428 0.08 280 0.08 280
24 0.1437300346179873 602012 0.08 280 0.08 280
25 0.1428079465098848 625575 0.08 280 0.08 280
26 0.1419631750550093 649100 0.08 280 0.08 280
27 0.14119658861294562 672592 0.08 280 0.08 280
28 0.14050578999465607 696062 0.08 280 0.08 280
29 0.1398856603270503 719498 0.08 280 0.08 280
30 0.13932926175271743 742898 0.08 280 0.08 280
31 0.13882871481403497 766274 0.08 280 0.08 280
32 0.13837585937727848 789622 0.08 280 0.08 280
33 0.13796267980345733 812949 0.08 280 0.08 280
34 0.13758155019572615 836242 0.08 280 0.08 280
35 0.13722536898031956 859508 0.08 280 0.08 280
36 0.1368876402641167 882750 0.08 280 0.08 280
37 0.13656253815734404 905965 0.08 280 0.08 280
38 0.1362449673233656 929156 0.08 280 0.08 280
39 0.13593061548783356 952325 0.08 280 0.08 280
40 0.13561598589045534 975475 0.08 280 0.08 280
41 0.13529839885544623 998592 0.08 280 0.08 280
42 0.13497595738280604 1021688 0.08 280 0.08 280
43 0.13464747774761315 1044758 0.08 280 0.08 280
44 0.13431239084680704 1067805 0.08 280 0.08 280
45 0.13397062370365934 1090829 0.08 280 0.08 280
46 0.13362247344654632 1113832 0.08 280 0.08 280
47 0.13326848750740333 1136820 0.08 280 0.08 280
48 0.1329093625361566 1159781 0.08 280 0.08 280
49 0.13254587023407446 1182718 0.08 280 0.08 280
50 0.13217881210022764 1205631 0.08 280 0.08 280
51 0.13180899902960436 1228523 0.08 280 0.08 280
52 0.13143724764932618 1251395 0.08 280 0.08 280
53 0.1310643840395264 1274246 0.08 280 0.08 280
54 0.13069124674168703 1297085 0.08 280 0.08 280
55 0.13031868371513702 1319897 0.08 280 0.08 280
56 0.1299475410448189 1342688 0.08 280 0.08 280
57 0.12957864387680737 1365460 0.08 280 0.08 280
58 0.12921277182071947 1388212 0.08 280 0.08 280
59 0.12885063184747036 1410945 0.08 280 0.08 280
60 0.12849283171794745 1433658 0.08 280 0.08 280
61 0.12813985650353005 1456364 0.08 280 0.08 280
62 0.12779205009340694 1479044 0.08 280 0.08 280
63 0.1274496029332698 1501706 0.08 280 0.08 280
64 0.12711254670402566 1524364 0.08 280 0.08 280
65 0.1267807562341063 1546992 0.08 280 0.08 280
66 0.12645395859908756 1569602 0.08 280 0.08 280
67 0.1261317490439436 1592196 0.08 280 0.08 280
68 0.12581361303661998 1614786 0.08 280 0.08 280
69 0.12549895343033246 1637347 0.08 280 0.08 280
70 0.12518712140486005 1659891 0.08 280 0.08 280
71 0.12487744960974279 1682418 0.08 280 0.08 280
72 0.12456928577226312 1704931 0.08 280 0.08 280
73 0.12426202497397686 1727432 0.08 280 0.08 280
74 0.12395513884655535 1749916 0.08 280 0.08 280
75 0.12364820010114162 1772386 0.08 280 0.08 280
76 0.12334090111450202 1794849 0.08 280 0.08 280
77 0.12303306579946321 1817296 0.08 280 0.08 280
78 0.12272465472372122 1839725 0.08 280 0.08 280
79 0.122415764332936 1862140 0.08 280 0.08 280
80 0.1221066217656983 1884538 0.08 280 0.08 280
81 0.12179757596772908 1906922 0.08 280 0.08 280
82 0.12148908119229648 1929304 0.08 280 0.08 280
83 0.12118165656643763 1951665 0.08 280 0.08 280
84 0.12087578150970119 1974025 0.08 280 0.08 280
85 0.12057165613967187 1996360 0.08 280 0.08 280
86 0.12026875191946693 2018695 0.08 280 0.08 280
87 0.11996518513888214 2041004 0.08 280 0.08 280
88 0.11965724872735663 2063303 0.08 280 0.08 280
89 0.11933977629598069 2085599 0.08 280 0.08 280
90 0.11900776356728454 2107872 0.08 280 0.08 280
91 0.11865845981529673 2130135 0.08 280 0.08 280
92 0.11829222977431615 2152388 0.08 280 0.08 280
93 0.11791159538169653 2174629 0.08 280 0.08 280
94 0.11751975433896611 2196866 0.08 280 0.08 280
95 0.11711989890907375 2219084 0.08 280 0.08 280
96 0.11671529255164648 2241315 0.08 280 0.08 280
97 0.11630938880647583 2263511 0.08 280 0.08 280
98 0.11590563550796638 2285698 0.08 280 0.08 280
99 0.11550710573320166 2307876 0.08 280 0.08 280
