0 0.9644962782284207 17810 0.04 200
1 0.8927234803391603 35657 0.04 200
2 0.6309273956903074 53485 0.04 200
3 0.480117403934698 71299 0.04 200
4 0.39890207427633745 89082 0.04 200
5 0.34911817127221423 106856 0.04 200
6 0.3150456422452992 124601 0.04 200
7 0.2899146588996163 142332 0.04 200
8 0.2709875106698645 160045 0.04 200
9 0.25653083467309384 177744 0.04 200
10 0.24521988432967723 195431 0.04 200
11 0.23612360806170804 213306 0.04 200
12 0.22862517980755692 230972 0.04 200
13 0.222307447151361 248622 0.04 200
14 0.21687489893313167 266264 0.04 200
15 0.21211299097031608 283897 0.04 200
16 0.20786671595608852 301523 0.04 200
17 0.20402548516075053 319134 0.04 200
18 0.20051018830816494 336735 0.04 200
19 0.19726291686565742 354327 0.04 200
20 0.19424014665750342 371912 0.04 200
21 0.1914088777334926 389484 0.04 200
22 0.18874447930797975 407046 0.04 200
23 0.1862291733406365 424599 0.04 200
24 0.1838505997663358 442145 0.04 200
25 0.1816003333458896 459680 0.04 200
26 0.17947246575253722 477205 0.04 200
27 0.17746242192841183 494720 0.04 200
28 0.17556611534371608 512228 0.04 200
29 0.17377945010322876 529727 0.04 200
30 0.17209810251254315 547217 0.04 200
31 0.1705174805009316 564700 0.04 200
32 0.16903276519697352 582175 0.04 200
33 0.16763896991206192 599638 0.04 200
34 0.16633098748735756 617093 0.04 200
35 0.16510362254101427 634537 0.04 200
36 0.1639516160643487 651974 0.04 200
37 0.16286966948969003 669406 0.04 200
38 0.1618524702462031 686828 0.04 200
39 0.16089471644107295 704243 0.04 200
40 0.15999113725104208 721648 0.04 200
41 0.15913650759896275 739049 0.04 200
42 0.1583256589112143 756444 0.04 200
43 0.15755349041064357 773827 0.04 200
44 0.15681498653837772 791221 0.04 200
45 0.15610524552097763 808590 0.04 200
46 0.15541952196432918 825955 0.04 200
47 0.15475328307635267 843306 0.04 200
48 0.15410227451075592 860652 0.04 200
49 0.15346258896407292 877988 0.04 200
50 0.15283072941708523 895324 0.04 200
51 0.15220365955112367 912647 0.04 200
52 0.15157883602073433 929962 0.04 200
53 0.15095422018936974 947270 0.04 200
54 0.15032826985120465 964575 0.04 200
55 0.14969991377486402 981874 0.04 200
56 0.14906851330997872 999161 0.04 200
57 0.14843381576834094 1016446 0.04 200
58 0.14779590399312195 1033725 0.04 200
59 0.14715514571572944 1050996 0.04 200
60 0.14651214522931505 1068258 0.04 200
61 0.14586769879899386 1085510 0.04 200
62 0.14522275424340642 1102756 0.04 200
63 0.14457837436755366 1119999 0.04 200
64 0.1439357034608436 1137234 0.04 200
65 0.1432959359105432 1154460 0.04 200
66 0.14266028609197984 1171682 0.04 200
67 0.14202995901978555 1189098 0.04 200
68 0.14140612168848424 1206311 0.04 200
69 0.14078987549136693 1223514 0.04 200
70 0.14018223048352263 1240712 0.04 200
71 0.13958408247149187 1257906 0.04 200
72 0.13899619393069887 1275092 0.04 200
73 0.13841917958009228 1292272 0.04 200
74 0.13785349712816355 1309443 0.04 200
75 0.137299443317176 1326611 0.04 200
76 0.1367571550092093 1343774 0.04 200
77 0.13622661474174352 1360928 0.04 200
78 0.13570765997089215 1378078 0.04 200
79 0.135199995128251 1395219 0.04 200
80 0.13470320563040117 1412355 0.04 200
81 0.13421677307116076 1429486 0.04 200
82 0.13374009096320458 1446615 0.04 200
83 0.13327248054760799 1463741 0.04 200
84 0.1328132063346189 1480855 0.04 200
85 0.1323614911627817 1497986 0.04 200
86 0.1319165306608872 1515093 0.04 200
87 0.13147750706879557 1532197 0.04 200
88 0.13104360242315724 1549292 0.04 200
89 0.13061401114800397 1566380 0.04 200
90 0.13018795211256667 1583464 0.04 200
91 0.1297646802316105 1600546 0.04 200
92 0.1293434976861695 1617621 0.04 200
93 0.12892376483119017 1634689 0.04 200
94 0.1285049108268343 1651754 0.04 200
95 0.12808644397905294 1668815 0.04 200
96 0.12766796170285022 1685874 0.04 200
97 0.12724915993329128 1702923 0.04 200
98 0.1268298417129897 1719971 0.04 200
99 0.1264099245912056 1737014 0.04 200
