0 0.9208422282283848 23114 0.060000000000000005 260 0.06 260
1 0.5592472379548453 46183 0.060000000000000005 260 0.06 260
2 0.3617613630275544 69197 0.060000000000000005 260 0.06 260
3 0.2943327707888741 92163 0.060000000000000005 260 0.06 260
4 0.25943008316634036 115095 0.060000000000000005 260 0.06 260
5 0.2372134225047525 137989 0.060000000000000005 260 0.06 260
6 0.22186302454825302 160847 0.060000000000000005 260 0.06 260
7 0.2104065208137301 183666 0.060000000000000005 260 0.06 260
8 0.20156016165302626 206452 0.060000000000000005 260 0.06 260
9 0.19463725307812038 229207 0.060000000000000005 260 0.06 260
10 0.18911059198094635 251932 0.060000000000000005 260 0.06 260
11 0.18456183322214387 274628 0.060000000000000005 260 0.06 260
12 0.18068081822582935 297294 0.060000000000000005 260 0.06 260
13 0.17725618998134854 319936 0.060000000000000005 260 0.06 260
14 0.17415831132624318 342552 0.060000000000000005 260 0.06 260
15 0.17131689521063273 365149 0.060000000000000005 260 0.06 260
16 0.1686971357149066 387728 0.060000000000000005 260 0.06 260
17 0.16628042660675904 410280 0.060000000000000005 260 0.06 260
18 0.16405320715382618 432814 0.060000000000000005 260 0.06 260
19 0.16200250249394904 455331 0.060000000000000005 260 0.06 260
20 0.16011482493965415 477830 0.060000000000000005 260 0.06 260
21 0.158376143239904 500311 0.060000000000000005 260 0.06 260
22 0.15677201919077796 522771 0.060000000000000005 260 0.06 260
23 0.15528775443904982 545215 0.060000000000000005 260 0.06 260
24 0.1539086420661248 567642 0.060000000000000005 260 0.06 260
25 0.15262040850610603 590050 0.060000000000000005 260 0.06 260
26 0.15140981074328033 612443 0.060000000000000005 260 0.06 260
27 0.1502652433670302 634818 0.060000000000000005 260 0.06 260
28 0.1491771874610461 657181 0.060000000000000005 260 0.06 260
29 0.14813840016186333 679525 0.060000000000000005 260 0.06 260
30 0.14714383802229397 701854 0.060000000000000005 260 0.06 260
31 0.14619036901781948 724168 0.060000000000000005 260 0.06 260
32 0.1452763460891564 746468 0.060000000000000005 260 0.06 260
33 0.14440111159441255 768831 0.060000000000000005 260 0.06 260
34 0.1435644961945116 791101 0.060000000000000005 260 0.06 260
35 0.1427663709193019 813356 0.060000000000000005 260 0.06 260
36 0.14200630187615795 835600 0.060000000000000005 260 0.06 260
37 0.1412833383191872 857833 0.060000000000000005 260 0.06 260
38 0.14059593736829404 880045 0.060000000000000005 260 0.06 260
39 0.13994199965615256 902245 0.060000000000000005 260 0.06 260
40 0.13931897008278782 924432 0.060000000000000005 260 0.06 260
41 0.13872395518315978 946607 0.060000000000000005 260 0.06 260
42 0.13815382460671657 968766 0.060000000000000005 260 0.06 260
43 0.13760529102946684 990915 0.060000000000000005 260 0.06 260
44 0.13707498732513837 1013047 0.060000000000000005 260 0.06 260
45 0.13655957134795277 1035167 0.060000000000000005 260 0.06 260
46 0.13605588504173596 1057275 0.060000000000000005 260 0.06 260
47 0.13556118079106572 1079369 0.060000000000000005 260 0.06 260
48 0.13507340877652918 1101448 0.060000000000000005 260 0.06 260
49 0.13459153387114023 1123524 0.060000000000000005 260 0.06 260
50 0.13411581724173477 1145581 0.060000000000000005 260 0.06 260
51 0.13364796526422226 1167624 0.060000000000000005 260 0.06 260
52 0.13319104448577165 1189656 0.060000000000000005 260 0.06 260
53 0.13274911728930766 1211689 0.060000000000000005 260 0.06 260
54 0.13232666201513932 1233706 0.060000000000000005 260 0.06 260
55 0.13192793708522013 1255700 0.060000000000000005 260 0.06 260
56 0.13155645602548524 1277684 0.060000000000000005 260 0.06 260
57 0.13121465891475376 1299656 0.060000000000000005 260 0.06 260
58 0.13090377087357255 1321616 0.060000000000000005 260 0.06 260
59 0.13062379401054397 1343566 0.060000000000000005 260 0.06 260
60 0.13037358578530087 1365502 0.060000000000000005 260 0.06 260
61 0.13015099833599186 1387429 0.060000000000000005 260 0.06 260
62 0.12995306481111657 1409347 0.060000000000000005 260 0.06 260
63 0.12977621795044306 1431252 0.060000000000000005 260 0.06 260
64 0.12961652159231637 1453144 0.060000000000000005 260 0.06 260
65 0.12946989435910056 1475032 0.060000000000000005 260 0.06 260
66 0.12933230818167454 1496902 0.060000000000000005 260 0.06 260
67 0.12919995082116267 1518762 0.060000000000000005 260 0.06 260
68 0.12906934849881968 1540615 0.060000000000000005 260 0.06 260
69 0.12893745012563265 1562453 0.060000000000000005 260 0.06 260
70 0.1288016775671081 1584280 0.060000000000000005 260 0.06 260
71 0.1286599471728773 1606098 0.060000000000000005 260 0.06 260
72 0.12851066740264408 1627908 0.060000000000000005 260 0.06 260
73 0.12835271672643828 1649705 0.060000000000000005 260 0.06 260
74 0.12818540556389285 1671495 0.060000000000000005 260 0.06 260
75 0.12800842595825188 1693273 0.060000000000000005 260 0.06 260
76 0.12782179290580178 1715042 0.060000000000000005 260 0.06 260
77 0.1276257816662632 1736802 0.060000000000000005 260 0.06 260
78 0.12742086572836064 1758551 0.060000000000000005 260 0.06 260
79 0.1272076600455196 1780288 0.060000000000000005 260 0.06 260
80 0.1269868733836722 1802025 0.060000000000000005 260 0.06 260
81 0.12675927207954626 1823747 0.060000000000000005 260 0.06 260
82 0.12652565546648403 1845457 0.060000000000000005 260 0.06 260
83 0.1262868411933417 1867158 0.060000000000000005 260 0.06 260
84 0.12604365717669852 1888863 0.060000000000000005 260 0.06 260
85 0.12579693634821593 1910554 0.060000000000000005 260 0.06 260
86 0.1255475107568752 1932225 0.060000000000000005 260 0.06 260
87 0.1252962027415814 1953890 0.060000000000000005 260 0.06 260
88 0.1250438123993621 1975546 0.060000000000000005 260 0.06 260
89 0.12479110199774658 1997194 0.060000000000000005 260 0.06 260
90 0.12453877897781619 2018832 0.060000000000000005 260 0.06 260
91 0.12428747961058279 2040460 0.060000000000000005 260 0.06 260
92 0.12403775523747097 2062082 0.060000000000000005 260 0.06 260
93 0.12379006251245064 2083695 0.060000000000000005 260 0.06 260
94 0.12354475838226933 2105300 0.060000000000000005 260 0.06 260
95 0.12330209987715308 2126894 0.060000000000000005 260 0.06 260
96 0.12306224825536383 2148487 0.060000000000000005 260 0.06 260
97 0.1228252767002839 2170065 0.060000000000000005 260 0.06 260
98 0.12259118060682557 2191630 0.060000000000000005 260 0.06 260
99 0.1223598894837803 2213143 0.060000000000000005 260 0.06 260
