0 0.9559289137369485 10657 0.02 120
1 0.9524069608341404 21299 0.02 120
2 0.9432361590536332 31942 0.02 120
3 0.909358522791839 42623 0.02 120
4 0.8116554826365561 53271 0.02 120
5 0.7075886476261216 63916 0.02 120
6 0.6304298382344381 74555 0.02 120
7 0.5711242130579361 85187 0.02 120
8 0.522101263153187 95826 0.02 120
9 0.4785748234198597 106438 0.02 120
10 0.44033955398304725 117043 0.02 120
11 0.4080921663608128 127630 0.02 120
12 0.3813081079726434 138208 0.02 120
13 0.35884096209084226 148779 0.02 120
14 0.34004053147013863 159338 0.02 120
15 0.3247017202466479 169888 0.02 120
16 0.31241445781276844 180427 0.02 120
17 0.3024778125973068 190961 0.02 120
18 0.29416136988831587 201484 0.02 120
19 0.28687868047580184 211998 0.02 120
20 0.2802209471854441 222509 0.02 120
21 0.2739357528600456 233007 0.02 120
22 0.2679021936707908 243498 0.02 120
23 0.26210811283765667 253994 0.02 120
24 0.25661438427099675 264470 0.02 120
25 0.25150460207068825 274942 0.02 120
26 0.24683896218351242 285402 0.02 120
27 0.24263057317022566 295861 0.02 120
28 0.23884625069529875 306311 0.02 120
29 0.2354217732406504 316753 0.02 120
30 0.2322804634445339 327190 0.02 120
31 0.22934837449124626 337619 0.02 120
32 0.22656425032242614 348037 0.02 120
33 0.2238852585066803 358455 0.02 120
34 0.22128916618082994 368860 0.02 120
35 0.21877263815986928 379263 0.02 120
36 0.21634594943655092 389655 0.02 120
37 0.21402573583876666 400045 0.02 120
38 0.21182810635161609 410429 0.02 120
39 0.20976402437986005 420806 0.02 120
40 0.20783753491799303 431182 0.02 120
41 0.20604614166015717 441549 0.02 120
42 0.20438222317039054 451910 0.02 120
43 0.20283466863667718 462266 0.02 120
44 0.20139035008242442 472618 0.02 120
45 0.2000353237704365 482966 0.02 120
46 0.1987557611870702 493309 0.02 120
47 0.19753863541574865 503651 0.02 120
48 0.19637219194488356 513986 0.02 120
49 0.19524623369560923 524316 0.02 120
50 0.19415225041912862 534646 0.02 120
51 0.19308342231163309 544967 0.02 120
52 0.19203452684111222 555284 0.02 120
53 0.19100177642063113 565598 0.02 120
54 0.18998261263591018 575908 0.02 120
55 0.18897548018630755 586213 0.02 120
56 0.18797960047192017 596516 0.02 120
57 0.18699476082503805 606817 0.02 120
58 0.1860211308419782 617112 0.02 120
59 0.18505911243383127 627402 0.02 120
60 0.18410922557024428 637694 0.02 120
61 0.18317202775957359 647977 0.02 120
62 0.18224806247958233 658257 0.02 120
63 0.18133783020206198 668534 0.02 120
64 0.18044177526440527 678808 0.02 120
65 0.17956028238594215 689078 0.02 120
66 0.17869367778432801 699345 0.02 120
67 0.17784223129518303 709612 0.02 120
68 0.17700615736481537 719873 0.02 120
69 0.17618561407341624 730131 0.02 120
70 0.17538070033569744 740390 0.02 120
71 0.17459145206961144 750642 0.02 120
72 0.173817838429808 760891 0.02 120
73 0.17305975921591396 771137 0.02 120
74 0.17231704435004833 781383 0.02 120
75 0.17158945594558164 791623 0.02 120
76 0.17087669304282266 801864 0.02 120
77 0.1701783986621742 812101 0.02 120
78 0.16949416851255414 822337 0.02 120
79 0.16882356054785935 832570 0.02 120
80 0.16816610458619055 842805 0.02 120
81 0.16752131134891513 853029 0.02 120
82 0.16688868047780434 863254 0.02 120
83 0.16626770729648022 873472 0.02 120
84 0.1656578882639556 883692 0.02 120
85 0.16505872520619794 893905 0.02 120
86 0.16446972850079478 904120 0.02 120
87 0.16389041943210125 914332 0.02 120
88 0.16332033193731882 924538 0.02 120
89 0.16275901393876085 934745 0.02 120
90 0.16220602841638918 944951 0.02 120
91 0.16166095432881714 955150 0.02 120
92 0.1611233874489563 965347 0.02 120
93 0.16059294114724973 975541 0.02 120
94 0.1600692471324479 985740 0.02 120
95 0.15955195614607462 995931 0.02 120
96 0.159040738599719 1006120 0.02 120
97 0.15853528514167195 1016309 0.02 120
98 0.15803530713880728 1026494 0.02 120
99 0.15754053705948376 1036679 0.02 120
