0 0.9589279244877194 21243 0.05 240 0.05 240
1 0.643764289959465 42466 0.05 240 0.05 240
2 0.4545532326494602 63694 0.05 240 0.05 240
3 0.3532932083914479 84954 0.05 240 0.05 240
4 0.3040298023231984 106177 0.05 240 0.05 240
5 0.2768420137268217 127373 0.05 240 0.05 240
6 0.25934489538549105 148544 0.05 240 0.05 240
7 0.24717034716638825 169692 0.05 240 0.05 240
8 0.23822827623094525 190819 0.05 240 0.05 240
9 0.23131702565488782 211928 0.05 240 0.05 240
10 0.22569115104910908 233014 0.05 240 0.05 240
11 0.22087829268284184 254079 0.05 240 0.05 240
12 0.21657719191360278 275126 0.05 240 0.05 240
13 0.21259787746155198 296153 0.05 240 0.05 240
14 0.20882398254143583 317162 0.05 240 0.05 240
15 0.20518692312272188 338152 0.05 240 0.05 240
16 0.20164857668254776 359122 0.05 240 0.05 240
17 0.19819047763678638 380075 0.05 240 0.05 240
18 0.19480800628548506 401010 0.05 240 0.05 240
19 0.19150758713707206 421929 0.05 240 0.05 240
20 0.18830429922374223 442840 0.05 240 0.05 240
21 0.18521835707571638 463725 0.05 240 0.05 240
22 0.182270768635184 484596 0.05 240 0.05 240
23 0.17947946134131793 505452 0.05 240 0.05 240
24 0.17685692757620117 526295 0.05 240 0.05 240
25 0.1744095983142176 547126 0.05 240 0.05 240
26 0.17213843149219438 567940 0.05 240 0.05 240
27 0.17003996871946442 588743 0.05 240 0.05 240
28 0.16810729466186577 609531 0.05 240 0.05 240
29 0.16633062985993585 630307 0.05 240 0.05 240
30 0.16469751467537175 651069 0.05 240 0.05 240
31 0.16319270953739004 671817 0.05 240 0.05 240
32 0.1617980820107689 692561 0.05 240 0.05 240
33 0.1604928473564027 713286 0.05 240 0.05 240
34 0.15925452481487776 733999 0.05 240 0.05 240
35 0.15806074643595622 754700 0.05 240 0.05 240
36 0.15689157641147047 775389 0.05 240 0.05 240
37 0.15573158870241424 796068 0.05 240 0.05 240
38 0.15457097906287443 816735 0.05 240 0.05 240
39 0.1534054352983245 837394 0.05 240 0.05 240
40 0.15223501373650447 858042 0.05 240 0.05 240
41 0.1510625571251872 878681 0.05 240 0.05 240
42 0.14989217180457448 899306 0.05 240 0.05 240
43 0.14872808563883158 919921 0.05 240 0.05 240
44 0.14757398926991536 940524 0.05 240 0.05 240
45 0.14643281002482972 961119 0.05 240 0.05 240
46 0.1453067951042444 981704 0.05 240 0.05 240
47 0.14419776690220443 1002282 0.05 240 0.05 240
48 0.14310743324039407 1022842 0.05 240 0.05 240
49 0.14203767135673448 1043392 0.05 240 0.05 240
50 0.14099074273779727 1063933 0.05 240 0.05 240
51 0.13996942274019528 1084462 0.05 240 0.05 240
52 0.13897703613825288 1104983 0.05 240 0.05 240
53 0.1380173822587963 1125493 0.05 240 0.05 240
54 0.13709452976940284 1145995 0.05 240 0.05 240
55 0.13621247995729555 1166489 0.05 240 0.05 240
56 0.13537473789545193 1186977 0.05 240 0.05 240
57 0.1345838709081252 1207452 0.05 240 0.05 240
58 0.13384114923728208 1227919 0.05 240 0.05 240
59 0.13314634829309094 1248377 0.05 240 0.05 240
60 0.13249775432091268 1268826 0.05 240 0.05 240
61 0.1318923683243684 1289264 0.05 240 0.05 240
62 0.13132625910295428 1309704 0.05 240 0.05 240
63 0.13079498830128952 1330120 0.05 240 0.05 240
64 0.13029402697173298 1350530 0.05 240 0.05 240
65 0.1298191019996453 1370930 0.05 240 0.05 240
66 0.12936644021315818 1391320 0.05 240 0.05 240
67 0.1289329054234244 1411703 0.05 240 0.05 240
68 0.12851604190754853 1432076 0.05 240 0.05 240
69 0.12811404628561687 1452444 0.05 240 0.05 240
70 0.12772569124928307 1472808 0.05 240 0.05 240
71 0.12735022249194217 1493165 0.05 240 0.05 240
72 0.12698724661285832 1513512 0.05 240 0.05 240
73 0.12663662361226566 1533851 0.05 240 0.05 240
74 0.12629837315352016 1554183 0.05 240 0.05 240
75 0.12597259933520003 1574507 0.05 240 0.05 240
76 0.12565943477691743 1594823 0.05 240 0.05 240
77 0.12535900189824006 1615140 0.05 240 0.05 240
78 0.12507138766618375 1635438 0.05 240 0.05 240
79 0.12479662776490094 1655731 0.05 240 0.05 240
80 0.12453469676522912 1676014 0.05 240 0.05 240
81 0.12428550196562947 1696291 0.05 240 0.05 240
82 0.12404887969331964 1716563 0.05 240 0.05 240
83 0.12382459369208072 1736829 0.05 240 0.05 240
84 0.12361233565781084 1757087 0.05 240 0.05 240
85 0.1234117280445851 1777339 0.05 240 0.05 240
86 0.12322232907878716 1797584 0.05 240 0.05 240
87 0.12304363964418223 1817822 0.05 240 0.05 240
88 0.12287511147124207 1838052 0.05 240 0.05 240
89 0.1227161559594727 1858273 0.05 240 0.05 240
90 0.12256615299908348 1878486 0.05 240 0.05 240
91 0.12242445930594148 1898693 0.05 240 0.05 240
92 0.12229041598417782 1918896 0.05 240 0.05 240
93 0.12216335522562263 1939091 0.05 240 0.05 240
94 0.12204260620170267 1959279 0.05 240 0.05 240
95 0.12192750028103419 1979461 0.05 240 0.05 240
96 0.12181737571532887 1999639 0.05 240 0.05 240
97 0.1217115818933988 2019812 0.05 240 0.05 240
98 0.12160948319203665 2039977 0.05 240 0.05 240
99 0.12151046237907163 2060137 0.05 240 0.05 240
