0 0.7714733627530606 14200 0.08 160
1 0.37775785374245174 28333 0.08 160
2 0.2813552011223469 42395 0.08 160
3 0.24560725136798728 56402 0.08 160
4 0.22690259715296213 70370 0.08 160
5 0.21551595045437347 84301 0.08 160
6 0.20755084690241205 98203 0.08 160
7 0.20099701989877086 112074 0.08 160
8 0.1949776317684333 125914 0.08 160
9 0.1893219020144089 139720 0.08 160
10 0.18410359837486062 153499 0.08 160
11 0.17938580563133746 167247 0.08 160
12 0.1751736329997754 180965 0.08 160
13 0.17144250849885398 194662 0.08 160
14 0.16816168867430165 208329 0.08 160
15 0.16529819140960667 221970 0.08 160
16 0.1628136950572253 235586 0.08 160
17 0.160664764733516 249180 0.08 160
18 0.1588069086064592 262743 0.08 160
19 0.15719879299222236 276293 0.08 160
20 0.15580420756781516 289815 0.08 160
21 0.1545917605198405 303313 0.08 160
22 0.1535335238686791 316784 0.08 160
23 0.1526037929198669 330237 0.08 160
24 0.151778474974005 343667 0.08 160
25 0.15103506613552767 357074 0.08 160
26 0.15035295495655243 370463 0.08 160
27 0.14971380213354965 383832 0.08 160
28 0.1491018352989948 397179 0.08 160
29 0.14850399440101944 410510 0.08 160
30 0.1479099361963574 423824 0.08 160
31 0.14731194038804818 437117 0.08 160
32 0.1467047571030367 450402 0.08 160
33 0.14608540575798265 463664 0.08 160
34 0.14545289109759948 476915 0.08 160
35 0.14480776689697594 490151 0.08 160
36 0.1441514849184348 503370 0.08 160
37 0.14348554080584228 516571 0.08 160
38 0.1428105645945802 529762 0.08 160
39 0.14212564550942253 542933 0.08 160
40 0.14142821819872448 556093 0.08 160
41 0.14071467276273536 569240 0.08 160
42 0.13998152555813073 582377 0.08 160
43 0.13922671252641383 595504 0.08 160
44 0.13845054369797977 608616 0.08 160
45 0.13765607297515056 621727 0.08 160
46 0.13684889428155209 634819 0.08 160
47 0.13603651349967746 647903 0.08 160
48 0.13522746513382758 660976 0.08 160
49 0.13443032863216192 674038 0.08 160
50 0.13365280011341393 687093 0.08 160
51 0.13290097130239203 700144 0.08 160
52 0.13217892368018574 713176 0.08 160
53 0.13148866327256256 726201 0.08 160
54 0.1308303371034131 739214 0.08 160
55 0.13020262324321935 752220 0.08 160
56 0.1296031828769425 765222 0.08 160
57 0.12902909018206304 778210 0.08 160
58 0.12847719217608153 791194 0.08 160
59 0.12794438112893264 804167 0.08 160
60 0.12742778167721042 817138 0.08 160
61 0.12692486469430342 830110 0.08 160
62 0.12643350342758197 843065 0.08 160
63 0.1259519872016364 856010 0.08 160
64 0.12547900600124642 868951 0.08 160
65 0.1250136166496802 881880 0.08 160
66 0.12455519873970236 894807 0.08 160
67 0.12410340626093785 907729 0.08 160
68 0.12365811907697932 920645 0.08 160
69 0.12321939699756623 933549 0.08 160
70 0.1227874380854761 946446 0.08 160
71 0.12236254196577748 959338 0.08 160
72 0.12194507822854445 972222 0.08 160
73 0.12153545952454571 985100 0.08 160
74 0.12113411865032295 997972 0.08 160
75 0.12074148880571606 1010842 0.08 160
76 0.12035798626979284 1023719 0.08 160
77 0.11998399494575497 1036576 0.08 160
78 0.11961985251603553 1049433 0.08 160
79 0.11926583825602557 1062279 0.08 160
80 0.11892216280924975 1075123 0.08 160
81 0.11858896037643782 1087960 0.08 160
82 0.11826628379503362 1100789 0.08 160
83 0.11795410289745503 1113613 0.08 160
84 0.11765230637217446 1126430 0.08 160
85 0.11736070715280707 1139244 0.08 160
86 0.11707905115750517 1152049 0.08 160
87 0.11680702900868344 1164850 0.08 160
88 0.11654429018444658 1177644 0.08 160
89 0.11629045888895033 1190444 0.08 160
90 0.11604515078490565 1203229 0.08 160
91 0.1158079896198693 1216010 0.08 160
92 0.11557862271494407 1228788 0.08 160
93 0.11535673428430025 1241559 0.08 160
94 0.11514205562395054 1254327 0.08 160
95 0.11493437134546726 1267089 0.08 160
96 0.11473352102082202 1279851 0.08 160
97 0.11453939582521264 1292607 0.08 160
98 0.11435192998770972 1305360 0.08 160
99 0.11417108705839345 1318110 0.08 160
