0 0.9552779111957209 15977 0.01 180
1 0.9533672703828913 31908 0.01 180
2 0.9505298956736633 47839 0.01 180
3 0.9455892874440999 63773 0.01 180
4 0.9358390166242991 79703 0.01 180
5 0.9195742734427438 95632 0.01 180
6 0.8991445447754459 111564 0.01 180
7 0.8704944621182646 127495 0.01 180
8 0.8306337104779179 143423 0.01 180
9 0.7842407161657241 159358 0.01 180
10 0.7375183160648431 175294 0.01 180
11 0.6914163013815599 191231 0.01 180
12 0.6452644860610428 207201 0.01 180
13 0.5999406519752633 223132 0.01 180
14 0.5575903188072544 239063 0.01 180
15 0.5200714603137605 254984 0.01 180
16 0.4879140259531796 270895 0.01 180
17 0.4606305193051735 286806 0.01 180
18 0.4374058619175905 302711 0.01 180
19 0.4174875062168661 318605 0.01 180
20 0.40030986951752257 334500 0.01 180
21 0.3854944302626574 350384 0.01 180
22 0.37278847072718907 366274 0.01 180
23 0.3619764802835024 382149 0.01 180
24 0.3528115803426406 398017 0.01 180
25 0.3450036796723589 413880 0.01 180
26 0.33825417661758306 429741 0.01 180
27 0.3322971350025311 445593 0.01 180
28 0.3269206515410652 461447 0.01 180
29 0.3219678411084036 477295 0.01 180
30 0.317327276834098 493133 0.01 180
31 0.31292111935465716 508967 0.01 180
32 0.30869518791797773 524801 0.01 180
33 0.30461222545353517 540632 0.01 180
34 0.30064786343516897 556453 0.01 180
35 0.29678820010992574 572274 0.01 180
36 0.29302807752333376 588086 0.01 180
37 0.289369494763301 603894 0.01 180
38 0.2858198222517783 619702 0.01 180
39 0.2823896641448961 635501 0.01 180
40 0.2790904917422541 651300 0.01 180
41 0.27593245367887753 667090 0.01 180
42 0.27292282099421655 682894 0.01 180
43 0.27006528336791763 698679 0.01 180
44 0.26735998955905066 714458 0.01 180
45 0.264804048978297 730235 0.01 180
46 0.2623922172261789 746010 0.01 180
47 0.26011758097368753 761778 0.01 180
48 0.2579721504294418 777543 0.01 180
49 0.25594733001938835 793308 0.01 180
50 0.25403427210859714 809067 0.01 180
51 0.25222413415572553 824822 0.01 180
52 0.250508263935338 840584 0.01 180
53 0.24887833510997995 856333 0.01 180
54 0.2473264496222017 872078 0.01 180
55 0.24584521626348396 887823 0.01 180
56 0.24442780801706865 903562 0.01 180
57 0.24306799581083643 919302 0.01 180
58 0.2417601542083571 935036 0.01 180
59 0.24049923553095456 950774 0.01 180
60 0.23928071217320177 966506 0.01 180
61 0.23810049105826336 982232 0.01 180
62 0.23695480790244952 997953 0.01 180
63 0.23584011137423047 1013674 0.01 180
64 0.2347529481823746 1029390 0.01 180
65 0.2336898599308194 1045103 0.01 180
66 0.23264730163170105 1060817 0.01 180
67 0.23162159020562645 1076525 0.01 180
68 0.23060888892672515 1092230 0.01 180
69 0.22960523034126906 1107935 0.01 180
70 0.22860657581387542 1123634 0.01 180
71 0.22760890523034139 1139332 0.01 180
72 0.22660832659496255 1155029 0.01 180
73 0.22560119326360206 1170722 0.01 180
74 0.2245842167391894 1186412 0.01 180
75 0.22355456504066323 1202103 0.01 180
76 0.22250993990090578 1217787 0.01 180
77 0.22144862955712186 1233476 0.01 180
78 0.22036953686589572 1249159 0.01 180
79 0.2192721844111199 1264838 0.01 180
80 0.21815669914506663 1280515 0.01 180
81 0.21702377930350264 1296186 0.01 180
82 0.21587464638909198 1311854 0.01 180
83 0.2147109852082368 1327521 0.01 180
84 0.2135348751772748 1343183 0.01 180
85 0.21234871610756956 1358844 0.01 180
86 0.21115515131912754 1374504 0.01 180
87 0.2099569903993056 1390159 0.01 180
88 0.2087571335189759 1405811 0.01 180
89 0.207558499090986 1421464 0.01 180
90 0.20636395660048223 1437111 0.01 180
91 0.2051762664282938 1452756 0.01 180
92 0.20399802826915578 1468402 0.01 180
93 0.20283163930542802 1484048 0.01 180
94 0.20167926272704684 1499686 0.01 180
95 0.20054280660267393 1515350 0.01 180
96 0.19942391258615386 1530975 0.01 180
97 0.19832395352683468 1546592 0.01 180
98 0.19724403875575652 1562206 0.01 180
99 0.19618502564324686 1577824 0.01 180
