0 0.9510132099928152 3614 0.06 40
1 0.7808926682276177 7220 0.06 40
2 0.5455500683195862 10788 0.06 40
3 0.47954192619850794 14319 0.06 40
4 0.42923877904672414 17830 0.06 40
5 0.39351084768480876 21315 0.06 40
6 0.36857044804373135 24780 0.06 40
7 0.34196270572389487 28223 0.06 40
8 0.3185019465949328 31643 0.06 40
9 0.30212200163847436 35043 0.06 40
10 0.29107981392510146 38425 0.06 40
11 0.28293176268186965 41836 0.06 40
12 0.2760369748430597 45189 0.06 40
13 0.2696431017153755 48530 0.06 40
14 0.2635092796502905 51860 0.06 40
15 0.2575254498124652 55178 0.06 40
16 0.2516067930618086 58486 0.06 40
17 0.2457182766968037 61785 0.06 40
18 0.2398827368417488 65075 0.06 40
19 0.23416794041075462 68361 0.06 40
20 0.22865644310116856 71640 0.06 40
21 0.2234105045515233 74910 0.06 40
22 0.218460228121054 78172 0.06 40
23 0.21380996624993637 81428 0.06 40
24 0.2094482686622641 84681 0.06 40
25 0.205356657263244 87927 0.06 40
26 0.20151555030254553 91173 0.06 40
27 0.19790709077647126 94414 0.06 40
28 0.194515944885103 97648 0.06 40
29 0.1913291234124609 100879 0.06 40
30 0.18833531671397225 104108 0.06 40
31 0.18552388334555253 107334 0.06 40
32 0.1828837254311888 110561 0.06 40
33 0.18040246827728346 113782 0.06 40
34 0.17806625140012497 117004 0.06 40
35 0.1758601521134704 120222 0.06 40
36 0.17376908630116414 123439 0.06 40
37 0.1717789689263755 126654 0.06 40
38 0.16987783167524184 129873 0.06 40
39 0.16805653968478965 133087 0.06 40
40 0.16630885846022384 136299 0.06 40
41 0.16463085002966046 139512 0.06 40
42 0.16301981203766502 142724 0.06 40
43 0.16147314286577882 145937 0.06 40
44 0.1599875328208429 149151 0.06 40
45 0.15855873019391792 152364 0.06 40
46 0.15718189060127366 155576 0.06 40
47 0.1558522674604162 158790 0.06 40
48 0.15456580937458336 162002 0.06 40
49 0.1533192167417922 165216 0.06 40
50 0.15210930806922135 168430 0.06 40
51 0.15093206616646007 171645 0.06 40
52 0.14978206372886907 174860 0.06 40
53 0.14865273346523264 178076 0.06 40
54 0.14753733812758463 181293 0.06 40
55 0.14643010696078954 184510 0.06 40
56 0.14532708297098018 187728 0.06 40
57 0.14422651690761318 190948 0.06 40
58 0.1431288689853764 194169 0.06 40
59 0.1420365566742453 197390 0.06 40
60 0.14095360764142664 200612 0.06 40
61 0.13988542834791448 203836 0.06 40
62 0.1388388118668759 207060 0.06 40
63 0.13782180419684162 210284 0.06 40
64 0.13684276783613103 213509 0.06 40
65 0.1359087532623442 216737 0.06 40
66 0.13502392988502376 219964 0.06 40
67 0.13418867233337284 223193 0.06 40
68 0.13339979311648065 226426 0.06 40
69 0.13265218517044364 229655 0.06 40
70 0.13194102794198137 232886 0.06 40
71 0.1312629065357512 236117 0.06 40
72 0.13061521589073904 239349 0.06 40
73 0.12999474336024072 242588 0.06 40
74 0.12939652019840858 245825 0.06 40
75 0.1288135001148312 249059 0.06 40
76 0.12823746460344163 252294 0.06 40
77 0.12766151085649852 255530 0.06 40
78 0.12708356175844343 258767 0.06 40
79 0.12650857303477914 262008 0.06 40
80 0.1259469210805804 265246 0.06 40
81 0.12540996875512558 268485 0.06 40
82 0.1249078372126314 271724 0.06 40
83 0.12445377535576836 274964 0.06 40
84 0.1240743110938186 278205 0.06 40
85 0.12381240818288884 281451 0.06 40
86 0.12371305264411872 284694 0.06 40
87 0.1238110323705591 287936 0.06 40
88 0.12413222998453093 291181 0.06 40
89 0.12467013553325881 294430 0.06 40
90 0.12532818511768934 297676 0.06 40
91 0.12596944312739225 300928 0.06 40
92 0.12651204364981064 304175 0.06 40
93 0.126935977696025 307424 0.06 40
94 0.12723963751515738 310674 0.06 40
95 0.12742355707732422 313924 0.06 40
96 0.12750909370091726 317175 0.06 40
97 0.12752633070138816 320430 0.06 40
98 0.12749397929441456 323696 0.06 40
99 0.1274259809199862 326953 0.06 40
