0 0.9566159746163344 14186 0.02 160
1 0.95123986540121 28354 0.02 160
2 0.9357275342376998 42521 0.02 160
3 0.8740248406371027 56688 0.02 160
4 0.753895007205088 70961 0.02 160
5 0.6471677124325638 85232 0.02 160
6 0.5593471701345293 99498 0.02 160
7 0.48365034651687183 113749 0.02 160
8 0.4260903475045804 127989 0.02 160
9 0.38668396357298196 142215 0.02 160
10 0.35859370800811974 156433 0.02 160
11 0.33721679618636596 170637 0.02 160
12 0.3201035788088608 184835 0.02 160
13 0.30589959082699886 199032 0.02 160
14 0.2938410158914399 213214 0.02 160
15 0.283467784922539 227385 0.02 160
16 0.27446661563993985 241552 0.02 160
17 0.26659619925109423 255709 0.02 160
18 0.25965883477013435 269861 0.02 160
19 0.2534941996189988 284006 0.02 160
20 0.24797846461115297 298145 0.02 160
21 0.24302054660438407 312279 0.02 160
22 0.23855440406956557 326406 0.02 160
23 0.23452980346369115 340533 0.02 160
24 0.23090452502318534 354650 0.02 160
25 0.2276397419183643 368767 0.02 160
26 0.22469847169263463 382873 0.02 160
27 0.22204578524607727 396979 0.02 160
28 0.21964944609608858 411079 0.02 160
29 0.21748031532330947 425177 0.02 160
30 0.21551240613463724 439264 0.02 160
31 0.21372267935238598 453353 0.02 160
32 0.21209069497079758 467432 0.02 160
33 0.21059821378229118 481506 0.02 160
34 0.20922881631848642 495576 0.02 160
35 0.20796757882538094 509642 0.02 160
36 0.20680082150720436 523704 0.02 160
37 0.20571592676137807 537763 0.02 160
38 0.20470121572022565 551821 0.02 160
39 0.2037458685381343 565872 0.02 160
40 0.20283987482670063 579922 0.02 160
41 0.2019740031293633 593965 0.02 160
42 0.20113978106659558 608007 0.02 160
43 0.20032948038124143 622048 0.02 160
44 0.19953610352776824 636081 0.02 160
45 0.19875337057124734 650108 0.02 160
46 0.1979757067391911 664134 0.02 160
47 0.19719823175473397 678154 0.02 160
48 0.19641675199185274 692171 0.02 160
49 0.19562775564713913 706182 0.02 160
50 0.19482840975213314 720191 0.02 160
51 0.19401655626311395 734195 0.02 160
52 0.1931907030792161 748196 0.02 160
53 0.19235000515673106 762198 0.02 160
54 0.19149423128421914 776192 0.02 160
55 0.19062371357535712 790188 0.02 160
56 0.18973927897393397 804175 0.02 160
57 0.1888421645474624 818162 0.02 160
58 0.1879339206238896 832142 0.02 160
59 0.18701630756376195 846121 0.02 160
60 0.18609119292148557 860091 0.02 160
61 0.18516045580674736 874063 0.02 160
62 0.18422590442594183 888026 0.02 160
63 0.1832892112291389 901986 0.02 160
64 0.18235186808951553 915942 0.02 160
65 0.1814151618268749 929893 0.02 160
66 0.180480168467869 943839 0.02 160
67 0.17954776315913132 957782 0.02 160
68 0.17861864176139805 971724 0.02 160
69 0.17769334988207433 985769 0.02 160
70 0.17677231537252613 999705 0.02 160
71 0.17585588097014254 1013636 0.02 160
72 0.17494433461768233 1027566 0.02 160
73 0.17403793587091423 1041493 0.02 160
74 0.1731369375832089 1055417 0.02 160
75 0.17224160266392138 1069333 0.02 160
76 0.17135221612950385 1083248 0.02 160
77 0.17046909291903314 1097157 0.02 160
78 0.169592582060747 1111064 0.02 160
79 0.1687230677873948 1124967 0.02 160
80 0.16786096813971588 1138867 0.02 160
81 0.16700673150408069 1152765 0.02 160
82 0.16616083143662577 1166657 0.02 160
83 0.1653237600602661 1180548 0.02 160
84 0.164496020298375 1194436 0.02 160
85 0.16367811722966075 1208319 0.02 160
86 0.16287054889950606 1222201 0.02 160
87 0.1620737969825239 1236077 0.02 160
88 0.16128831773639077 1249954 0.02 160
89 0.16051453369943985 1263825 0.02 160
90 0.1597528265534436 1277698 0.02 160
91 0.15900353149775606 1291570 0.02 160
92 0.1582669333697869 1305433 0.02 160
93 0.15754326461393503 1319289 0.02 160
94 0.15683270506351615 1333147 0.02 160
95 0.15613538337373756 1346998 0.02 160
96 0.15545137984117804 1360846 0.02 160
97 0.1547807302749945 1374690 0.02 160
98 0.15412343055098265 1388531 0.02 160
99 0.1534794414811851 1402375 0.02 160
