0 0.9724474602431099 24939 0.060000000000000005 280 0.06 280
1 0.5623906279095721 49823 0.060000000000000005 280 0.06 280
2 0.3665006046903949 74653 0.060000000000000005 280 0.06 280
3 0.29583495993880865 99424 0.060000000000000005 280 0.06 280
4 0.2623355944919199 124151 0.060000000000000005 280 0.06 280
5 0.24265243550313698 148839 0.060000000000000005 280 0.06 280
6 0.2284816766040324 173497 0.060000000000000005 280 0.06 280
7 0.2169480774009111 198116 0.060000000000000005 280 0.06 280
8 0.2071691416925057 222701 0.060000000000000005 280 0.06 280
9 0.19881746569237102 247252 0.060000000000000005 280 0.06 280
10 0.19170403518050536 271771 0.060000000000000005 280 0.06 280
11 0.18567126461227573 296255 0.060000000000000005 280 0.06 280
12 0.1805649233937371 320712 0.060000000000000005 280 0.06 280
13 0.1762362678063531 345151 0.060000000000000005 280 0.06 280
14 0.1725486637426669 369550 0.060000000000000005 280 0.06 280
15 0.1693815423985606 393926 0.060000000000000005 280 0.06 280
16 0.16663153779543508 418280 0.060000000000000005 280 0.06 280
17 0.1642114319257429 442607 0.060000000000000005 280 0.06 280
18 0.162048287737911 466912 0.060000000000000005 280 0.06 280
19 0.16008202880711256 491199 0.060000000000000005 280 0.06 280
20 0.15826480087282752 515462 0.060000000000000005 280 0.06 280
21 0.15656057895018616 539706 0.060000000000000005 280 0.06 280
22 0.1549443445079075 563931 0.060000000000000005 280 0.06 280
23 0.1534005406817891 588135 0.060000000000000005 280 0.06 280
24 0.15192095524638616 612336 0.060000000000000005 280 0.06 280
25 0.15050239211160016 636503 0.060000000000000005 280 0.06 280
26 0.14914448447028938 660672 0.060000000000000005 280 0.06 280
27 0.14784790369354153 684800 0.060000000000000005 280 0.06 280
28 0.1466130940058552 708913 0.060000000000000005 280 0.06 280
29 0.14543954426587996 733004 0.060000000000000005 280 0.06 280
30 0.14432552207626068 757079 0.060000000000000005 280 0.06 280
31 0.1432681504296024 781136 0.060000000000000005 280 0.06 280
32 0.14226369428518196 805178 0.060000000000000005 280 0.06 280
33 0.14130793354358653 829201 0.060000000000000005 280 0.06 280
34 0.1403965233356467 853208 0.060000000000000005 280 0.06 280
35 0.13952527639703605 877200 0.060000000000000005 280 0.06 280
36 0.13869033869159955 901176 0.060000000000000005 280 0.06 280
37 0.13788826198402906 925137 0.060000000000000005 280 0.06 280
38 0.13711600073983965 949081 0.060000000000000005 280 0.06 280
39 0.13637087200554132 973050 0.060000000000000005 280 0.06 280
40 0.13565051460194147 996963 0.060000000000000005 280 0.06 280
41 0.13495287074704226 1020864 0.060000000000000005 280 0.06 280
42 0.1342761955276114 1044749 0.060000000000000005 280 0.06 280
43 0.13361908458446084 1068619 0.060000000000000005 280 0.06 280
44 0.13298050234779688 1092476 0.060000000000000005 280 0.06 280
45 0.13235979275563586 1116319 0.060000000000000005 280 0.06 280
46 0.13175665966846853 1140149 0.060000000000000005 280 0.06 280
47 0.13117111235590348 1163964 0.060000000000000005 280 0.06 280
48 0.13060337987073495 1187767 0.060000000000000005 280 0.06 280
49 0.130053804886458 1211558 0.060000000000000005 280 0.06 280
50 0.1295227315068444 1235349 0.060000000000000005 280 0.06 280
51 0.12901040229688798 1259119 0.060000000000000005 280 0.06 280
52 0.1285168775801538 1282884 0.060000000000000005 280 0.06 280
53 0.12804198558589266 1306624 0.060000000000000005 280 0.06 280
54 0.1275853063669871 1330356 0.060000000000000005 280 0.06 280
55 0.12714618684801665 1354076 0.060000000000000005 280 0.06 280
56 0.1267237801142613 1377783 0.060000000000000005 280 0.06 280
57 0.12631709984120165 1401476 0.060000000000000005 280 0.06 280
58 0.12592508063494068 1425162 0.060000000000000005 280 0.06 280
59 0.1255466364959951 1448832 0.060000000000000005 280 0.06 280
60 0.1251807118768013 1472500 0.060000000000000005 280 0.06 280
61 0.12482632218007908 1496147 0.060000000000000005 280 0.06 280
62 0.12448258257338043 1519787 0.060000000000000005 280 0.06 280
63 0.1241487254647501 1543416 0.060000000000000005 280 0.06 280
64 0.12382410788535578 1567030 0.060000000000000005 280 0.06 280
65 0.12350821046292194 1590635 0.060000000000000005 280 0.06 280
66 0.12320062979088578 1614234 0.060000000000000005 280 0.06 280
67 0.12290106593684966 1637820 0.060000000000000005 280 0.06 280
68 0.12260930668740316 1661479 0.060000000000000005 280 0.06 280
69 0.12232520995129384 1685049 0.060000000000000005 280 0.06 280
70 0.12204868556413222 1708610 0.060000000000000005 280 0.06 280
71 0.12177967756084451 1732174 0.060000000000000005 280 0.06 280
72 0.1215181478038201 1755713 0.060000000000000005 280 0.06 280
73 0.12126406166986232 1779268 0.060000000000000005 280 0.06 280
74 0.12101737630414937 1802784 0.060000000000000005 280 0.06 280
75 0.12077803174484 1826296 0.060000000000000005 280 0.06 280
76 0.1205459450129069 1849793 0.060000000000000005 280 0.06 280
77 0.1203210070589944 1873281 0.060000000000000005 280 0.06 280
78 0.12010308227744801 1896761 0.060000000000000005 280 0.06 280
79 0.11989201015376147 1920231 0.060000000000000005 280 0.06 280
80 0.11968760851991792 1943692 0.060000000000000005 280 0.06 280
81 0.11948967786084613 1967146 0.060000000000000005 280 0.06 280
82 0.11929800614472968 1990590 0.060000000000000005 280 0.06 280
83 0.11911237373206661 2014025 0.060000000000000005 280 0.06 280
84 0.11893255803843401 2037463 0.060000000000000005 280 0.06 280
85 0.11875833776541501 2060881 0.060000000000000005 280 0.06 280
86 0.11858949665413837 2084386 0.060000000000000005 280 0.06 280
87 0.11842582683998368 2107784 0.060000000000000005 280 0.06 280
88 0.11826713198362351 2131176 0.060000000000000005 280 0.06 280
89 0.11811323041760917 2154558 0.060000000000000005 280 0.06 280
90 0.11796395858115075 2177932 0.060000000000000005 280 0.06 280
91 0.11781917502851914 2201297 0.060000000000000005 280 0.06 280
92 0.11767876530627036 2224655 0.060000000000000005 280 0.06 280
93 0.1175426480270244 2248002 0.060000000000000005 280 0.06 280
94 0.11741078255641706 2271341 0.060000000000000005 280 0.06 280
95 0.11728317891608081 2294673 0.060000000000000005 280 0.06 280
96 0.11715991083592657 2317995 0.060000000000000005 280 0.06 280
97 0.11704113341189117 2341309 0.060000000000000005 280 0.06 280
98 0.11692710757819755 2364617 0.060000000000000005 280 0.06 280
99 0.11681823458178373 2387766 0.060000000000000005 280 0.06 280
