0 0.6831305098148788 26645 0.09 300 0.09 300
1 0.3216530173495028 53016 0.09 300 0.09 300
2 0.2526047590744732 79275 0.09 300 0.09 300
3 0.22616129611876037 105452 0.09 300 0.09 300
4 0.21035974787316153 131556 0.09 300 0.09 300
5 0.1994349177994521 157570 0.09 300 0.09 300
6 0.19019144977872307 183518 0.09 300 0.09 300
7 0.18208397310841687 209380 0.09 300 0.09 300
8 0.17505605904065608 235175 0.09 300 0.09 300
9 0.16908528172425488 260897 0.09 300 0.09 300
10 0.16412359873603913 286561 0.09 300 0.09 300
11 0.16008654157634067 312158 0.09 300 0.09 300
12 0.15685620742079537 337695 0.09 300 0.09 300
13 0.1542878738695159 363178 0.09 300 0.09 300
14 0.15223331578182336 388602 0.09 300 0.09 300
15 0.1505605659826946 413976 0.09 300 0.09 300
16 0.149163340309996 439307 0.09 300 0.09 300
17 0.14796421545067484 464577 0.09 300 0.09 300
18 0.14690995459995967 489792 0.09 300 0.09 300
19 0.14596455732647642 514954 0.09 300 0.09 300
20 0.14510387461566845 540070 0.09 300 0.09 300
21 0.1443119003764528 565136 0.09 300 0.09 300
22 0.14357852140032856 590161 0.09 300 0.09 300
23 0.14289786071888136 615136 0.09 300 0.09 300
24 0.14226624149069422 640062 0.09 300 0.09 300
25 0.14168042473916562 664948 0.09 300 0.09 300
26 0.14113705944504462 689786 0.09 300 0.09 300
27 0.1406329439189033 714585 0.09 300 0.09 300
28 0.14016526703341348 739338 0.09 300 0.09 300
29 0.1397314529303211 764048 0.09 300 0.09 300
30 0.13932868074810514 788740 0.09 300 0.09 300
31 0.13895334974124832 813364 0.09 300 0.09 300
32 0.13860075863716534 837953 0.09 300 0.09 300
33 0.13826514653020794 862497 0.09 300 0.09 300
34 0.13794008089425572 887007 0.09 300 0.09 300
35 0.13761905173845596 911475 0.09 300 0.09 300
36 0.13729608545150068 935903 0.09 300 0.09 300
37 0.13696621864273076 960298 0.09 300 0.09 300
38 0.1366257333572539 984651 0.09 300 0.09 300
39 0.13627212789180182 1008974 0.09 300 0.09 300
40 0.1359038741298947 1033266 0.09 300 0.09 300
41 0.13552007368307264 1057518 0.09 300 0.09 300
42 0.13512014368862277 1081744 0.09 300 0.09 300
43 0.13470362974833716 1105926 0.09 300 0.09 300
44 0.13427017902466862 1130089 0.09 300 0.09 300
45 0.1338196452521758 1154208 0.09 300 0.09 300
46 0.13335226252465446 1178302 0.09 300 0.09 300
47 0.13286881918838792 1202364 0.09 300 0.09 300
48 0.13237077778967288 1226397 0.09 300 0.09 300
49 0.13186031046580562 1250403 0.09 300 0.09 300
50 0.13134024263716004 1274382 0.09 300 0.09 300
51 0.1308139161519767 1298338 0.09 300 0.09 300
52 0.13028499447980282 1322266 0.09 300 0.09 300
53 0.12975723807668113 1346169 0.09 300 0.09 300
54 0.12923427945820654 1370048 0.09 300 0.09 300
55 0.12871942581585355 1393917 0.09 300 0.09 300
56 0.12821551192775607 1417747 0.09 300 0.09 300
57 0.1277248171188546 1441551 0.09 300 0.09 300
58 0.1272490479022124 1465338 0.09 300 0.09 300
59 0.12678937554832304 1489100 0.09 300 0.09 300
60 0.12634650922576235 1512842 0.09 300 0.09 300
61 0.12592078347980507 1536585 0.09 300 0.09 300
62 0.12551224348891626 1560279 0.09 300 0.09 300
63 0.12512071953858045 1583957 0.09 300 0.09 300
64 0.1247458894069387 1607611 0.09 300 0.09 300
65 0.12438733129597544 1631250 0.09 300 0.09 300
66 0.124044570262337 1654867 0.09 300 0.09 300
67 0.12371711903272088 1678463 0.09 300 0.09 300
68 0.12340451125550846 1702046 0.09 300 0.09 300
69 0.12310632295658437 1725605 0.09 300 0.09 300
70 0.12282217713111183 1749149 0.09 300 0.09 300
71 0.12255172766882097 1772679 0.09 300 0.09 300
72 0.12229462249896962 1796188 0.09 300 0.09 300
73 0.12205045131439803 1819686 0.09 300 0.09 300
74 0.12181868821729344 1843156 0.09 300 0.09 300
75 0.12159864054450199 1866622 0.09 300 0.09 300
76 0.12138940878022283 1890059 0.09 300 0.09 300
77 0.12118984753934359 1913484 0.09 300 0.09 300
78 0.1209984946676762 1936890 0.09 300 0.09 300
79 0.12081340992722626 1960281 0.09 300 0.09 300
80 0.12063186373039404 1983657 0.09 300 0.09 300
81 0.12044991482659936 2007017 0.09 300 0.09 300
82 0.12026219552920893 2030365 0.09 300 0.09 300
83 0.12006255517790156 2053696 0.09 300 0.09 300
84 0.11984607009152441 2077014 0.09 300 0.09 300
85 0.11961189167862123 2100316 0.09 300 0.09 300
86 0.11936513948964307 2123620 0.09 300 0.09 300
87 0.11911598514826414 2146895 0.09 300 0.09 300
88 0.11887570944829108 2170156 0.09 300 0.09 300
89 0.11865180472688426 2193405 0.09 300 0.09 300
90 0.11844535753655291 2216640 0.09 300 0.09 300
91 0.11825235590391993 2239860 0.09 300 0.09 300
92 0.1180671977769584 2263069 0.09 300 0.09 300
93 0.11788525477912416 2286261 0.09 300 0.09 300
94 0.11770301048878729 2309445 0.09 300 0.09 300
95 0.11751657299105155 2332612 0.09 300 0.09 300
96 0.11732030648735474 2355779 0.09 300 0.09 300
97 0.11710697335509916 2378922 0.09 300 0.09 300
98 0.11686958249364363 2402065 0.09 300 0.09 300
99 0.11660367242769437 2425186 0.09 300 0.09 300
