0 0.9499513729272222 8914 0.05 100
1 0.7416271971789142 17819 0.05 100
2 0.5578241004061578 26703 0.05 100
3 0.43434463628392733 35556 0.05 100
4 0.35543628684920703 44380 0.05 100
5 0.31060699481773896 53187 0.05 100
6 0.28184537605633636 61963 0.05 100
7 0.2617143210692014 70721 0.05 100
8 0.2468610205051635 79467 0.05 100
9 0.2357481484596742 88197 0.05 100
10 0.2274744117039506 96916 0.05 100
11 0.2213316370102748 105620 0.05 100
12 0.21671858862662935 114335 0.05 100
13 0.21314633622933138 123016 0.05 100
14 0.21024208160245497 131685 0.05 100
15 0.20773895818977264 140355 0.05 100
16 0.20545853055380056 149005 0.05 100
17 0.20329095317876156 157644 0.05 100
18 0.20117525232594516 166273 0.05 100
19 0.19908165507555092 174903 0.05 100
20 0.1969976673623909 183515 0.05 100
21 0.19491876882573717 192121 0.05 100
22 0.19284346338121672 200715 0.05 100
23 0.1907716099920536 209301 0.05 100
24 0.1887046447190652 217878 0.05 100
25 0.18664639463310004 226446 0.05 100
26 0.1846035276163502 235013 0.05 100
27 0.1825851741110105 243564 0.05 100
28 0.1806017804523703 252108 0.05 100
29 0.1786636329702039 260644 0.05 100
30 0.17677958820109804 269180 0.05 100
31 0.17495636846985535 277701 0.05 100
32 0.17319848292913959 286217 0.05 100
33 0.17150858931419952 294724 0.05 100
34 0.16988801996166528 303224 0.05 100
35 0.16833724452781518 311717 0.05 100
36 0.16685615558078726 320203 0.05 100
37 0.16544417060214375 328689 0.05 100
38 0.16410020947351828 337162 0.05 100
39 0.16282262580234272 345628 0.05 100
40 0.1616091559247611 354089 0.05 100
41 0.16045691990084182 362554 0.05 100
42 0.15936248106052617 371002 0.05 100
43 0.15832195343401909 379451 0.05 100
44 0.15733113980294672 387889 0.05 100
45 0.1563856827439776 396321 0.05 100
46 0.15548121283653982 404747 0.05 100
47 0.15461348057396235 413169 0.05 100
48 0.15377846163867812 421596 0.05 100
49 0.15297242936760952 430007 0.05 100
50 0.15219199294997665 438414 0.05 100
51 0.1514341041815663 446816 0.05 100
52 0.15069603866651868 455216 0.05 100
53 0.1499753589724531 463608 0.05 100
54 0.14926986760071284 471999 0.05 100
55 0.1485775570857456 480385 0.05 100
56 0.14789656341398397 488764 0.05 100
57 0.14722512749236732 497138 0.05 100
58 0.14656156776894547 505508 0.05 100
59 0.14590426544949803 513883 0.05 100
60 0.14525166219461638 522246 0.05 100
61 0.14460226884803512 530604 0.05 100
62 0.14395468274864173 538958 0.05 100
63 0.14330761058655042 547316 0.05 100
64 0.1426598935938128 555663 0.05 100
65 0.14201053206927125 564011 0.05 100
66 0.14135870673356585 572351 0.05 100
67 0.14070379507805586 580689 0.05 100
68 0.14004538159469115 589021 0.05 100
69 0.1393832614576611 597349 0.05 100
70 0.13871743780746323 605678 0.05 100
71 0.13804811322905183 614004 0.05 100
72 0.13737567630692635 622579 0.05 100
73 0.1367006842872981 630894 0.05 100
74 0.13602384290004174 639208 0.05 100
75 0.13534598432040545 647524 0.05 100
76 0.13466804411961697 655831 0.05 100
77 0.13399103790418992 664135 0.05 100
78 0.13331603821170643 672438 0.05 100
79 0.13264415214041667 680736 0.05 100
80 0.13197650014820753 689035 0.05 100
81 0.13131419645084036 697330 0.05 100
82 0.13065833145173789 705623 0.05 100
83 0.13000995661187953 713912 0.05 100
84 0.12937007209172477 722198 0.05 100
85 0.12873961735958542 730485 0.05 100
86 0.12811946477872221 738770 0.05 100
87 0.12751041599415386 747050 0.05 100
88 0.12691320078003077 755330 0.05 100
89 0.12632847790673674 763607 0.05 100
90 0.12575683754695224 771881 0.05 100
91 0.1251988047452245 780159 0.05 100
92 0.12465484350574375 788429 0.05 100
93 0.12412536109641178 796713 0.05 100
94 0.12361071221976033 804981 0.05 100
95 0.12311120275621708 813247 0.05 100
96 0.12262709283151381 821512 0.05 100
97 0.12215859899098377 829780 0.05 100
98 0.1217058952854368 838069 0.05 100
99 0.1212691131037653 846378 0.05 100
