0 0.9547283720030846 3614 0.04 40
1 0.9376945067923973 7227 0.04 40
2 0.8142980843744885 10833 0.04 40
3 0.6394989255567857 14418 0.04 40
4 0.5225764661305564 17978 0.04 40
5 0.48392846306007353 21517 0.04 40
6 0.461640955509937 25042 0.04 40
7 0.4347430527167291 28553 0.04 40
8 0.4075894613877084 32052 0.04 40
9 0.3863892853906547 35539 0.04 40
10 0.37169535143558763 39015 0.04 40
11 0.359197862674687 42478 0.04 40
12 0.34567121434514625 45928 0.04 40
13 0.33103789745206863 49369 0.04 40
14 0.3169421793613743 52796 0.04 40
15 0.30483742095283156 56210 0.04 40
16 0.29510344438898717 59612 0.04 40
17 0.28735328956922757 63004 0.04 40
18 0.2810490508737247 66386 0.04 40
19 0.27579842410385996 69762 0.04 40
20 0.2713578003548523 73129 0.04 40
21 0.26754351314914615 76489 0.04 40
22 0.2641923583460215 79840 0.04 40
23 0.26117324298259026 83183 0.04 40
24 0.258396205720478 86521 0.04 40
25 0.2558030256226909 89857 0.04 40
26 0.25335219122841335 93182 0.04 40
27 0.25100984428273765 96502 0.04 40
28 0.24874744390809644 99817 0.04 40
29 0.24654165687624 103130 0.04 40
30 0.24437386189697355 106436 0.04 40
31 0.2422289034533433 109737 0.04 40
32 0.24009363295147454 113032 0.04 40
33 0.23795609498932235 116321 0.04 40
34 0.2358059427392497 119608 0.04 40
35 0.23363585255304312 122891 0.04 40
36 0.23144297769857078 126168 0.04 40
37 0.2292293754973722 129443 0.04 40
38 0.2270010632928592 132713 0.04 40
39 0.22476635158706806 135979 0.04 40
40 0.22253434736934105 139242 0.04 40
41 0.22031399475785052 142501 0.04 40
42 0.21811355094711615 145757 0.04 40
43 0.21594032987587528 149010 0.04 40
44 0.213800636696281 152262 0.04 40
45 0.21169984343486123 155510 0.04 40
46 0.209642527777836 158755 0.04 40
47 0.2076325911132315 161997 0.04 40
48 0.20567331000294942 165237 0.04 40
49 0.20376732474419898 168475 0.04 40
50 0.2019165979142932 171710 0.04 40
51 0.20012237899741722 174943 0.04 40
52 0.198385199468046 178175 0.04 40
53 0.19670490883623598 181405 0.04 40
54 0.19508075265130995 184634 0.04 40
55 0.19351148726158873 187860 0.04 40
56 0.1919955183458538 191085 0.04 40
57 0.19053103882900121 194310 0.04 40
58 0.18911613397808955 197532 0.04 40
59 0.1877488308163884 200753 0.04 40
60 0.18642709848188743 203976 0.04 40
61 0.18514883623536135 207197 0.04 40
62 0.18391188719863938 210415 0.04 40
63 0.1827140830944315 213632 0.04 40
64 0.1815532910663532 216848 0.04 40
65 0.18042743022582833 220064 0.04 40
66 0.17933444735594156 223283 0.04 40
67 0.17827226444877228 226501 0.04 40
68 0.1772387230641714 229716 0.04 40
69 0.17623155098567062 232929 0.04 40
70 0.17524836780428923 236142 0.04 40
71 0.17428673227427618 239355 0.04 40
72 0.17334422131575472 242573 0.04 40
73 0.17241852286365802 245785 0.04 40
74 0.17150752356869764 248996 0.04 40
75 0.1706093762598125 252206 0.04 40
76 0.1697225389859481 255416 0.04 40
77 0.16884578527124305 258627 0.04 40
78 0.16797819176127335 261843 0.04 40
79 0.16711911303782123 265052 0.04 40
80 0.16626815350489937 268261 0.04 40
81 0.16542514315796142 271471 0.04 40
82 0.16459011856746916 274683 0.04 40
83 0.16376330446667095 277892 0.04 40
84 0.16294508779603317 281107 0.04 40
85 0.16213597708086766 284315 0.04 40
86 0.16133654530928485 287523 0.04 40
87 0.16054736119367066 290732 0.04 40
88 0.1597689181200821 293942 0.04 40
89 0.1590015697791842 297151 0.04 40
90 0.15824547671775213 300358 0.04 40
91 0.15750056191005554 303566 0.04 40
92 0.15676647024291987 306775 0.04 40
93 0.15604252942198488 309984 0.04 40
94 0.1553277169874736 313193 0.04 40
95 0.15462064427434064 316401 0.04 40
96 0.15391956766026538 319608 0.04 40
97 0.1532224306210318 322817 0.04 40
98 0.15252693334794679 326026 0.04 40
99 0.15183062545098405 329234 0.04 40
