0 0.9273204145214988 15966 0.06 180
1 0.5928352247801069 31904 0.06 180
2 0.3867990651041494 47809 0.06 180
3 0.3146619816543237 63632 0.06 180
4 0.27833361140686097 79416 0.06 180
5 0.25532924102120513 95162 0.06 180
6 0.24003957527838587 110879 0.06 180
7 0.22918530124228187 126572 0.06 180
8 0.2209183932156766 142236 0.06 180
9 0.2141133173800227 157876 0.06 180
10 0.20802383709778954 173495 0.06 180
11 0.20230182064328542 189089 0.06 180
12 0.19688062221242075 204660 0.06 180
13 0.19179436148915494 220213 0.06 180
14 0.18707494318318152 235739 0.06 180
15 0.1827255777277823 251248 0.06 180
16 0.17872826499957117 266731 0.06 180
17 0.17505761717598736 282219 0.06 180
18 0.17169001819364266 297671 0.06 180
19 0.16860623487541013 313100 0.06 180
20 0.16578933573133783 328505 0.06 180
21 0.16322122305258763 343898 0.06 180
22 0.16088068948711248 359269 0.06 180
23 0.15874391929708262 374624 0.06 180
24 0.1567863850469089 389968 0.06 180
25 0.15498468942552085 405294 0.06 180
26 0.15331762027959261 420604 0.06 180
27 0.15176640783188156 435906 0.06 180
28 0.15031449799024846 451189 0.06 180
29 0.14894717385325143 466458 0.06 180
30 0.14765124635758436 481717 0.06 180
31 0.14641491018898786 496960 0.06 180
32 0.14522776860337777 512190 0.06 180
33 0.14408098004595019 527413 0.06 180
34 0.1429674614142869 542618 0.06 180
35 0.14188207791590587 557815 0.06 180
36 0.14082174634771333 573002 0.06 180
37 0.13978538223832854 588204 0.06 180
38 0.1387736427932671 603373 0.06 180
39 0.13778846491518454 618522 0.06 180
40 0.13683246318276593 633660 0.06 180
41 0.13590830776209673 648793 0.06 180
42 0.1350182136857394 663910 0.06 180
43 0.13416363023760772 679016 0.06 180
44 0.13334514519038135 694115 0.06 180
45 0.1325625532189488 709202 0.06 180
46 0.13181500932780235 724281 0.06 180
47 0.13110119811252702 739353 0.06 180
48 0.13041947964389194 754413 0.06 180
49 0.12976800154676313 769465 0.06 180
50 0.12914478290843404 784510 0.06 180
51 0.12854777879338014 799544 0.06 180
52 0.12797493040930483 814569 0.06 180
53 0.12742420177227679 829592 0.06 180
54 0.12689360246675502 844601 0.06 180
55 0.12638119777630924 859612 0.06 180
56 0.1258851101431345 874612 0.06 180
57 0.12540351766814617 889604 0.06 180
58 0.1249346553549816 904585 0.06 180
59 0.1244768232479698 919557 0.06 180
60 0.12402840312926824 934521 0.06 180
61 0.1235878825979833 949478 0.06 180
62 0.12315388280316417 964433 0.06 180
63 0.12272518469288667 979377 0.06 180
64 0.12230074896559273 994315 0.06 180
65 0.12187972670247522 1009248 0.06 180
66 0.12146145993803756 1024171 0.06 180
67 0.12104547324969173 1039094 0.06 180
68 0.12063145843910818 1054009 0.06 180
69 0.120219254661114 1068915 0.06 180
70 0.11980882623685501 1083814 0.06 180
71 0.1194002401232039 1098713 0.06 180
72 0.11899364472400158 1113600 0.06 180
73 0.11858925142512616 1128484 0.06 180
74 0.11818731986010704 1143359 0.06 180
75 0.11778814743213159 1158249 0.06 180
76 0.11739206307482829 1173121 0.06 180
77 0.11699942473821265 1187978 0.06 180
78 0.11661061974166854 1202829 0.06 180
79 0.11622606697213131 1217679 0.06 180
80 0.11584621987605317 1232520 0.06 180
81 0.11547156922995884 1247356 0.06 180
82 0.11510264473752349 1262189 0.06 180
83 0.11474001459395347 1277020 0.06 180
84 0.11438428230684743 1291840 0.06 180
85 0.11403608028999779 1306657 0.06 180
86 0.11369606005324803 1321466 0.06 180
87 0.11336487916769332 1336271 0.06 180
88 0.11304318553461519 1351075 0.06 180
89 0.11273159975868735 1365869 0.06 180
90 0.11243069655687003 1380665 0.06 180
91 0.11214098608766958 1395454 0.06 180
92 0.11186289587423037 1410233 0.06 180
93 0.11159675369431961 1425007 0.06 180
94 0.11134277154864056 1439779 0.06 180
95 0.11110103074028493 1454544 0.06 180
96 0.1108714683063991 1469307 0.06 180
97 0.11065386554635843 1484062 0.06 180
98 0.11044784007017529 1498845 0.06 180
99 0.11025284341291494 1513596 0.06 180
