0 0.9599105475340671 21222 0.03 240 0.03 240
1 0.9200012618864007 42423 0.03 240 0.03 240
2 0.7305233366094133 63630 0.03 240 0.03 240
3 0.5759655320648398 84822 0.03 240 0.03 240
4 0.4804918282449165 106005 0.03 240 0.03 240
5 0.41528509234984534 127130 0.03 240 0.03 240
6 0.36632761783151896 148244 0.03 240 0.03 240
7 0.3318060855669463 169328 0.03 240 0.03 240
8 0.3080742649170949 190396 0.03 240 0.03 240
9 0.29084653784938613 211451 0.03 240 0.03 240
10 0.2775196531190595 232492 0.03 240 0.03 240
11 0.2667993903282654 253523 0.03 240 0.03 240
12 0.258030177860619 274543 0.03 240 0.03 240
13 0.25083109398365433 295552 0.03 240 0.03 240
14 0.24493225127171292 316559 0.03 240 0.03 240
15 0.2401098157616189 337546 0.03 240 0.03 240
16 0.2361655958604887 358522 0.03 240 0.03 240
17 0.23292236531974791 379488 0.03 240 0.03 240
18 0.2302221086251152 400447 0.03 240 0.03 240
19 0.22792487793420244 421399 0.03 240 0.03 240
20 0.2259091489257767 442333 0.03 240 0.03 240
21 0.22407344926261077 463264 0.03 240 0.03 240
22 0.22233795910337825 484178 0.03 240 0.03 240
23 0.22064481856682233 505082 0.03 240 0.03 240
24 0.21895641181676542 525978 0.03 240 0.03 240
25 0.21725167876704365 546865 0.03 240 0.03 240
26 0.2155214185978349 567741 0.03 240 0.03 240
27 0.2137640254934166 588611 0.03 240 0.03 240
28 0.21198261013941422 609492 0.03 240 0.03 240
29 0.21018338598666597 630346 0.03 240 0.03 240
30 0.20837454932337052 651197 0.03 240 0.03 240
31 0.20656509136548704 672031 0.03 240 0.03 240
32 0.20476354098965235 692855 0.03 240 0.03 240
33 0.20297692680885385 713670 0.03 240 0.03 240
34 0.20121016752117027 734487 0.03 240 0.03 240
35 0.1994659050939219 755279 0.03 240 0.03 240
36 0.19774468365689254 776062 0.03 240 0.03 240
37 0.19604535668887574 796835 0.03 240 0.03 240
38 0.19436561394639168 817599 0.03 240 0.03 240
39 0.19270253090872255 838353 0.03 240 0.03 240
40 0.1910530643330553 859100 0.03 240 0.03 240
41 0.18941444972086793 879838 0.03 240 0.03 240
42 0.18778448872931228 900571 0.03 240 0.03 240
43 0.18616173690598645 921298 0.03 240 0.03 240
44 0.18454561318809382 942014 0.03 240 0.03 240
45 0.18293645499356082 962724 0.03 240 0.03 240
46 0.18133553857378162 983427 0.03 240 0.03 240
47 0.17974507541379656 1004123 0.03 240 0.03 240
48 0.17816818490204697 1024811 0.03 240 0.03 240
49 0.17660883527077767 1045508 0.03 240 0.03 240
50 0.17507174197298564 1066180 0.03 240 0.03 240
51 0.17356221562230473 1086853 0.03 240 0.03 240
52 0.17208595822970305 1107517 0.03 240 0.03 240
53 0.17064881354864975 1128167 0.03 240 0.03 240
54 0.16925648241822822 1148810 0.03 240 0.03 240
55 0.16791421629566722 1169447 0.03 240 0.03 240
56 0.16662650278019225 1190078 0.03 240 0.03 240
57 0.16539675839860268 1210706 0.03 240 0.03 240
58 0.16422704907344357 1231327 0.03 240 0.03 240
59 0.1631178682110351 1251942 0.03 240 0.03 240
60 0.1620680121404843 1272550 0.03 240 0.03 240
61 0.161074593943429 1293153 0.03 240 0.03 240
62 0.16013322111389033 1313756 0.03 240 0.03 240
63 0.1592383294682369 1334353 0.03 240 0.03 240
64 0.1583836261975775 1354937 0.03 240 0.03 240
65 0.1575625661779846 1375514 0.03 240 0.03 240
66 0.1567687810111877 1396085 0.03 240 0.03 240
67 0.1559964013880545 1416652 0.03 240 0.03 240
68 0.15524024927161495 1437212 0.03 240 0.03 240
69 0.1544959106292787 1457766 0.03 240 0.03 240
70 0.1537597202725361 1478327 0.03 240 0.03 240
71 0.1530286955817805 1498876 0.03 240 0.03 240
72 0.1523004502041497 1519418 0.03 240 0.03 240
73 0.15157310866467563 1539955 0.03 240 0.03 240
74 0.1508452330020629 1560488 0.03 240 0.03 240
75 0.15011576524072132 1581016 0.03 240 0.03 240
76 0.1493839850166819 1601535 0.03 240 0.03 240
77 0.1486494793471513 1622055 0.03 240 0.03 240
78 0.14791212058299202 1642564 0.03 240 0.03 240
79 0.14717204843454743 1663069 0.03 240 0.03 240
80 0.14642965230570276 1683570 0.03 240 0.03 240
81 0.14568555087509458 1704066 0.03 240 0.03 240
82 0.14494056685120274 1724566 0.03 240 0.03 240
83 0.14419569600345822 1745062 0.03 240 0.03 240
84 0.14345207079454933 1765549 0.03 240 0.03 240
85 0.14271092004325522 1786032 0.03 240 0.03 240
86 0.1419735268755842 1806511 0.03 240 0.03 240
87 0.1412411876632584 1826986 0.03 240 0.03 240
88 0.14051517465794833 1847457 0.03 240 0.03 240
89 0.13979670463386634 1867924 0.03 240 0.03 240
90 0.13908691513881527 1888385 0.03 240 0.03 240
91 0.13838684905564472 1908843 0.03 240 0.03 240
92 0.13769744724238256 1929293 0.03 240 0.03 240
93 0.13701954819359805 1949772 0.03 240 0.03 240
94 0.13635389306088175 1970223 0.03 240 0.03 240
95 0.1357011340516585 1990681 0.03 240 0.03 240
96 0.1350618442023827 2011116 0.03 240 0.03 240
97 0.13443652675451587 2031548 0.03 240 0.03 240
98 0.13382562277616114 2051976 0.03 240 0.03 240
99 0.13322951618317777 2072403 0.03 240 0.03 240
