0 0.9557031806544727 8912 0.03 100
1 0.9403349839158964 17816 0.03 100
2 0.825698086372881 26720 0.03 100
3 0.6797502322989052 35622 0.03 100
4 0.5868525351692438 44509 0.03 100
5 0.5144278744689448 53379 0.03 100
6 0.4514303249351003 62274 0.03 100
7 0.4000232512355411 71162 0.03 100
8 0.36203208967210593 80036 0.03 100
9 0.333331595397531 88896 0.03 100
10 0.3108661812674279 97749 0.03 100
11 0.29302792556128865 106587 0.03 100
12 0.27868454500886386 115415 0.03 100
13 0.2669269329631628 124234 0.03 100
14 0.25706648228213463 133048 0.03 100
15 0.24862925328295862 141851 0.03 100
16 0.24131006672866198 150651 0.03 100
17 0.23491216348579488 159439 0.03 100
18 0.22929918731715507 168220 0.03 100
19 0.22436723196213204 176993 0.03 100
20 0.2200317028822184 185761 0.03 100
21 0.21622130167317163 194524 0.03 100
22 0.21287454609073783 203280 0.03 100
23 0.20993726898488196 212029 0.03 100
24 0.20736072996834495 220772 0.03 100
25 0.20510022256507696 229514 0.03 100
26 0.2031141272024437 238245 0.03 100
27 0.201363399370902 246974 0.03 100
28 0.19981147331381519 255694 0.03 100
29 0.19842450688592622 264410 0.03 100
30 0.19717182607843914 273121 0.03 100
31 0.19602639090197382 281826 0.03 100
32 0.1949651214500776 290532 0.03 100
33 0.19396898469847104 299229 0.03 100
34 0.19302281947837957 307921 0.03 100
35 0.19211494084334013 316609 0.03 100
36 0.19123660089801542 325294 0.03 100
37 0.19038139076175106 333973 0.03 100
38 0.18954465642665505 342651 0.03 100
39 0.18872298076418872 351321 0.03 100
40 0.18791376334068574 359987 0.03 100
41 0.18711491324154642 368649 0.03 100
42 0.18632465787801916 377306 0.03 100
43 0.18554146059566107 385962 0.03 100
44 0.1847640300137197 394611 0.03 100
45 0.18399139463587222 403257 0.03 100
46 0.1832230094512027 411898 0.03 100
47 0.18245885936695547 420541 0.03 100
48 0.18169952848722476 429173 0.03 100
49 0.18094621358910673 437805 0.03 100
50 0.18020067224548048 446430 0.03 100
51 0.1794651082181872 455051 0.03 100
52 0.1787420070526056 463667 0.03 100
53 0.17803394216513974 472280 0.03 100
54 0.1773433754319497 480894 0.03 100
55 0.17667247575910489 489499 0.03 100
56 0.1760229741892322 498100 0.03 100
57 0.1753960657441106 506697 0.03 100
58 0.17479235873022428 515300 0.03 100
59 0.1742118646369915 523889 0.03 100
60 0.17365401840665606 532479 0.03 100
61 0.17311772031843392 541062 0.03 100
62 0.1726013953640739 549640 0.03 100
63 0.1721030706228233 558215 0.03 100
64 0.17162047267943736 566786 0.03 100
65 0.17115114434987416 575357 0.03 100
66 0.17069257432460916 583921 0.03 100
67 0.17024232798430708 592481 0.03 100
68 0.16979816545143467 601038 0.03 100
69 0.1693581348342456 609595 0.03 100
70 0.1689206334487578 618144 0.03 100
71 0.16848443547176464 626694 0.03 100
72 0.16804868918664476 635237 0.03 100
73 0.16761288984073044 643776 0.03 100
74 0.1671768351066609 652312 0.03 100
75 0.1667405697357747 660845 0.03 100
76 0.16630432490256622 669379 0.03 100
77 0.16586845656061217 677906 0.03 100
78 0.16543338618743397 686428 0.03 100
79 0.16499954662530503 694962 0.03 100
80 0.16456733518905453 703491 0.03 100
81 0.16413707565283575 712004 0.03 100
82 0.16370899007384454 720519 0.03 100
83 0.16328318069542216 729026 0.03 100
84 0.16285962148880542 737530 0.03 100
85 0.16243815833674105 746030 0.03 100
86 0.16201851648874183 754527 0.03 100
87 0.16160031373364236 763024 0.03 100
88 0.1611830777112508 771516 0.03 100
89 0.1607662658764991 780004 0.03 100
90 0.16034928679266316 788489 0.03 100
91 0.15993152162993904 796979 0.03 100
92 0.15951234495700362 805510 0.03 100
93 0.15909114411913317 813989 0.03 100
94 0.1586673366854497 822461 0.03 100
95 0.15824038561286194 830931 0.03 100
96 0.15780981191234614 839398 0.03 100
97 0.15737520471541386 847862 0.03 100
98 0.15693622872900304 856328 0.03 100
99 0.15649262914100237 864787 0.03 100
