0 0.975186596236526 24849 0.05 280 0.05 280
1 0.7148115250201202 49571 0.05 280 0.05 280
2 0.462145165772766 74258 0.05 280 0.05 280
3 0.35217188243760533 98903 0.05 280 0.05 280
4 0.3001926039158201 123514 0.05 280 0.05 280
5 0.27143670071583703 148089 0.05 280 0.05 280
6 0.2534557644582991 172637 0.05 280 0.05 280
7 0.24052664333553028 197169 0.05 280 0.05 280
8 0.23015226716046563 221669 0.05 280 0.05 280
9 0.22122504616213146 246142 0.05 280 0.05 280
10 0.21327829790343836 270593 0.05 280 0.05 280
11 0.20611900184768758 295017 0.05 280 0.05 280
12 0.19966024093794252 319413 0.05 280 0.05 280
13 0.1938517342150888 343783 0.05 280 0.05 280
14 0.1886499951343535 368131 0.05 280 0.05 280
15 0.18400748114915294 392466 0.05 280 0.05 280
16 0.17987191356671223 416770 0.05 280 0.05 280
17 0.17618918235942832 441056 0.05 280 0.05 280
18 0.17290652005208232 465323 0.05 280 0.05 280
19 0.16997489061420265 489569 0.05 280 0.05 280
20 0.1673500893749092 513800 0.05 280 0.05 280
21 0.16499258624969576 538012 0.05 280 0.05 280
22 0.1628667010028365 562206 0.05 280 0.05 280
23 0.16093982255613867 586384 0.05 280 0.05 280
24 0.15918206572345628 610551 0.05 280 0.05 280
25 0.15756634913664624 634704 0.05 280 0.05 280
26 0.15606866648306694 658840 0.05 280 0.05 280
27 0.15466831473553755 682964 0.05 280 0.05 280
28 0.15334794137855148 707073 0.05 280 0.05 280
29 0.1520933929730614 731167 0.05 280 0.05 280
30 0.15089341736093564 755249 0.05 280 0.05 280
31 0.14973928217843055 779314 0.05 280 0.05 280
32 0.14862436096940576 803365 0.05 280 0.05 280
33 0.14754372738533442 827403 0.05 280 0.05 280
34 0.1464937865494094 851439 0.05 280 0.05 280
35 0.14547195838632945 875455 0.05 280 0.05 280
36 0.14447641436921746 899472 0.05 280 0.05 280
37 0.14350586112133454 923462 0.05 280 0.05 280
38 0.14255936264398925 947446 0.05 280 0.05 280
39 0.1416361954854579 971419 0.05 280 0.05 280
40 0.14073573473009224 995371 0.05 280 0.05 280
41 0.13985737088103764 1019309 0.05 280 0.05 280
42 0.13900045770210723 1043234 0.05 280 0.05 280
43 0.13816428937030212 1067150 0.05 280 0.05 280
44 0.13734810298082686 1091064 0.05 280 0.05 280
45 0.13655110056769795 1114957 0.05 280 0.05 280
46 0.1357724838975362 1138840 0.05 280 0.05 280
47 0.1350114953735802 1162710 0.05 280 0.05 280
48 0.13426745912861365 1186568 0.05 280 0.05 280
49 0.133539817399878 1210414 0.05 280 0.05 280
50 0.13282815831207034 1234253 0.05 280 0.05 280
51 0.13213223219927966 1258079 0.05 280 0.05 280
52 0.13145195467864446 1281891 0.05 280 0.05 280
53 0.13078739597453287 1305692 0.05 280 0.05 280
54 0.13013875749752338 1329485 0.05 280 0.05 280
55 0.1295063382448888 1353269 0.05 280 0.05 280
56 0.12889049490662713 1377054 0.05 280 0.05 280
57 0.12829160031702622 1400817 0.05 280 0.05 280
58 0.12771000489544182 1424588 0.05 280 0.05 280
59 0.12714600497960504 1448329 0.05 280 0.05 280
60 0.12659982065338793 1472073 0.05 280 0.05 280
61 0.126071584082662 1495798 0.05 280 0.05 280
62 0.12556133778265166 1519511 0.05 280 0.05 280
63 0.1250690409005388 1543217 0.05 280 0.05 280
64 0.12459458070689235 1566951 0.05 280 0.05 280
65 0.1241377861663003 1590637 0.05 280 0.05 280
66 0.12369844070861616 1614316 0.05 280 0.05 280
67 0.12327629204331754 1637985 0.05 280 0.05 280
68 0.12287105786900901 1661644 0.05 280 0.05 280
69 0.12248242741163244 1685296 0.05 280 0.05 280
70 0.12211005966157501 1708939 0.05 280 0.05 280
71 0.1217535797905508 1732578 0.05 280 0.05 280
72 0.12141257541569168 1756205 0.05 280 0.05 280
73 0.12108659416253469 1779825 0.05 280 0.05 280
74 0.12077514349421299 1803437 0.05 280 0.05 280
75 0.12047769320569855 1827039 0.05 280 0.05 280
76 0.12019368048495185 1850634 0.05 280 0.05 280
77 0.11992251709645131 1874222 0.05 280 0.05 280
78 0.11966359805115052 1897801 0.05 280 0.05 280
79 0.11941631105453414 1921373 0.05 280 0.05 280
80 0.1191800460301181 1944939 0.05 280 0.05 280
81 0.1189542040726392 1968497 0.05 280 0.05 280
82 0.11873820528145704 1992047 0.05 280 0.05 280
83 0.11853149505453026 2015592 0.05 280 0.05 280
84 0.11833354857824231 2039137 0.05 280 0.05 280
85 0.11814387341375061 2062667 0.05 280 0.05 280
86 0.11796201023829525 2086191 0.05 280 0.05 280
87 0.11778753193319413 2109708 0.05 280 0.05 280
88 0.11762004130760823 2133216 0.05 280 0.05 280
89 0.11745916780421822 2156719 0.05 280 0.05 280
90 0.11730456355172206 2180214 0.05 280 0.05 280
91 0.11715589911584526 2203703 0.05 280 0.05 280
92 0.1170128592638416 2227185 0.05 280 0.05 280
93 0.11687513900582906 2250661 0.05 280 0.05 280
94 0.11674244011752936 2274142 0.05 280 0.05 280
95 0.11661446828908643 2297605 0.05 280 0.05 280
96 0.11649093098797365 2321064 0.05 280 0.05 280
97 0.11637153607321547 2344515 0.05 280 0.05 280
98 0.1162559911544657 2367958 0.05 280 0.05 280
99 0.11614400365317631 2391396 0.05 280 0.05 280
