0 0.9711277821022284 26707 0.04 300 0.04 300
1 0.8187239090101304 53399 0.04 300 0.04 300
2 0.6122188050141814 80064 0.04 300 0.04 300
3 0.4827270198428969 106695 0.04 300 0.04 300
4 0.39985823193286424 133298 0.04 300 0.04 300
5 0.3500732017642743 159868 0.04 300 0.04 300
6 0.3142250176404301 186416 0.04 300 0.04 300
7 0.28762252951663314 212940 0.04 300 0.04 300
8 0.26820572863313963 239445 0.04 300 0.04 300
9 0.2540135458809548 265930 0.04 300 0.04 300
10 0.2433581361592951 292400 0.04 300 0.04 300
11 0.23503313420166097 318854 0.04 300 0.04 300
12 0.22826749953157516 345300 0.04 300 0.04 300
13 0.22258355177578432 371719 0.04 300 0.04 300
14 0.21767919010320486 398125 0.04 300 0.04 300
15 0.2133539648576533 424515 0.04 300 0.04 300
16 0.20947024272613357 450895 0.04 300 0.04 300
17 0.2059305486645745 477255 0.04 300 0.04 300
18 0.2026627720250656 503600 0.04 300 0.04 300
19 0.19961107473163153 529930 0.04 300 0.04 300
20 0.19673078988072298 556247 0.04 300 0.04 300
21 0.19398564268420934 582548 0.04 300 0.04 300
22 0.19134627936702947 608836 0.04 300 0.04 300
23 0.18878964222606748 635111 0.04 300 0.04 300
24 0.18629887932454245 661368 0.04 300 0.04 300
25 0.18386337115665657 687615 0.04 300 0.04 300
26 0.18147840032225349 713846 0.04 300 0.04 300
27 0.17914420876103634 740066 0.04 300 0.04 300
28 0.176864557941485 766273 0.04 300 0.04 300
29 0.17464514930255406 792464 0.04 300 0.04 300
30 0.17249225108896807 818644 0.04 300 0.04 300
31 0.17041171411738826 844810 0.04 300 0.04 300
32 0.16840839795093307 870963 0.04 300 0.04 300
33 0.16648593845105042 897105 0.04 300 0.04 300
34 0.164646755727986 923236 0.04 300 0.04 300
35 0.16289219932954227 949358 0.04 300 0.04 300
36 0.16122274278261442 975466 0.04 300 0.04 300
37 0.1596381678850845 1001566 0.04 300 0.04 300
38 0.158137710133587 1027654 0.04 300 0.04 300
39 0.15672016026876356 1053731 0.04 300 0.04 300
40 0.15538393016692015 1079797 0.04 300 0.04 300
41 0.1541270957207872 1105852 0.04 300 0.04 300
42 0.15294742783142284 1131909 0.04 300 0.04 300
43 0.1518424187235294 1157942 0.04 300 0.04 300
44 0.15080930762356312 1183967 0.04 300 0.04 300
45 0.1498451086110344 1209981 0.04 300 0.04 300
46 0.14894664324318552 1235986 0.04 300 0.04 300
47 0.1481105798892855 1261981 0.04 300 0.04 300
48 0.14733348022461226 1287966 0.04 300 0.04 300
49 0.14661185163377724 1313942 0.04 300 0.04 300
50 0.1459422027817241 1339908 0.04 300 0.04 300
51 0.1453210983083145 1365866 0.04 300 0.04 300
52 0.14474520765038434 1391816 0.04 300 0.04 300
53 0.1442113429151884 1417756 0.04 300 0.04 300
54 0.1437164818926177 1443688 0.04 300 0.04 300
55 0.1432577744964072 1469610 0.04 300 0.04 300
56 0.14283253349171465 1495523 0.04 300 0.04 300
57 0.1424382125644982 1521429 0.04 300 0.04 300
58 0.14207237615853188 1547327 0.04 300 0.04 300
59 0.14173266594754805 1573221 0.04 300 0.04 300
60 0.1414167684788974 1599103 0.04 300 0.04 300
61 0.14112238768765786 1624977 0.04 300 0.04 300
62 0.1408472249026333 1650844 0.04 300 0.04 300
63 0.140588967855591 1676703 0.04 300 0.04 300
64 0.1403452891944729 1702557 0.04 300 0.04 300
65 0.1401138541570819 1728404 0.04 300 0.04 300
66 0.13989233640708743 1754265 0.04 300 0.04 300
67 0.1396784405670857 1780093 0.04 300 0.04 300
68 0.1394699296867532 1805916 0.04 300 0.04 300
69 0.13926465573039695 1831733 0.04 300 0.04 300
70 0.13906059112594646 1857543 0.04 300 0.04 300
71 0.1388558594600746 1883345 0.04 300 0.04 300
72 0.13864876351840605 1909138 0.04 300 0.04 300
73 0.13843780905832637 1934925 0.04 300 0.04 300
74 0.13822172297622454 1960703 0.04 300 0.04 300
75 0.1379994648992093 1986475 0.04 300 0.04 300
76 0.13777023168513441 2012239 0.04 300 0.04 300
77 0.13753345482284215 2037999 0.04 300 0.04 300
78 0.13728879123528692 2063751 0.04 300 0.04 300
79 0.13703610843974504 2089513 0.04 300 0.04 300
80 0.13677546535420845 2115252 0.04 300 0.04 300
81 0.1365070902175422 2140983 0.04 300 0.04 300
82 0.13623135710000064 2166710 0.04 300 0.04 300
83 0.1359487623354273 2192431 0.04 300 0.04 300
84 0.13565990194534483 2218140 0.04 300 0.04 300
85 0.13536545079950763 2243850 0.04 300 0.04 300
86 0.1350661439199211 2269547 0.04 300 0.04 300
87 0.13476276003002763 2295240 0.04 300 0.04 300
88 0.13445610720786624 2320924 0.04 300 0.04 300
89 0.13414701033674536 2346606 0.04 300 0.04 300
90 0.13383629996161128 2372280 0.04 300 0.04 300
91 0.1335248021468402 2397959 0.04 300 0.04 300
92 0.13321332897861318 2423621 0.04 300 0.04 300
93 0.1329026694455714 2449275 0.04 300 0.04 300
94 0.13259358054558668 2474924 0.04 300 0.04 300
95 0.1322867785832635 2500566 0.04 300 0.04 300
96 0.13198293072325204 2526204 0.04 300 0.04 300
97 0.1316826469371982 2551843 0.04 300 0.04 300
98 0.13138647252703506 2577467 0.04 300 0.04 300
99 0.13109488143243803 2603083 0.04 300 0.04 300
