0 0.9509079208824358 7143 0.05 80
1 0.8046001487991462 14268 0.05 80
2 0.5606567090090429 21368 0.05 80
3 0.43526662465104915 28430 0.05 80
4 0.3746991938291976 35454 0.05 80
5 0.3374999347791465 42449 0.05 80
6 0.3104538634791772 49422 0.05 80
7 0.2910776689994079 56371 0.05 80
8 0.27694119799522154 63301 0.05 80
9 0.26601293320938396 70218 0.05 80
10 0.2570282849095871 77109 0.05 80
11 0.24919021203534586 83985 0.05 80
12 0.24199930135153136 90847 0.05 80
13 0.23521172321696324 97690 0.05 80
14 0.2288907336772696 104515 0.05 80
15 0.2232082914110688 111323 0.05 80
16 0.21819799818629787 118115 0.05 80
17 0.21375141915772114 124895 0.05 80
18 0.2097202334009087 131662 0.05 80
19 0.20597467820469983 138422 0.05 80
20 0.20242168369686192 145168 0.05 80
21 0.19900857887025789 151906 0.05 80
22 0.1957188951856115 158635 0.05 80
23 0.19256187825698548 165358 0.05 80
24 0.18955878799710005 172075 0.05 80
25 0.18672971337591435 178784 0.05 80
26 0.1840839406251383 185485 0.05 80
27 0.18161601101152164 192181 0.05 80
28 0.17930795286324525 198872 0.05 80
29 0.177135468669929 205560 0.05 80
30 0.17507448306606138 212244 0.05 80
31 0.1731055837968765 218915 0.05 80
32 0.17121574354795582 225586 0.05 80
33 0.16939785467618462 232250 0.05 80
34 0.1676490336783255 238916 0.05 80
35 0.16596866944803282 245571 0.05 80
36 0.16435691715540082 252221 0.05 80
37 0.16281390261606246 258871 0.05 80
38 0.1613395277711061 265515 0.05 80
39 0.15993359669573898 272154 0.05 80
40 0.15859597449142393 278793 0.05 80
41 0.15732657346090798 285427 0.05 80
42 0.15612510517395978 292058 0.05 80
43 0.15499069612469094 298691 0.05 80
44 0.15392154606723174 305318 0.05 80
45 0.1529147702950417 311947 0.05 80
46 0.15196646573698883 318570 0.05 80
47 0.15107194783201475 325186 0.05 80
48 0.15022606009040285 331799 0.05 80
49 0.14942347265796488 338410 0.05 80
50 0.14865892966571276 345021 0.05 80
51 0.1479274291441444 351627 0.05 80
52 0.1472243183262449 358231 0.05 80
53 0.14654529857218127 364833 0.05 80
54 0.14588637844643926 371432 0.05 80
55 0.1452438582835547 378029 0.05 80
56 0.14461441519271037 384630 0.05 80
57 0.14399527049673053 391222 0.05 80
58 0.14338433836617717 397814 0.05 80
59 0.1427802619027474 404406 0.05 80
60 0.14218232523584617 410994 0.05 80
61 0.1415902975019021 417582 0.05 80
62 0.14100427082395048 424162 0.05 80
63 0.14042452566978453 430743 0.05 80
64 0.13985143192791696 437320 0.05 80
65 0.13928538457793985 443897 0.05 80
66 0.13872677190023538 450470 0.05 80
67 0.13817597394619327 457041 0.05 80
68 0.13763338723038995 463610 0.05 80
69 0.13709946933518544 470178 0.05 80
70 0.13657479479078108 476743 0.05 80
71 0.13606010970715063 483314 0.05 80
72 0.1355563672608707 489877 0.05 80
73 0.13506472432221167 496437 0.05 80
74 0.1345864861508586 503000 0.05 80
75 0.13412299998828642 509561 0.05 80
76 0.13367551439111586 516122 0.05 80
77 0.13324503352543626 522676 0.05 80
78 0.13283219914785682 529228 0.05 80
79 0.13243722562138385 535778 0.05 80
80 0.13205989857920267 542327 0.05 80
81 0.13169963241792107 548874 0.05 80
82 0.13135557052317587 555420 0.05 80
83 0.13102670614634432 561964 0.05 80
84 0.13071200026846413 568510 0.05 80
85 0.1304104746464592 575051 0.05 80
86 0.13012126312686123 581591 0.05 80
87 0.12984361237605843 588135 0.05 80
88 0.12957683499116188 594673 0.05 80
89 0.12932023282098856 601212 0.05 80
90 0.1290730210089213 607750 0.05 80
91 0.1288342848295006 614290 0.05 80
92 0.12860298744546222 620823 0.05 80
93 0.12837802387879543 627355 0.05 80
94 0.12815829767492173 633886 0.05 80
95 0.1279427912720585 640414 0.05 80
96 0.12773060946438872 646943 0.05 80
97 0.1275209905482531 653473 0.05 80
98 0.1273132927230027 660000 0.05 80
99 0.12710696866911314 666525 0.05 80
