0 0.8327082313235049 12518 0.08 140
1 0.4458753249797128 25006 0.08 140
2 0.3154571740743333 37420 0.08 140
3 0.2568266257921508 49786 0.08 140
4 0.2286718906359863 62110 0.08 140
5 0.21144868965559943 74399 0.08 140
6 0.19874068254631364 86657 0.08 140
7 0.1891664663626608 98886 0.08 140
8 0.1820606520693505 111086 0.08 140
9 0.17689127565033774 123264 0.08 140
10 0.17319346568795266 135414 0.08 140
11 0.17056583992949828 147543 0.08 140
12 0.16866919819675089 159649 0.08 140
13 0.16722801644555338 171743 0.08 140
14 0.1660318183042777 183810 0.08 140
15 0.16493053778834865 195855 0.08 140
16 0.16382528172884794 207875 0.08 140
17 0.16265919225856967 219876 0.08 140
18 0.16141099687954996 231858 0.08 140
19 0.1600897013122835 243824 0.08 140
20 0.1587265169513449 255766 0.08 140
21 0.15736232675897943 267692 0.08 140
22 0.1560342828407442 279599 0.08 140
23 0.15476787665793068 291485 0.08 140
24 0.1535772901297353 303352 0.08 140
25 0.15247027272215044 315206 0.08 140
26 0.1514509601133872 327043 0.08 140
27 0.15051761651035145 338858 0.08 140
28 0.14965853214245983 350655 0.08 140
29 0.1488515780222357 362437 0.08 140
30 0.1480689895477465 374202 0.08 140
31 0.147284157748934 385952 0.08 140
32 0.1464766494067713 397685 0.08 140
33 0.1456341652655226 409420 0.08 140
34 0.14475219457375807 421120 0.08 140
35 0.14383257133167893 432805 0.08 140
36 0.14288172814022326 444476 0.08 140
37 0.14190898745437946 456129 0.08 140
38 0.140925003784145 467775 0.08 140
39 0.13994042367390644 479401 0.08 140
40 0.13896483955776198 491012 0.08 140
41 0.13800609930492633 502609 0.08 140
42 0.13706998164695194 514195 0.08 140
43 0.13616018569564306 525772 0.08 140
44 0.13527854178811188 537332 0.08 140
45 0.13442534335986303 548885 0.08 140
46 0.13359971775565546 560424 0.08 140
47 0.13279998237060814 571951 0.08 140
48 0.1320239587536953 583470 0.08 140
49 0.1312692351596326 594978 0.08 140
50 0.13053337704941853 606478 0.08 140
51 0.12981408836487482 617963 0.08 140
52 0.12910932776818737 629439 0.08 140
53 0.12841738521704216 640905 0.08 140
54 0.12773692509105916 652363 0.08 140
55 0.12706700213328936 663817 0.08 140
56 0.12640705573614647 675258 0.08 140
57 0.1257568869318975 686695 0.08 140
58 0.12511662128801243 698121 0.08 140
59 0.12448666017208697 709540 0.08 140
60 0.12386762278621699 720958 0.08 140
61 0.12326028190921949 732362 0.08 140
62 0.12266549704992989 743765 0.08 140
63 0.12208414923480886 755157 0.08 140
64 0.12151708162642894 766540 0.08 140
65 0.12096504955819698 777918 0.08 140
66 0.12042868250364848 789290 0.08 140
67 0.1199084591460393 800659 0.08 140
68 0.11940469526738423 812020 0.08 140
69 0.11891754286712616 823378 0.08 140
70 0.11844699795398692 834728 0.08 140
71 0.11799291392549831 846072 0.08 140
72 0.11755501738365122 857412 0.08 140
73 0.11713292365049013 868744 0.08 140
74 0.11672615012428375 880079 0.08 140
75 0.11633412688165817 891404 0.08 140
76 0.11595620553675742 902723 0.08 140
77 0.11559166934073652 914039 0.08 140
78 0.11523974981772338 925366 0.08 140
79 0.11489965745186385 936674 0.08 140
80 0.11457063460637107 947977 0.08 140
81 0.1142520349131193 959273 0.08 140
82 0.1139434208407495 970568 0.08 140
83 0.11364464906965394 981858 0.08 140
84 0.11335589085071689 993147 0.08 140
85 0.11307753396524188 1004429 0.08 140
86 0.11280995585842288 1015710 0.08 140
87 0.1125532355501471 1026983 0.08 140
88 0.11230693210355572 1038251 0.08 140
89 0.11207003945971325 1049519 0.08 140
90 0.11184113269670691 1060795 0.08 140
91 0.11161862320984317 1072056 0.08 140
92 0.11140100810371267 1083310 0.08 140
93 0.11118703379717831 1094561 0.08 140
94 0.1109757535390722 1105807 0.08 140
95 0.11076650409752113 1117049 0.08 140
96 0.11055884283233201 1128289 0.08 140
97 0.11035247899021852 1139526 0.08 140
98 0.11014721720251544 1150759 0.08 140
99 0.10994291788980858 1161987 0.08 140
