0 0.8495031972589909 17735 0.08 200
1 0.40998724730481134 35405 0.08 200
2 0.30504500474861657 53125 0.08 200
3 0.25903185667305106 70818 0.08 200
4 0.2361820983102877 88461 0.08 200
5 0.2223457775512388 106262 0.08 200
6 0.21124350439478165 123825 0.08 200
7 0.20167769078793624 141352 0.08 200
8 0.19347753426213296 158844 0.08 200
9 0.18651345185737442 176307 0.08 200
10 0.18060033463093367 193729 0.08 200
11 0.17553957804058137 211122 0.08 200
12 0.1711572206925188 228483 0.08 200
13 0.1673231520666857 245816 0.08 200
14 0.16394741644245048 263118 0.08 200
15 0.16096252344506312 280387 0.08 200
16 0.1583089141078484 297628 0.08 200
17 0.155931084308304 314840 0.08 200
18 0.15378026323816804 332025 0.08 200
19 0.1518176109581013 349176 0.08 200
20 0.15001509084520856 366301 0.08 200
21 0.14835399351787812 383403 0.08 200
22 0.14682232988802352 400477 0.08 200
23 0.1454122978025967 417516 0.08 200
24 0.1441184402331235 434530 0.08 200
25 0.14293656558425838 451516 0.08 200
26 0.14186318638044018 468482 0.08 200
27 0.14089511833151064 485425 0.08 200
28 0.14002895211622288 502340 0.08 200
29 0.13926032937039892 519230 0.08 200
30 0.13858320049118 536101 0.08 200
31 0.1379893587812297 552949 0.08 200
32 0.13746845707846447 569774 0.08 200
33 0.1370085081475851 586576 0.08 200
34 0.1365967139219597 603360 0.08 200
35 0.136220434125952 620124 0.08 200
36 0.1358681445826185 636869 0.08 200
37 0.13553027618320493 653591 0.08 200
38 0.13519983851576564 670297 0.08 200
39 0.1348727334197225 686986 0.08 200
40 0.1345476829535735 703658 0.08 200
41 0.1342257540177917 720310 0.08 200
42 0.13390955592545986 736945 0.08 200
43 0.13360228465435847 753566 0.08 200
44 0.1333068363700885 770172 0.08 200
45 0.13302517840500883 786761 0.08 200
46 0.1327580627366382 803349 0.08 200
47 0.13250505042678423 819909 0.08 200
48 0.13226473940737718 836454 0.08 200
49 0.13203507147579358 852981 0.08 200
50 0.1318136220541204 869500 0.08 200
51 0.13159782047333649 885998 0.08 200
52 0.1313850880986222 902489 0.08 200
53 0.13117290743424428 918959 0.08 200
54 0.13095884710407182 935418 0.08 200
55 0.13074056875317144 951861 0.08 200
56 0.13051583655571838 968300 0.08 200
57 0.13028254161328748 984722 0.08 200
58 0.13003874456983147 1001130 0.08 200
59 0.12978273178233832 1017526 0.08 200
60 0.12951307433132755 1033914 0.08 200
61 0.1292286760082749 1050294 0.08 200
62 0.1289287972822165 1066655 0.08 200
63 0.12861304760965725 1083006 0.08 200
64 0.12828134714672357 1099345 0.08 200
65 0.12793386792866052 1115678 0.08 200
66 0.1275709701848172 1131995 0.08 200
67 0.12719314930804668 1148303 0.08 200
68 0.12680100364540803 1164602 0.08 200
69 0.126395225754837 1180893 0.08 200
70 0.1259766133936497 1197180 0.08 200
71 0.12554609286843912 1213449 0.08 200
72 0.12510474619354625 1229712 0.08 200
73 0.12465383374881243 1245968 0.08 200
74 0.12419480507005204 1262217 0.08 200
75 0.12372929194166365 1278453 0.08 200
76 0.12325908037699491 1294680 0.08 200
77 0.12278606156630471 1310898 0.08 200
78 0.12231216609033788 1327112 0.08 200
79 0.12183928959845561 1343316 0.08 200
80 0.12136922037732156 1359510 0.08 200
81 0.12090357883424695 1375699 0.08 200
82 0.1204437759281246 1391882 0.08 200
83 0.11999099307808901 1408060 0.08 200
84 0.11954618163847913 1424226 0.08 200
85 0.11911007696702008 1440385 0.08 200
86 0.11868322099963417 1456539 0.08 200
87 0.11826598786132066 1472686 0.08 200
88 0.1178586086894233 1488824 0.08 200
89 0.1174611937368271 1504954 0.08 200
90 0.11707375136653257 1521079 0.08 200
91 0.11669620446117998 1537200 0.08 200
92 0.11632840505118074 1553311 0.08 200
93 0.1159701477996045 1569415 0.08 200
94 0.11562118262581648 1585512 0.08 200
95 0.11528122642445135 1601605 0.08 200
96 0.1149499736693161 1617692 0.08 200
97 0.11462710570637494 1633780 0.08 200
98 0.11431229868322049 1649854 0.08 200
99 0.11400523025063021 1665929 0.08 200
