0 0.8147908871774352 5374 0.09 60
1 0.4233936588211087 10695 0.09 60
2 0.31688806592690233 15946 0.09 60
3 0.2780109227779593 21157 0.09 60
4 0.2582758962505872 26338 0.09 60
5 0.24492709836763338 31496 0.09 60
6 0.2341360136223923 36632 0.09 60
7 0.22490106851981959 41752 0.09 60
8 0.21667245831386622 46851 0.09 60
9 0.20923444573565222 51946 0.09 60
10 0.2026238250074647 57007 0.09 60
11 0.19681373408791644 62048 0.09 60
12 0.1916410685492324 67072 0.09 60
13 0.186944487735234 72080 0.09 60
14 0.18262946861255347 77072 0.09 60
15 0.1786288489339221 82060 0.09 60
16 0.17487505936732664 87029 0.09 60
17 0.17131659310334355 91993 0.09 60
18 0.16792419654661145 96940 0.09 60
19 0.16467572090264443 101879 0.09 60
20 0.16155171417039707 106812 0.09 60
21 0.1585429846019938 111739 0.09 60
22 0.15565284176742109 116663 0.09 60
23 0.152891893108289 121580 0.09 60
24 0.1502718845044328 126493 0.09 60
25 0.147802078326049 131404 0.09 60
26 0.1454880506177383 136310 0.09 60
27 0.1433317860655302 141214 0.09 60
28 0.1413322033208591 146115 0.09 60
29 0.1394856582116119 151017 0.09 60
30 0.1377862945914603 155914 0.09 60
31 0.1362263164039403 160808 0.09 60
32 0.13479630956624472 165700 0.09 60
33 0.1334856783901689 170590 0.09 60
34 0.13228317404477968 175481 0.09 60
35 0.13117744696931347 180371 0.09 60
36 0.13015754610040572 185262 0.09 60
37 0.1292132968696123 190144 0.09 60
38 0.1283355264857979 195024 0.09 60
39 0.12751616626356038 199902 0.09 60
40 0.1267482899810859 204779 0.09 60
41 0.12602610857866992 209653 0.09 60
42 0.12534490129806897 214526 0.09 60
43 0.12470087989897106 219398 0.09 60
44 0.12409101726904401 224266 0.09 60
45 0.12351287970329508 229133 0.09 60
46 0.12296448704843588 233998 0.09 60
47 0.12244420619796012 238860 0.09 60
48 0.12195067179711312 243721 0.09 60
49 0.12148272498174541 248580 0.09 60
50 0.12103936351283733 253440 0.09 60
51 0.12061970089264652 258297 0.09 60
52 0.12022293512121549 263151 0.09 60
53 0.11984832833645982 268009 0.09 60
54 0.11949519674531206 272862 0.09 60
55 0.11916290726831373 277716 0.09 60
56 0.11885087512320994 282563 0.09 60
57 0.11855855678464071 287410 0.09 60
58 0.11828543569905278 292253 0.09 60
59 0.11803100254042026 297096 0.09 60
60 0.11779473548181932 301936 0.09 60
61 0.11757608707295451 306775 0.09 60
62 0.11737448236314335 311613 0.09 60
63 0.11718932897762813 316449 0.09 60
64 0.11702003587751955 321286 0.09 60
65 0.11686603515941622 326118 0.09 60
66 0.11672680105930001 330960 0.09 60
67 0.11660186180015378 335794 0.09 60
68 0.1164908019971976 340622 0.09 60
69 0.11639325504255799 345448 0.09 60
70 0.11630888577889044 350274 0.09 60
71 0.11623736398764747 355100 0.09 60
72 0.11617832934747276 359928 0.09 60
73 0.11613134924064825 364754 0.09 60
74 0.11609587243874873 369577 0.09 60
75 0.11607118395203221 374396 0.09 60
76 0.1160563683550948 379213 0.09 60
77 0.11605029049147503 384030 0.09 60
78 0.11605160609281855 388846 0.09 60
79 0.11605882683847647 393660 0.09 60
80 0.1160704888616002 398473 0.09 60
81 0.11608549840491597 403285 0.09 60
82 0.1161037057367153 408095 0.09 60
83 0.11612656616494826 412904 0.09 60
84 0.11615726941107536 417712 0.09 60
85 0.11619939943129366 422521 0.09 60
86 0.11625431842241493 427326 0.09 60
87 0.11631955626851695 432131 0.09 60
88 0.11638972524425562 436934 0.09 60
89 0.11645850877657836 441737 0.09 60
90 0.1165199276950044 446538 0.09 60
91 0.11656858242748204 451341 0.09 60
92 0.11659942008025104 456143 0.09 60
93 0.1166077029924029 460943 0.09 60
94 0.1165894963412093 465737 0.09 60
95 0.11654239587589883 470530 0.09 60
96 0.11646587673325064 475322 0.09 60
97 0.11636091438506195 480113 0.09 60
98 0.11622916105825176 484902 0.09 60
99 0.11607225956975552 489691 0.09 60
