0 0.7020836192300032 16075 0.09 180
1 0.34471185321865727 32049 0.09 180
2 0.26762520670348533 47927 0.09 180
3 0.23802591072599644 63742 0.09 180
4 0.2226713377134738 79510 0.09 180
5 0.2118520958207205 95217 0.09 180
6 0.20225133835196452 110879 0.09 180
7 0.1932602154192234 126490 0.09 180
8 0.18516054569585952 142055 0.09 180
9 0.17821486764889058 157579 0.09 180
10 0.17244692087388128 173057 0.09 180
11 0.1677225672647878 188496 0.09 180
12 0.16384944513265637 203922 0.09 180
13 0.16063814297876744 219289 0.09 180
14 0.1579335775647965 234623 0.09 180
15 0.15562471372033246 249926 0.09 180
16 0.15363870127649445 265194 0.09 180
17 0.1519268613311776 280428 0.09 180
18 0.15045002004531277 295636 0.09 180
19 0.14916898108052434 310811 0.09 180
20 0.1480420887290178 325960 0.09 180
21 0.14702784522899812 341080 0.09 180
22 0.14608904942159306 356170 0.09 180
23 0.14519585914229333 371257 0.09 180
24 0.14432685309710808 386294 0.09 180
25 0.14346838054647668 401307 0.09 180
26 0.1426129834253223 416297 0.09 180
27 0.14175764477618114 431259 0.09 180
28 0.14090233636702984 446198 0.09 180
29 0.140049030808568 461118 0.09 180
30 0.1392011169338938 476011 0.09 180
31 0.13836303768941177 490885 0.09 180
32 0.13753995920393475 505743 0.09 180
33 0.13673735485990537 520739 0.09 180
34 0.13596049627179657 535552 0.09 180
35 0.13521392660526252 550350 0.09 180
36 0.13450101827953673 565131 0.09 180
37 0.13382369247693923 579894 0.09 180
38 0.13318233196312834 594645 0.09 180
39 0.13257587812049446 609381 0.09 180
40 0.1320020764076709 624094 0.09 180
41 0.13145781859314648 638794 0.09 180
42 0.13093952291500696 653481 0.09 180
43 0.13044349646775516 668151 0.09 180
44 0.12996623753853684 682810 0.09 180
45 0.12950465465999242 697454 0.09 180
46 0.12905619764012255 712109 0.09 180
47 0.1286189096610855 726734 0.09 180
48 0.1281914174375006 741344 0.09 180
49 0.12777287893694275 755944 0.09 180
50 0.12736290664169814 770534 0.09 180
51 0.12696148046488154 785112 0.09 180
52 0.12656885992013958 799677 0.09 180
53 0.12618550120978564 814239 0.09 180
54 0.12581198203600089 828786 0.09 180
55 0.12544893508302432 843323 0.09 180
56 0.1250969899864505 857855 0.09 180
57 0.12475672294885398 872373 0.09 180
58 0.12442861282976438 886884 0.09 180
59 0.1241130024954714 901390 0.09 180
60 0.12381006453868212 915882 0.09 180
61 0.1235197713194956 930370 0.09 180
62 0.12324187072761082 944850 0.09 180
63 0.12297587097018216 959319 0.09 180
64 0.12272103953954733 973782 0.09 180
65 0.1224764224869777 988237 0.09 180
66 0.1222408893316078 1002693 0.09 180
67 0.12201320579381075 1017136 0.09 180
68 0.12179213119028559 1031567 0.09 180
69 0.12157653080125158 1045988 0.09 180
70 0.1213654876155986 1060410 0.09 180
71 0.12115839461729393 1074820 0.09 180
72 0.12095500975199637 1089221 0.09 180
73 0.1207554613300911 1103620 0.09 180
74 0.12056020086835288 1118007 0.09 180
75 0.12036991097395049 1132389 0.09 180
76 0.12018538492189115 1146768 0.09 180
77 0.12000739946248706 1161135 0.09 180
78 0.11983660181030686 1175495 0.09 180
79 0.11967342630291736 1189854 0.09 180
80 0.11951804810031263 1204210 0.09 180
81 0.11937037326591635 1218553 0.09 180
82 0.11923005865880539 1232895 0.09 180
83 0.11909655204970011 1247224 0.09 180
84 0.11896914250974812 1261547 0.09 180
85 0.1188470126753681 1275870 0.09 180
86 0.11872928709383661 1290182 0.09 180
87 0.1186150736571593 1304490 0.09 180
88 0.11850349743149585 1318787 0.09 180
89 0.11839372756325423 1333105 0.09 180
90 0.11828499834511749 1347392 0.09 180
91 0.11817662524938652 1361671 0.09 180
92 0.11806801624340578 1375944 0.09 180
93 0.11795867838933408 1390217 0.09 180
94 0.11784821976038992 1404494 0.09 180
95 0.1177363469982748 1418749 0.09 180
96 0.11762285920080619 1433003 0.09 180
97 0.11750763910293843 1447257 0.09 180
98 0.11739064262430511 1461500 0.09 180
99 0.11727188780479056 1475735 0.09 180
