0 0.9538149046090888 1861 0.06 20
1 0.8902695072211206 3716 0.06 20
2 0.6784336484939449 5551 0.06 20
3 0.5383113443685509 7354 0.06 20
4 0.4872162858953945 9130 0.06 20
5 0.4576513612978027 10887 0.06 20
6 0.4279873058612843 12630 0.06 20
7 0.399967242983465 14360 0.06 20
8 0.3744771290651761 16075 0.06 20
9 0.35111079356755387 17779 0.06 20
10 0.329880757786946 19473 0.06 20
11 0.3115630973438184 21161 0.06 20
12 0.2972419873043895 22843 0.06 20
13 0.2869734357632454 24519 0.06 20
14 0.2794152507186671 26190 0.06 20
15 0.2735504529296939 27859 0.06 20
16 0.2688489860363096 29523 0.06 20
17 0.26497864946987504 31184 0.06 20
18 0.26168180839955063 32842 0.06 20
19 0.2587471885333774 34496 0.06 20
20 0.25604360732814035 36149 0.06 20
21 0.25351993162279174 37798 0.06 20
22 0.251155750191415 39445 0.06 20
23 0.248934963864231 41089 0.06 20
24 0.24684642682326144 42731 0.06 20
25 0.2448755380114846 44371 0.06 20
26 0.24299714166468575 46009 0.06 20
27 0.24118827810565974 47644 0.06 20
28 0.23944142925234327 49277 0.06 20
29 0.23776075745525874 50909 0.06 20
30 0.23613326644952518 52538 0.06 20
31 0.2345284013834739 54165 0.06 20
32 0.23293564916101964 55790 0.06 20
33 0.23137383500078226 57412 0.06 20
34 0.22987147063312313 59032 0.06 20
35 0.2284671115370001 60650 0.06 20
36 0.22721770745575753 62265 0.06 20
37 0.22616782585166867 63879 0.06 20
38 0.22532486186267 65490 0.06 20
39 0.22467148734184095 67099 0.06 20
40 0.22419136974568607 68706 0.06 20
41 0.22388566752848915 70311 0.06 20
42 0.2237578543671766 71915 0.06 20
43 0.22379313432951448 73515 0.06 20
44 0.2239863188286673 75113 0.06 20
45 0.2243681332954699 76710 0.06 20
46 0.2249847904902186 78302 0.06 20
47 0.22585164434875726 79894 0.06 20
48 0.22690939572210678 81482 0.06 20
49 0.2280700199358082 83068 0.06 20
50 0.22930907061116468 84651 0.06 20
51 0.23057724077368802 86231 0.06 20
52 0.23184847624325328 87809 0.06 20
53 0.23329739208176245 89384 0.06 20
54 0.23490315419864582 90957 0.06 20
55 0.23653592133157794 92527 0.06 20
56 0.23825670718283795 94094 0.06 20
57 0.24011315752237083 95659 0.06 20
58 0.2420659793342024 97221 0.06 20
59 0.2440047471635568 98781 0.06 20
60 0.24583885032768193 100338 0.06 20
61 0.2475987951524956 101892 0.06 20
62 0.24918320281296402 103443 0.06 20
63 0.2500630454784408 104991 0.06 20
64 0.2505022388327717 106538 0.06 20
65 0.2504444111180682 108081 0.06 20
66 0.24976472054919585 109623 0.06 20
67 0.24852282471246473 111162 0.06 20
68 0.2469019466531678 112698 0.06 20
69 0.24510549100716494 114232 0.06 20
70 0.2432475837945132 115764 0.06 20
71 0.241461890028282 117294 0.06 20
72 0.23967568931768934 118823 0.06 20
73 0.2377439179082553 120351 0.06 20
74 0.23572209842814495 121877 0.06 20
75 0.2336695689073 123401 0.06 20
76 0.23157356867754275 124924 0.06 20
77 0.22939333322688002 126446 0.06 20
78 0.2271569727630871 127967 0.06 20
79 0.22495993633572373 129489 0.06 20
80 0.2228942350209261 131012 0.06 20
81 0.22096879192292665 132531 0.06 20
82 0.2191612426878228 134049 0.06 20
83 0.21746840218863786 135568 0.06 20
84 0.2158933136232903 137085 0.06 20
85 0.21440941272088376 138602 0.06 20
86 0.2129641219046078 140123 0.06 20
87 0.2115048585815588 141644 0.06 20
88 0.21000391791676096 143160 0.06 20
89 0.20845643428935007 144676 0.06 20
90 0.20688610751672232 146192 0.06 20
91 0.2053867894576516 147708 0.06 20
92 0.20402684033385826 149222 0.06 20
93 0.20281394619852158 150737 0.06 20
94 0.20173775446013392 152255 0.06 20
95 0.20077188314356473 153774 0.06 20
96 0.19987764196665997 155287 0.06 20
97 0.19901801131962216 156800 0.06 20
98 0.19815309024994646 158313 0.06 20
99 0.19725953874453564 159825 0.06 20
