0 0.883355076611109 15968 0.07 180
1 0.4777286725551973 31893 0.07 180
2 0.3313306025146856 47741 0.07 180
3 0.2790420193178199 63530 0.07 180
4 0.2511132165735294 79272 0.07 180
5 0.23433788129983116 94982 0.07 180
6 0.22325685398425205 110654 0.07 180
7 0.2150008824659262 126306 0.07 180
8 0.20801389639005732 141919 0.07 180
9 0.20159587903285603 157499 0.07 180
10 0.19554133787179162 173051 0.07 180
11 0.18984921122703333 188578 0.07 180
12 0.18456674211306326 204071 0.07 180
13 0.17972920997044486 219538 0.07 180
14 0.17534857427287395 234981 0.07 180
15 0.17141717957066782 250397 0.07 180
16 0.1679117974462213 265790 0.07 180
17 0.16479656733759093 281162 0.07 180
18 0.16202719465712997 296509 0.07 180
19 0.15955655863914786 311838 0.07 180
20 0.15733942104610837 327145 0.07 180
21 0.15533483635950926 342434 0.07 180
22 0.15350675111964937 357705 0.07 180
23 0.15182385122736214 372954 0.07 180
24 0.1502593806288603 388187 0.07 180
25 0.14879120545050067 403405 0.07 180
26 0.14740209586589173 418613 0.07 180
27 0.1460800024949932 433791 0.07 180
28 0.14481800414625434 448956 0.07 180
29 0.14361365761410555 464101 0.07 180
30 0.1424677121566944 479229 0.07 180
31 0.14138244548546533 494346 0.07 180
32 0.14036004110218922 509443 0.07 180
33 0.13940137096772598 524525 0.07 180
34 0.13850535336603306 539596 0.07 180
35 0.1376688656835475 554649 0.07 180
36 0.13688708035513494 569691 0.07 180
37 0.1361540496162505 584722 0.07 180
38 0.1354633610180418 599739 0.07 180
39 0.13480871240850043 614740 0.07 180
40 0.1341843126615219 629730 0.07 180
41 0.133585088028312 644711 0.07 180
42 0.13300673438766575 659675 0.07 180
43 0.13244568084456515 674632 0.07 180
44 0.13189902073687446 689573 0.07 180
45 0.1313644397182832 704507 0.07 180
46 0.1308401458514786 719430 0.07 180
47 0.130324793702915 734338 0.07 180
48 0.12981739421496305 749238 0.07 180
49 0.1293172098860458 764131 0.07 180
50 0.12882364402697424 779008 0.07 180
51 0.1283361384408646 793888 0.07 180
52 0.12785409370649822 808749 0.07 180
53 0.12737682134890266 823598 0.07 180
54 0.12690353034252574 838438 0.07 180
55 0.12643334436938017 853274 0.07 180
56 0.1259653425664157 868097 0.07 180
57 0.12549861523964326 882909 0.07 180
58 0.1250323264122015 897715 0.07 180
59 0.12456577614434788 912511 0.07 180
60 0.12409845665458218 927298 0.07 180
61 0.12363009719262265 942083 0.07 180
62 0.12316069354937789 956854 0.07 180
63 0.1226905193470089 971619 0.07 180
64 0.12222011801635392 986377 0.07 180
65 0.12175027654096396 1001127 0.07 180
66 0.12128198425188155 1015871 0.07 180
67 0.12081638168687567 1030608 0.07 180
68 0.12035470534723303 1045334 0.07 180
69 0.11989823390873997 1060068 0.07 180
70 0.11944824020526448 1074777 0.07 180
71 0.11900595149982617 1089479 0.07 180
72 0.11857251869828761 1104180 0.07 180
73 0.11814899369421003 1118869 0.07 180
74 0.1177363132228788 1133550 0.07 180
75 0.11733528747947063 1148229 0.07 180
76 0.11694659215695592 1162897 0.07 180
77 0.1165707632131301 1177558 0.07 180
78 0.116208194308399 1192219 0.07 180
79 0.11585913726766325 1206868 0.07 180
80 0.11552370602594994 1221510 0.07 180
81 0.11520188434204838 1236148 0.07 180
82 0.11489353720483277 1250778 0.07 180
83 0.1145984254388125 1265403 0.07 180
84 0.11431622265268565 1280025 0.07 180
85 0.11404653344442703 1294648 0.07 180
86 0.11378891171023914 1309259 0.07 180
87 0.11354287799329327 1323860 0.07 180
88 0.11330793501395028 1338465 0.07 180
89 0.11308358079530707 1353058 0.07 180
90 0.11286931908588248 1367642 0.07 180
91 0.11266466704389909 1382228 0.07 180
92 0.11246916035783235 1396822 0.07 180
93 0.11228235612308984 1411389 0.07 180
94 0.1121038338745744 1425951 0.07 180
95 0.11193319519807186 1440512 0.07 180
96 0.11177006232346155 1455065 0.07 180
97 0.11161407605496868 1469701 0.07 180
98 0.11146489333219277 1484363 0.07 180
99 0.11132218465198067 1499016 0.07 180
