0 0.9320024893874352 24759 0.07 280 0.07 280
1 0.44760826252613894 49460 0.07 280 0.07 280
2 0.3090972512483775 74073 0.07 280 0.07 280
3 0.26173780247981493 98624 0.07 280 0.07 280
4 0.23739176248696567 123130 0.07 280 0.07 280
5 0.2212556843963148 147580 0.07 280 0.07 280
6 0.20871441571677088 171984 0.07 280 0.07 280
7 0.19844527546760218 196340 0.07 280 0.07 280
8 0.18995034799717447 220650 0.07 280 0.07 280
9 0.1829665999218916 244919 0.07 280 0.07 280
10 0.17724378535336907 269150 0.07 280 0.07 280
11 0.17253352290530352 293342 0.07 280 0.07 280
12 0.16861704398983882 317501 0.07 280 0.07 280
13 0.16531779550796366 341630 0.07 280 0.07 280
14 0.16250032815906634 365733 0.07 280 0.07 280
15 0.16006126734644938 389796 0.07 280 0.07 280
16 0.1579192124946735 413833 0.07 280 0.07 280
17 0.15600900779769736 437838 0.07 280 0.07 280
18 0.15427973493207706 461818 0.07 280 0.07 280
19 0.15269318714465838 485779 0.07 280 0.07 280
20 0.15122163127259622 509704 0.07 280 0.07 280
21 0.14984519925493303 533604 0.07 280 0.07 280
22 0.14854948480407976 557476 0.07 280 0.07 280
23 0.1473237240672471 581324 0.07 280 0.07 280
24 0.14615965320388508 605155 0.07 280 0.07 280
25 0.1450508960211878 628954 0.07 280 0.07 280
26 0.1439926366070146 652730 0.07 280 0.07 280
27 0.14298138130390517 676487 0.07 280 0.07 280
28 0.1420147266519743 700219 0.07 280 0.07 280
29 0.14109112437171287 723937 0.07 280 0.07 280
30 0.1402096412156054 747625 0.07 280 0.07 280
31 0.1393697023761804 771290 0.07 280 0.07 280
32 0.13857082860918607 794945 0.07 280 0.07 280
33 0.1378124068876669 818570 0.07 280 0.07 280
34 0.13709353243674996 842174 0.07 280 0.07 280
35 0.13641293276899086 865760 0.07 280 0.07 280
36 0.13576896183501616 889327 0.07 280 0.07 280
37 0.13515964540234188 912879 0.07 280 0.07 280
38 0.13458276010675704 936407 0.07 280 0.07 280
39 0.1340359312584512 959913 0.07 280 0.07 280
40 0.13351673660445618 983399 0.07 280 0.07 280
41 0.1330228050541268 1006868 0.07 280 0.07 280
42 0.13255190116487567 1030318 0.07 280 0.07 280
43 0.13210198830196124 1053750 0.07 280 0.07 280
44 0.13167126611734686 1077164 0.07 280 0.07 280
45 0.13125818122269647 1100561 0.07 280 0.07 280
46 0.13086141311715982 1123941 0.07 280 0.07 280
47 0.13047983998385004 1147302 0.07 280 0.07 280
48 0.13011249063778968 1170649 0.07 280 0.07 280
49 0.12975848980259788 1193980 0.07 280 0.07 280
50 0.12941700418675234 1217293 0.07 280 0.07 280
51 0.12908719647583633 1240593 0.07 280 0.07 280
52 0.12876819311249463 1263876 0.07 280 0.07 280
53 0.128459069466738 1287142 0.07 280 0.07 280
54 0.12815885297176569 1310393 0.07 280 0.07 280
55 0.12786654169627895 1333632 0.07 280 0.07 280
56 0.1275811334578581 1356856 0.07 280 0.07 280
57 0.1273016595201137 1380062 0.07 280 0.07 280
58 0.12702721724475138 1403266 0.07 280 0.07 280
59 0.12675699742052382 1426451 0.07 280 0.07 280
60 0.12649030377057258 1449612 0.07 280 0.07 280
61 0.12622656380014619 1472762 0.07 280 0.07 280
62 0.1259653313648457 1495898 0.07 280 0.07 280
63 0.12570628205030604 1519016 0.07 280 0.07 280
64 0.12544920277316832 1542120 0.07 280 0.07 280
65 0.12519397711673508 1565222 0.07 280 0.07 280
66 0.1249405679419978 1588301 0.07 280 0.07 280
67 0.12468899882235855 1611365 0.07 280 0.07 280
68 0.1244393358203967 1634418 0.07 280 0.07 280
69 0.12419167100615021 1657456 0.07 280 0.07 280
70 0.12394610887094279 1680478 0.07 280 0.07 280
71 0.12370275642465725 1703492 0.07 280 0.07 280
72 0.12346171732934137 1726499 0.07 280 0.07 280
73 0.12322308999493845 1749481 0.07 280 0.07 280
74 0.12298696921582634 1772450 0.07 280 0.07 280
75 0.12275345070451346 1795410 0.07 280 0.07 280
76 0.12252263779140071 1818357 0.07 280 0.07 280
77 0.12229464958919194 1841337 0.07 280 0.07 280
78 0.12206963003427054 1864259 0.07 280 0.07 280
79 0.12184775737866103 1887184 0.07 280 0.07 280
80 0.12162925388207796 1910079 0.07 280 0.07 280
81 0.12141439561684671 1932963 0.07 280 0.07 280
82 0.12120352242667412 1955844 0.07 280 0.07 280
83 0.12099704815006258 1978701 0.07 280 0.07 280
84 0.12079547119167029 2001546 0.07 280 0.07 280
85 0.12059938530623546 2024385 0.07 280 0.07 280
86 0.12040948980553624 2047220 0.07 280 0.07 280
87 0.12022659670012738 2070047 0.07 280 0.07 280
88 0.12005162815258266 2092850 0.07 280 0.07 280
89 0.11988558824999232 2115667 0.07 280 0.07 280
90 0.11972947398755851 2138445 0.07 280 0.07 280
91 0.11958405748791823 2161216 0.07 280 0.07 280
92 0.11944943186957357 2183975 0.07 280 0.07 280
93 0.1193242111316998 2206729 0.07 280 0.07 280
94 0.11920442172749093 2229464 0.07 280 0.07 280
95 0.11908254823394909 2252195 0.07 280 0.07 280
96 0.11894776625165285 2274912 0.07 280 0.07 280
97 0.11878838770018597 2297614 0.07 280 0.07 280
98 0.1185961072793223 2320311 0.07 280 0.07 280
99 0.11836941222368928 2343005 0.07 280 0.07 280
