0 0.9564019894062128 17729 0.01 200
1 0.9549422495173949 35414 0.01 200
2 0.953107843905513 53102 0.01 200
3 0.9505752437888824 70790 0.01 200
4 0.9467420999805632 88474 0.01 200
5 0.9402944269374606 106169 0.01 200
6 0.9280865176015599 123860 0.01 200
7 0.9047375126897783 141548 0.01 200
8 0.867870965988285 159234 0.01 200
9 0.8167317628310732 176937 0.01 200
10 0.7536381823579115 194632 0.01 200
11 0.6893289090700315 212336 0.01 200
12 0.6325152535398847 230037 0.01 200
13 0.5856481908244029 247736 0.01 200
14 0.5475952127070275 265433 0.01 200
15 0.5163346798924089 283129 0.01 200
16 0.4901051159295656 300822 0.01 200
17 0.46762048216686497 318545 0.01 200
18 0.4480146733507091 336224 0.01 200
19 0.43072551491960126 353903 0.01 200
20 0.4153710533653443 371579 0.01 200
21 0.40166574693218876 389248 0.01 200
22 0.38938207731945124 406921 0.01 200
23 0.3783306526462674 424584 0.01 200
24 0.3683454311743168 442245 0.01 200
25 0.35927554190521677 459900 0.01 200
26 0.35098377400958636 477550 0.01 200
27 0.34334808889719637 495197 0.01 200
28 0.3362628136057197 512845 0.01 200
29 0.3296383183155231 530490 0.01 200
30 0.32339960330174383 548127 0.01 200
31 0.31748459817870145 565762 0.01 200
32 0.31184262651939043 583395 0.01 200
33 0.30643311081866953 601024 0.01 200
34 0.3012244477640359 618646 0.01 200
35 0.29619298969764546 636267 0.01 200
36 0.2913220892167531 653885 0.01 200
37 0.28660115752646687 671503 0.01 200
38 0.2820246808700418 689113 0.01 200
39 0.27759115940108436 706721 0.01 200
40 0.2733019769970672 724325 0.01 200
41 0.26916025953553246 741929 0.01 200
42 0.2651698117384242 759568 0.01 200
43 0.26133422428236885 777164 0.01 200
44 0.2576562132491583 794756 0.01 200
45 0.2541372085383908 812350 0.01 200
46 0.25077716725457405 829943 0.01 200
47 0.24757456482358098 847529 0.01 200
48 0.24452651074901402 865117 0.01 200
49 0.24162894067708085 882699 0.01 200
50 0.238876845251025 900283 0.01 200
51 0.23626450570064653 917858 0.01 200
52 0.23378571513665458 935431 0.01 200
53 0.23143397271319044 953002 0.01 200
54 0.2292026447541744 970575 0.01 200
55 0.2270850921961395 988141 0.01 200
56 0.22507476712627367 1005704 0.01 200
57 0.2231652829659777 1023265 0.01 200
58 0.22135046336795733 1040828 0.01 200
59 0.21962437461886347 1058388 0.01 200
60 0.21798134566487334 1075945 0.01 200
61 0.21641597908101903 1093513 0.01 200
62 0.21492315554623204 1111068 0.01 200
63 0.2134980337374349 1128620 0.01 200
64 0.21213604703610756 1146168 0.01 200
65 0.2108328980413506 1163717 0.01 200
66 0.20958455158563194 1181261 0.01 200
67 0.20838722673252608 1198805 0.01 200
68 0.20723738808126752 1216345 0.01 200
69 0.20613173659536133 1233882 0.01 200
70 0.2050672000998036 1251417 0.01 200
71 0.20404092354427997 1268955 0.01 200
72 0.20305025910078392 1286491 0.01 200
73 0.2020927561477619 1304021 0.01 200
74 0.2011661511847492 1321557 0.01 200
75 0.20026835771832735 1339087 0.01 200
76 0.1993974561600661 1356615 0.01 200
77 0.1985516837786078 1374138 0.01 200
78 0.19772942475039326 1391658 0.01 200
79 0.19692920035610528 1409178 0.01 200
80 0.19614965937184328 1426700 0.01 200
81 0.1953895687047459 1444214 0.01 200
82 0.19464780432161613 1461728 0.01 200
83 0.19392334251581242 1479241 0.01 200
84 0.19321525155243835 1496754 0.01 200
85 0.19252268372503428 1514265 0.01 200
86 0.1918448678491387 1531772 0.01 200
87 0.19118110220989012 1549290 0.01 200
88 0.19053074797270983 1566798 0.01 200
89 0.18989322305859863 1584303 0.01 200
90 0.18926799647877393 1601803 0.01 200
91 0.18865458311766317 1619301 0.01 200
92 0.1880525389485232 1636797 0.01 200
93 0.18746145666236239 1654295 0.01 200
94 0.18688096168824525 1671787 0.01 200
95 0.18631070858146903 1689352 0.01 200
96 0.18575037775536402 1706967 0.01 200
97 0.18519967253246386 1724582 0.01 200
98 0.18465831649138292 1742188 0.01 200
99 0.1841260510867487 1759811 0.01 200
