0 0.9665696338284685 26718 0.03 300 0.03 300
1 0.9315847209323852 53399 0.03 300 0.03 300
2 0.7664126472906505 79976 0.03 300 0.03 300
3 0.6229862471612767 106437 0.03 300 0.03 300
4 0.5287270469607417 132875 0.03 300 0.03 300
5 0.45590936092057904 159304 0.03 300 0.03 300
6 0.40495350008900327 185702 0.03 300 0.03 300
7 0.3694270033966379 212078 0.03 300 0.03 300
8 0.34069522183260254 238451 0.03 300 0.03 300
9 0.3161355527235243 264791 0.03 300 0.03 300
10 0.29556816345082343 291142 0.03 300 0.03 300
11 0.27894211113869083 317455 0.03 300 0.03 300
12 0.2658578055812487 343758 0.03 300 0.03 300
13 0.25561792312117365 370047 0.03 300 0.03 300
14 0.2474933901667501 396324 0.03 300 0.03 300
15 0.2409045148539546 422602 0.03 300 0.03 300
16 0.23543279395379224 448857 0.03 300 0.03 300
17 0.23078422636054188 475101 0.03 300 0.03 300
18 0.22675669713194052 501334 0.03 300 0.03 300
19 0.2232119147861971 527554 0.03 300 0.03 300
20 0.22005205512893802 553768 0.03 300 0.03 300
21 0.2172033676671889 579967 0.03 300 0.03 300
22 0.21460662665952815 606171 0.03 300 0.03 300
23 0.21221253444719299 632351 0.03 300 0.03 300
24 0.20997981486524184 658530 0.03 300 0.03 300
25 0.20787429312843766 684690 0.03 300 0.03 300
26 0.20586817736045132 710902 0.03 300 0.03 300
27 0.20393939628190108 737041 0.03 300 0.03 300
28 0.2020710044407217 763177 0.03 300 0.03 300
29 0.20025058517123645 789296 0.03 300 0.03 300
30 0.19846954181111168 815403 0.03 300 0.03 300
31 0.19672224181446268 841501 0.03 300 0.03 300
32 0.19500508733336172 867592 0.03 300 0.03 300
33 0.19331564702000517 893667 0.03 300 0.03 300
34 0.19165197587058622 919749 0.03 300 0.03 300
35 0.19001219527337845 945805 0.03 300 0.03 300
36 0.18839433642677422 971852 0.03 300 0.03 300
37 0.1867963919467308 997891 0.03 300 0.03 300
38 0.1852164870604632 1023920 0.03 300 0.03 300
39 0.18365307762342561 1049938 0.03 300 0.03 300
40 0.1821051026217952 1075949 0.03 300 0.03 300
41 0.18057205281250172 1101957 0.03 300 0.03 300
42 0.17905395213238895 1127948 0.03 300 0.03 300
43 0.177551274532316 1153939 0.03 300 0.03 300
44 0.17606483078079618 1179913 0.03 300 0.03 300
45 0.17459565775488142 1205876 0.03 300 0.03 300
46 0.17314493147529103 1231836 0.03 300 0.03 300
47 0.17171391117811383 1257781 0.03 300 0.03 300
48 0.17030391045282886 1283719 0.03 300 0.03 300
49 0.1689162855002946 1309646 0.03 300 0.03 300
50 0.16755242970717565 1335566 0.03 300 0.03 300
51 0.1662137662592045 1361480 0.03 300 0.03 300
52 0.16490173439054245 1387382 0.03 300 0.03 300
53 0.16361776848798829 1413285 0.03 300 0.03 300
54 0.1623632716988903 1439172 0.03 300 0.03 300
55 0.16113958667044628 1465054 0.03 300 0.03 300
56 0.15994796587205304 1490925 0.03 300 0.03 300
57 0.1587895432067236 1516797 0.03 300 0.03 300
58 0.15766530785977897 1542657 0.03 300 0.03 300
59 0.15657608088092606 1568509 0.03 300 0.03 300
60 0.1555224948923316 1594355 0.03 300 0.03 300
61 0.15450497742656794 1620194 0.03 300 0.03 300
62 0.15352373855006368 1646026 0.03 300 0.03 300
63 0.15257876349877564 1671861 0.03 300 0.03 300
64 0.15166981100061627 1697680 0.03 300 0.03 300
65 0.15079641779589506 1723490 0.03 300 0.03 300
66 0.14995790961707686 1749297 0.03 300 0.03 300
67 0.14915341855449687 1775095 0.03 300 0.03 300
68 0.14838190629205517 1800898 0.03 300 0.03 300
69 0.14764219214186952 1826682 0.03 300 0.03 300
70 0.1469329842185477 1852474 0.03 300 0.03 300
71 0.14625291164915907 1878246 0.03 300 0.03 300
72 0.14560055560472965 1904032 0.03 300 0.03 300
73 0.14497447723877513 1929793 0.03 300 0.03 300
74 0.14437324123259962 1955548 0.03 300 0.03 300
75 0.143795434372947 1981296 0.03 300 0.03 300
76 0.14323967923119754 2007058 0.03 300 0.03 300
77 0.1427046434658943 2032797 0.03 300 0.03 300
78 0.14218904551413483 2058530 0.03 300 0.03 300
79 0.14169165751007426 2084257 0.03 300 0.03 300
80 0.1412113062260517 2109979 0.03 300 0.03 300
81 0.1407468727239392 2135692 0.03 300 0.03 300
82 0.14029729126837379 2161407 0.03 300 0.03 300
83 0.13986154791376584 2187111 0.03 300 0.03 300
84 0.13943867904780535 2212810 0.03 300 0.03 300
85 0.13902777006337458 2238502 0.03 300 0.03 300
86 0.13862795424184918 2264191 0.03 300 0.03 300
87 0.13823841186433014 2289887 0.03 300 0.03 300
88 0.13785836952210018 2315578 0.03 300 0.03 300
89 0.1374870995709858 2341263 0.03 300 0.03 300
90 0.1371239196628589 2366932 0.03 300 0.03 300
91 0.13676819228752995 2392607 0.03 300 0.03 300
92 0.13641932426604292 2418267 0.03 300 0.03 300
93 0.13607676614855366 2443932 0.03 300 0.03 300
94 0.13574001148386539 2469590 0.03 300 0.03 300
95 0.1354085959412885 2495234 0.03 300 0.03 300
96 0.1350820962775023 2520874 0.03 300 0.03 300
97 0.13476012915085261 2546507 0.03 300 0.03 300
98 0.13444234979283914 2572139 0.03 300 0.03 300
99 0.13412845055159864 2597767 0.03 300 0.03 300
