0 0.9188706659940937 7137 0.07 80
1 0.559525997520866 14245 0.07 80
2 0.39215803116586756 21293 0.07 80
3 0.32845340561565584 28283 0.07 80
4 0.29110879167003373 35234 0.07 80
5 0.2679059956776497 42211 0.07 80
6 0.25162290053280706 49158 0.07 80
7 0.23860581095315794 56081 0.07 80
8 0.2277108564856159 62981 0.07 80
9 0.2186816596521897 69855 0.07 80
10 0.21102837321050097 76707 0.07 80
11 0.20413987792762317 83542 0.07 80
12 0.19768227108127423 90362 0.07 80
13 0.1916281828423135 97169 0.07 80
14 0.18609496095312522 103964 0.07 80
15 0.1811885965041357 110749 0.07 80
16 0.1769259709678965 117523 0.07 80
17 0.17324514561122573 124287 0.07 80
18 0.17005614536643418 131042 0.07 80
19 0.16727787295570654 137790 0.07 80
20 0.16484708974175047 144530 0.07 80
21 0.16271406803512364 151263 0.07 80
22 0.16083723280062812 157988 0.07 80
23 0.15917989356679743 164711 0.07 80
24 0.15770878396032334 171428 0.07 80
25 0.15639364816111917 178133 0.07 80
26 0.15520718034452843 184833 0.07 80
27 0.1541249429892493 191527 0.07 80
28 0.15312521264750284 198215 0.07 80
29 0.15218883730491778 204896 0.07 80
30 0.151299164411221 211573 0.07 80
31 0.15044202876220691 218243 0.07 80
32 0.14960575094390394 224908 0.07 80
33 0.14878109826069053 231567 0.07 80
34 0.14796118081917317 238220 0.07 80
35 0.14714128068088303 244871 0.07 80
36 0.1463186327188728 251514 0.07 80
37 0.14549218311921172 258152 0.07 80
38 0.14466234190936503 264790 0.07 80
39 0.14383072845271752 271422 0.07 80
40 0.1429998987121628 278051 0.07 80
41 0.14217304699217984 284671 0.07 80
42 0.14135368632887163 291289 0.07 80
43 0.1405453207226754 297900 0.07 80
44 0.13975112636461068 304507 0.07 80
45 0.13897366316437923 311110 0.07 80
46 0.13821464681041262 317711 0.07 80
47 0.1374748211387575 324307 0.07 80
48 0.1367539695233616 330900 0.07 80
49 0.13605108233706772 337490 0.07 80
50 0.13536465564111883 344077 0.07 80
51 0.13469305560001316 350661 0.07 80
52 0.13403487220354973 357242 0.07 80
53 0.13338920052159764 363821 0.07 80
54 0.1327558019156075 370403 0.07 80
55 0.13213511562292324 376984 0.07 80
56 0.13152813482232964 383556 0.07 80
57 0.1309362090375512 390127 0.07 80
58 0.13036084398136688 396696 0.07 80
59 0.12980354280721812 403263 0.07 80
60 0.12926569187016354 409829 0.07 80
61 0.12874843294369656 416392 0.07 80
62 0.12825240739654514 422956 0.07 80
63 0.12777745190620385 429517 0.07 80
64 0.12732273423917442 436077 0.07 80
65 0.12688735547921676 442636 0.07 80
66 0.12647076837761168 449202 0.07 80
67 0.12607287227825778 455759 0.07 80
68 0.12569408631892773 462317 0.07 80
69 0.12533542681755264 468875 0.07 80
70 0.12499831727108916 475434 0.07 80
71 0.12468395948432917 481992 0.07 80
72 0.12439239167360189 488545 0.07 80
73 0.12412166929664242 495122 0.07 80
74 0.12386776583315393 501673 0.07 80
75 0.12362545958970976 508222 0.07 80
76 0.12338973738264604 514771 0.07 80
77 0.12315688090520051 521318 0.07 80
78 0.12292479549059501 527865 0.07 80
79 0.1226927393482894 534410 0.07 80
80 0.12246083635585754 540954 0.07 80
81 0.12222964501701253 547496 0.07 80
82 0.1219998802808839 554037 0.07 80
83 0.1217722742714202 560578 0.07 80
84 0.12154752305978808 567118 0.07 80
85 0.1213262711131034 573659 0.07 80
86 0.12110910503827378 580226 0.07 80
87 0.12089654616294243 586761 0.07 80
88 0.12068904142121022 593295 0.07 80
89 0.12048695514414745 599827 0.07 80
90 0.12029056391905084 606358 0.07 80
91 0.12010005521180422 612892 0.07 80
92 0.11991552922479543 619421 0.07 80
93 0.11973700286851957 625947 0.07 80
94 0.11956441469955431 632473 0.07 80
95 0.11939763002641275 638998 0.07 80
96 0.11923644591342729 645521 0.07 80
97 0.11908059636515636 652050 0.07 80
98 0.11892975843032286 658571 0.07 80
99 0.11878356023416692 665117 0.07 80
