0 0.9549393274139132 7136 0.02 80
1 0.952035375647064 14268 0.02 80
2 0.9443858137629314 21396 0.02 80
3 0.9176208731223143 28529 0.02 80
4 0.8498517406518614 35651 0.02 80
5 0.7551510623080222 42770 0.02 80
6 0.6556780194160259 49878 0.02 80
7 0.5790445250512368 56974 0.02 80
8 0.5236031545291014 64056 0.02 80
9 0.48221691236763636 71131 0.02 80
10 0.44926959471725847 78190 0.02 80
11 0.42260195742077894 85238 0.02 80
12 0.4010752503010783 92278 0.02 80
13 0.38344440739751967 99308 0.02 80
14 0.368505015686533 106332 0.02 80
15 0.35535937371758414 113348 0.02 80
16 0.3435385894159526 120355 0.02 80
17 0.3328909050042224 127352 0.02 80
18 0.32337823855466324 134341 0.02 80
19 0.3149351841932924 141323 0.02 80
20 0.3074316234574847 148298 0.02 80
21 0.30069528154331776 155268 0.02 80
22 0.2945498733349878 162236 0.02 80
23 0.28884702501638987 169194 0.02 80
24 0.28348005242160507 176145 0.02 80
25 0.27837969767506204 183091 0.02 80
26 0.27350399981860835 190031 0.02 80
27 0.26883313279156323 196968 0.02 80
28 0.2643674934570232 203896 0.02 80
29 0.2601208023095045 210819 0.02 80
30 0.25610768963302194 217740 0.02 80
31 0.25233359101969755 224657 0.02 80
32 0.2487922609562735 231565 0.02 80
33 0.24546943349161715 238466 0.02 80
34 0.2423484146506497 245361 0.02 80
35 0.2394143670194898 252257 0.02 80
36 0.2366559728954962 259143 0.02 80
37 0.23406485516434744 266023 0.02 80
38 0.23163389198177348 272900 0.02 80
39 0.22935543296233324 279771 0.02 80
40 0.22722001450397364 286639 0.02 80
41 0.22521577878871202 293501 0.02 80
42 0.22332853368836886 300359 0.02 80
43 0.22154229976329048 307213 0.02 80
44 0.21984019003062807 314063 0.02 80
45 0.2182054528645808 320912 0.02 80
46 0.2166224810883065 327762 0.02 80
47 0.21507761176801538 334608 0.02 80
48 0.21355962637227743 341443 0.02 80
49 0.2120599609174002 348275 0.02 80
50 0.21057269558850555 355102 0.02 80
51 0.20909439378634417 361926 0.02 80
52 0.20762382853950048 368746 0.02 80
53 0.20616161332000513 375562 0.02 80
54 0.2047097602987561 382375 0.02 80
55 0.2032712070211749 389185 0.02 80
56 0.20184936224809705 395991 0.02 80
57 0.20044771566285902 402794 0.02 80
58 0.19906953890145818 409594 0.02 80
59 0.19771768540636364 416389 0.02 80
60 0.1963944803259845 423182 0.02 80
61 0.19510168199903122 429977 0.02 80
62 0.19384049360827568 436766 0.02 80
63 0.19261160565859858 443552 0.02 80
64 0.19141525452846708 450333 0.02 80
65 0.19025128722136134 457112 0.02 80
66 0.18911922629521297 463887 0.02 80
67 0.18801833145276117 470660 0.02 80
68 0.18694765573283284 477431 0.02 80
69 0.1859060951345576 484199 0.02 80
70 0.18489243121147653 490964 0.02 80
71 0.18390536685719702 497727 0.02 80
72 0.18294355613747174 504488 0.02 80
73 0.18200562945253151 511246 0.02 80
74 0.18109021536493866 518001 0.02 80
75 0.18019596000993424 524755 0.02 80
76 0.17932154418736515 531508 0.02 80
77 0.17846569728504652 538262 0.02 80
78 0.17762720653320985 545012 0.02 80
79 0.17680492019496755 551758 0.02 80
80 0.17599774440797855 558502 0.02 80
81 0.17520463528983224 565243 0.02 80
82 0.17442458982162629 571982 0.02 80
83 0.17365663986582142 578721 0.02 80
84 0.1728998527696964 585457 0.02 80
85 0.17215333965317312 592192 0.02 80
86 0.1714162699103022 598926 0.02 80
87 0.1706878890050907 605659 0.02 80
88 0.16996753682637838 612390 0.02 80
89 0.16925466512918222 619121 0.02 80
90 0.16854885387322588 625849 0.02 80
91 0.16784982677026566 632575 0.02 80
92 0.1671574658881409 639304 0.02 80
93 0.16647182406503225 646033 0.02 80
94 0.16579313272326235 652760 0.02 80
95 0.1651218020042582 659482 0.02 80
96 0.16445841041851075 666204 0.02 80
97 0.1638036826110493 672924 0.02 80
98 0.1631584561681918 679646 0.02 80
99 0.16252364091896399 686363 0.02 80
