0 0.9543486985056099 7133 0.04 80
1 0.908228277299272 14260 0.04 80
2 0.7125377237451211 21380 0.04 80
3 0.5454952191264376 28474 0.04 80
4 0.4513705942394766 35537 0.04 80
5 0.3968427866411238 42576 0.04 80
6 0.3624503535906154 49590 0.04 80
7 0.3365877994784432 56586 0.04 80
8 0.3160518110121024 63563 0.04 80
9 0.3000083890280677 70525 0.04 80
10 0.28736403890110285 77477 0.04 80
11 0.2770220066992644 84413 0.04 80
12 0.2683021793164858 91331 0.04 80
13 0.2608087667873688 98235 0.04 80
14 0.25422423447076636 105125 0.04 80
15 0.24831008547415762 112001 0.04 80
16 0.24285140565152855 118869 0.04 80
17 0.23764276910642568 125720 0.04 80
18 0.23256587430280776 132562 0.04 80
19 0.22763873576273938 139390 0.04 80
20 0.2229672355189235 146207 0.04 80
21 0.21864576346208014 153013 0.04 80
22 0.21470030703304974 159807 0.04 80
23 0.21109909422760498 166592 0.04 80
24 0.20778815311396165 173367 0.04 80
25 0.20471653368558498 180133 0.04 80
26 0.20184552620175508 186891 0.04 80
27 0.1991483148683632 193642 0.04 80
28 0.19660601578697695 200389 0.04 80
29 0.19420350839264916 207131 0.04 80
30 0.19192681949211063 213869 0.04 80
31 0.1897624411600411 220596 0.04 80
32 0.18769777542881005 227316 0.04 80
33 0.18572161254817507 234033 0.04 80
34 0.18382417648582988 240744 0.04 80
35 0.18199692115937582 247450 0.04 80
36 0.18023235954407518 254151 0.04 80
37 0.1785239873507654 260848 0.04 80
38 0.17686623782881217 267547 0.04 80
39 0.17525442404288938 274235 0.04 80
40 0.17368468487480182 280919 0.04 80
41 0.17215398346892566 287601 0.04 80
42 0.17066014832153312 294279 0.04 80
43 0.1692018941178242 300954 0.04 80
44 0.1677787934120822 307627 0.04 80
45 0.1663912045647567 314299 0.04 80
46 0.1650401397579174 320997 0.04 80
47 0.16372705141547453 327657 0.04 80
48 0.16245356783563877 334315 0.04 80
49 0.16122125045160707 340972 0.04 80
50 0.16003142269302756 347626 0.04 80
51 0.15888506904586291 354277 0.04 80
52 0.1577827767787962 360926 0.04 80
53 0.15672470187312892 367574 0.04 80
54 0.15571056155301416 374219 0.04 80
55 0.15473967088603566 380862 0.04 80
56 0.15381104411425314 387505 0.04 80
57 0.15292356010115976 394148 0.04 80
58 0.1520761421588718 400787 0.04 80
59 0.15126786320389995 407427 0.04 80
60 0.1504979145587081 414065 0.04 80
61 0.14976547016358246 420704 0.04 80
62 0.1490695505205265 427335 0.04 80
63 0.14840896544496032 433965 0.04 80
64 0.14778232787105575 440642 0.04 80
65 0.14718807753704782 447269 0.04 80
66 0.14662446818435196 453894 0.04 80
67 0.1460895223246695 460518 0.04 80
68 0.14558100251526576 467145 0.04 80
69 0.1450964577206163 473769 0.04 80
70 0.14463336380012187 480389 0.04 80
71 0.14418931328504517 487007 0.04 80
72 0.1437621780640907 493626 0.04 80
73 0.1433501974347836 500241 0.04 80
74 0.14295199893715813 506855 0.04 80
75 0.14256658956451007 513472 0.04 80
76 0.14219334751237547 520087 0.04 80
77 0.1418320212666462 526699 0.04 80
78 0.14148272576909401 533308 0.04 80
79 0.14114592122582784 539916 0.04 80
80 0.14082236563184006 546522 0.04 80
81 0.14051304361100966 553129 0.04 80
82 0.14021908920753343 559736 0.04 80
83 0.13994173198670684 566340 0.04 80
84 0.13968229101515273 572942 0.04 80
85 0.13944221395370732 579543 0.04 80
86 0.1392231264685274 586143 0.04 80
87 0.13902684239284804 592743 0.04 80
88 0.13885528433222932 599340 0.04 80
89 0.13871028333287247 605937 0.04 80
90 0.13859327419455827 612538 0.04 80
91 0.1385049426030093 619133 0.04 80
92 0.13844488141198522 625734 0.04 80
93 0.13841130506946417 632327 0.04 80
94 0.1384008995204219 638921 0.04 80
95 0.138408915524549 645517 0.04 80
96 0.1384295452202301 652114 0.04 80
97 0.13845646707231699 658708 0.04 80
98 0.13848336411452372 665301 0.04 80
99 0.13850430543326842 671889 0.04 80
