0 0.9519823511755554 14190 0.05 160
1 0.70003638547094 28372 0.05 160
2 0.45984344537603866 42536 0.05 160
3 0.3486049746016426 56650 0.05 160
4 0.29869731168413166 70728 0.05 160
5 0.26965385184700835 84784 0.05 160
6 0.2506937093049087 98814 0.05 160
7 0.23769818174705332 112826 0.05 160
8 0.2285006874551789 126820 0.05 160
9 0.22177523524414802 140797 0.05 160
10 0.21664275975591202 154760 0.05 160
11 0.21251412995763155 168708 0.05 160
12 0.20898464372662737 182644 0.05 160
13 0.20577051992187856 196563 0.05 160
14 0.2026766424760335 210471 0.05 160
15 0.19958446281548375 224362 0.05 160
16 0.19644633928713412 238245 0.05 160
17 0.1932706846158277 252121 0.05 160
18 0.19009634334291628 265977 0.05 160
19 0.18696808195387088 279818 0.05 160
20 0.18392282231643148 293648 0.05 160
21 0.18098642342056578 307463 0.05 160
22 0.178175628420235 321264 0.05 160
23 0.17550081112912808 335052 0.05 160
24 0.17296790889687452 348828 0.05 160
25 0.17057949750398843 362593 0.05 160
26 0.16833528673542236 376373 0.05 160
27 0.1662322674239483 390120 0.05 160
28 0.1642647574550729 403850 0.05 160
29 0.16242461530557917 417575 0.05 160
30 0.16070178613757163 431285 0.05 160
31 0.15908516184468127 444983 0.05 160
32 0.15756358747431207 458671 0.05 160
33 0.1561267802855664 472346 0.05 160
34 0.15476595470603483 486012 0.05 160
35 0.15347405606792108 499680 0.05 160
36 0.15224564369476415 513325 0.05 160
37 0.15107655831552777 526956 0.05 160
38 0.14996352640915236 540581 0.05 160
39 0.14890381307027 554194 0.05 160
40 0.14789497532643345 567797 0.05 160
41 0.14693471965023178 581390 0.05 160
42 0.14602084102832108 594973 0.05 160
43 0.14515121315085086 608547 0.05 160
44 0.14432380243289952 622113 0.05 160
45 0.143536686072552 635674 0.05 160
46 0.14278806219126375 649224 0.05 160
47 0.1420762464981273 662771 0.05 160
48 0.1413996544187196 676306 0.05 160
49 0.14075677043170437 689837 0.05 160
50 0.14014610789623658 703366 0.05 160
51 0.13956616337376335 716881 0.05 160
52 0.13901536969399042 730382 0.05 160
53 0.1384920520015417 743881 0.05 160
54 0.13799439084899098 757370 0.05 160
55 0.13752039610354458 770852 0.05 160
56 0.13706789499562405 784326 0.05 160
57 0.1366345369993047 797793 0.05 160
58 0.13621781728790733 811253 0.05 160
59 0.1358151191519213 824706 0.05 160
60 0.1354237740339605 838154 0.05 160
61 0.13504113596503498 851621 0.05 160
62 0.1346646655197682 865058 0.05 160
63 0.1342920171907941 878487 0.05 160
64 0.13392112337558254 891914 0.05 160
65 0.13355026794980385 905346 0.05 160
66 0.13317814271859477 918764 0.05 160
67 0.13280388105333202 932168 0.05 160
68 0.1324270649074135 945569 0.05 160
69 0.13204770414845027 958962 0.05 160
70 0.13166619036753452 972348 0.05 160
71 0.131283230257807 985732 0.05 160
72 0.13089976551176039 999130 0.05 160
73 0.130516886849675 1012502 0.05 160
74 0.13013574984463655 1025868 0.05 160
75 0.12975749987192667 1039231 0.05 160
76 0.12938321203170264 1052588 0.05 160
77 0.12901384888519501 1065945 0.05 160
78 0.12865023554545763 1079293 0.05 160
79 0.12829304962945304 1092638 0.05 160
80 0.12794282296955697 1105988 0.05 160
81 0.12759995208170663 1119326 0.05 160
82 0.12726471469618703 1132661 0.05 160
83 0.1269372900064491 1145988 0.05 160
84 0.1266177806094336 1159310 0.05 160
85 0.12630623437641708 1172629 0.05 160
86 0.1260026647482325 1185943 0.05 160
87 0.12570706825904865 1199252 0.05 160
88 0.12541943849491363 1212557 0.05 160
89 0.1251397761671108 1225859 0.05 160
90 0.12486809546000609 1239160 0.05 160
91 0.12460442721678161 1252455 0.05 160
92 0.12434881978853472 1265749 0.05 160
93 0.12410133846356433 1279035 0.05 160
94 0.1238620643263704 1292322 0.05 160
95 0.12363109321420213 1305605 0.05 160
96 0.12340853520096887 1318884 0.05 160
97 0.1231945147968578 1332157 0.05 160
98 0.12298917184184588 1345429 0.05 160
99 0.1227926629063019 1358715 0.05 160
