0 0.9371360905413397 21233 0.060000000000000005 240 0.06 240
1 0.5379895357559219 42418 0.060000000000000005 240 0.06 240
2 0.3703432501860284 63537 0.060000000000000005 240 0.06 240
3 0.3024981070351958 84606 0.060000000000000005 240 0.06 240
4 0.27062643734234487 105652 0.060000000000000005 240 0.06 240
5 0.2517679660033934 126690 0.060000000000000005 240 0.06 240
6 0.23907427250568597 147658 0.060000000000000005 240 0.06 240
7 0.22957465581649913 168598 0.060000000000000005 240 0.06 240
8 0.22186712879577514 189512 0.060000000000000005 240 0.06 240
9 0.21528539901554586 210398 0.060000000000000005 240 0.06 240
10 0.20947925054162983 231259 0.060000000000000005 240 0.06 240
11 0.20425368354843726 252096 0.060000000000000005 240 0.06 240
12 0.19950138388932093 272909 0.060000000000000005 240 0.06 240
13 0.19515393460865482 293695 0.060000000000000005 240 0.06 240
14 0.1911604238653126 314459 0.060000000000000005 240 0.06 240
15 0.18748475007649026 335198 0.060000000000000005 240 0.06 240
16 0.18410123595022929 355915 0.060000000000000005 240 0.06 240
17 0.18098604284742364 376612 0.060000000000000005 240 0.06 240
18 0.17811148507602864 397288 0.060000000000000005 240 0.06 240
19 0.17544598217440235 417946 0.060000000000000005 240 0.06 240
20 0.17295750406169366 438582 0.060000000000000005 240 0.06 240
21 0.17061737301496038 459199 0.060000000000000005 240 0.06 240
22 0.1684024507089983 479799 0.060000000000000005 240 0.06 240
23 0.16629536874987463 500380 0.060000000000000005 240 0.06 240
24 0.16428355692229613 520942 0.060000000000000005 240 0.06 240
25 0.16235794367712617 541488 0.060000000000000005 240 0.06 240
26 0.16051181030910358 562016 0.060000000000000005 240 0.06 240
27 0.1587399754823835 582531 0.060000000000000005 240 0.06 240
28 0.15703832062520562 603028 0.060000000000000005 240 0.06 240
29 0.15540357211684225 623508 0.060000000000000005 240 0.06 240
30 0.15383321779744574 643979 0.060000000000000005 240 0.06 240
31 0.15232543337540155 664427 0.060000000000000005 240 0.06 240
32 0.1508789250910787 684859 0.060000000000000005 240 0.06 240
33 0.1494926623277077 705302 0.060000000000000005 240 0.06 240
34 0.14816556012087867 725702 0.060000000000000005 240 0.06 240
35 0.14689623600683083 746087 0.060000000000000005 240 0.06 240
36 0.14568297254979698 766455 0.060000000000000005 240 0.06 240
37 0.14452396353621583 786819 0.060000000000000005 240 0.06 240
38 0.1434178271646847 807156 0.060000000000000005 240 0.06 240
39 0.14236424335355546 827480 0.060000000000000005 240 0.06 240
40 0.14136444228995604 847789 0.060000000000000005 240 0.06 240
41 0.1404212271445941 868086 0.060000000000000005 240 0.06 240
42 0.13953834769796686 888367 0.060000000000000005 240 0.06 240
43 0.13871932640426418 908634 0.060000000000000005 240 0.06 240
44 0.13796611662481661 928887 0.060000000000000005 240 0.06 240
45 0.13727808070204048 949127 0.060000000000000005 240 0.06 240
46 0.13665165324196216 969353 0.060000000000000005 240 0.06 240
47 0.13608076712457523 989566 0.060000000000000005 240 0.06 240
48 0.13555781967936129 1009765 0.060000000000000005 240 0.06 240
49 0.13507479966445407 1029952 0.060000000000000005 240 0.06 240
50 0.13462423520587424 1050127 0.060000000000000005 240 0.06 240
51 0.1341997853447241 1070289 0.060000000000000005 240 0.06 240
52 0.13379646481939933 1090441 0.060000000000000005 240 0.06 240
53 0.13341059046409137 1110581 0.060000000000000005 240 0.06 240
54 0.13303956337282152 1130711 0.060000000000000005 240 0.06 240
55 0.1326815845058292 1150853 0.060000000000000005 240 0.06 240
56 0.13233537251854907 1170960 0.060000000000000005 240 0.06 240
57 0.13199992576893288 1191057 0.060000000000000005 240 0.06 240
58 0.13167434862550673 1211144 0.060000000000000005 240 0.06 240
59 0.13135774493884814 1231219 0.060000000000000005 240 0.06 240
60 0.1310491692589382 1251284 0.060000000000000005 240 0.06 240
61 0.13074761988608138 1271337 0.060000000000000005 240 0.06 240
62 0.13045205679040706 1291378 0.060000000000000005 240 0.06 240
63 0.1301614301121174 1311408 0.060000000000000005 240 0.06 240
64 0.1298747092562063 1331439 0.060000000000000005 240 0.06 240
65 0.1295909069689681 1351449 0.060000000000000005 240 0.06 240
66 0.12930909648730532 1371448 0.060000000000000005 240 0.06 240
67 0.12902842268362502 1391438 0.060000000000000005 240 0.06 240
68 0.12874811005862252 1411418 0.060000000000000005 240 0.06 240
69 0.12846747140570086 1431388 0.060000000000000005 240 0.06 240
70 0.1281859209103337 1451349 0.060000000000000005 240 0.06 240
71 0.12790299436881913 1471299 0.060000000000000005 240 0.06 240
72 0.12761837729667186 1491239 0.060000000000000005 240 0.06 240
73 0.12733193929794057 1511170 0.060000000000000005 240 0.06 240
74 0.12704377063069794 1531092 0.060000000000000005 240 0.06 240
75 0.12675421489115005 1551001 0.060000000000000005 240 0.06 240
76 0.12646389056726282 1570903 0.060000000000000005 240 0.06 240
77 0.1261736942284487 1590797 0.060000000000000005 240 0.06 240
78 0.12588477955204092 1610681 0.060000000000000005 240 0.06 240
79 0.12559850926937624 1630556 0.060000000000000005 240 0.06 240
80 0.12531638115955288 1650424 0.060000000000000005 240 0.06 240
81 0.12503993376387218 1670281 0.060000000000000005 240 0.06 240
82 0.12477064156268375 1690130 0.060000000000000005 240 0.06 240
83 0.12450981189360893 1709971 0.060000000000000005 240 0.06 240
84 0.12425849611242605 1729801 0.060000000000000005 240 0.06 240
85 0.1240174252306664 1749624 0.060000000000000005 240 0.06 240
86 0.12378697608409102 1769437 0.060000000000000005 240 0.06 240
87 0.12356716914156161 1789288 0.060000000000000005 240 0.06 240
88 0.12335769461587358 1809083 0.060000000000000005 240 0.06 240
89 0.12315796047636185 1828870 0.060000000000000005 240 0.06 240
90 0.12296715456736881 1848656 0.060000000000000005 240 0.06 240
91 0.12278431307238753 1868428 0.060000000000000005 240 0.06 240
92 0.12260838855854789 1888191 0.060000000000000005 240 0.06 240
93 0.12243831232250336 1907970 0.060000000000000005 240 0.06 240
94 0.12227304738339279 1927719 0.060000000000000005 240 0.06 240
95 0.12211163000118047 1947460 0.060000000000000005 240 0.06 240
96 0.12195319890892575 1967193 0.060000000000000005 240 0.06 240
97 0.12179701248329193 1986917 0.060000000000000005 240 0.06 240
98 0.12164245484515049 2006650 0.060000000000000005 240 0.06 240
99 0.12148903242229978 2026351 0.060000000000000005 240 0.06 240
