0 0.7364484282018173 8905 0.09 100
1 0.4092736832642091 17742 0.09 100
2 0.303549772282409 26507 0.09 100
3 0.26284915288528377 35227 0.09 100
4 0.2404618442314364 43965 0.09 100
5 0.22626525031058414 52674 0.09 100
6 0.215639470518868 61346 0.09 100
7 0.2068777343523457 69986 0.09 100
8 0.1995131418907124 78598 0.09 100
9 0.1933550430187124 87187 0.09 100
10 0.18821180276847244 95745 0.09 100
11 0.1838746838425348 104282 0.09 100
12 0.18015781160152686 112789 0.09 100
13 0.17692060604913173 121273 0.09 100
14 0.17406386617389802 129734 0.09 100
15 0.17151464915011666 138173 0.09 100
16 0.16921184653935523 146595 0.09 100
17 0.1670982906929767 154993 0.09 100
18 0.16512025265347266 163372 0.09 100
19 0.1632307130584767 171734 0.09 100
20 0.1613924559608441 180088 0.09 100
21 0.15957935146775942 188417 0.09 100
22 0.15777585360433313 196737 0.09 100
23 0.15597479115276924 205036 0.09 100
24 0.15417357897638398 213323 0.09 100
25 0.15237028796130309 221595 0.09 100
26 0.15056155532723753 229855 0.09 100
27 0.1487430443249329 238107 0.09 100
28 0.14691148533799275 246349 0.09 100
29 0.14506672018421268 254575 0.09 100
30 0.14321272165970053 262792 0.09 100
31 0.1413574450800869 271004 0.09 100
32 0.13951190331652313 279201 0.09 100
33 0.13768893686456543 287395 0.09 100
34 0.13590197427214293 295579 0.09 100
35 0.1341638776876354 303756 0.09 100
36 0.13248592040850568 311927 0.09 100
37 0.1308770279968659 320092 0.09 100
38 0.12934344201947526 328257 0.09 100
39 0.12788884649900012 336412 0.09 100
40 0.12651483399552324 344562 0.09 100
41 0.12522150526744436 352709 0.09 100
42 0.12400801887326714 360862 0.09 100
43 0.12287299214138217 369001 0.09 100
44 0.12181475470216131 377141 0.09 100
45 0.12083152192475259 385273 0.09 100
46 0.11992154464891738 393402 0.09 100
47 0.1190832172097146 401527 0.09 100
48 0.11831506097933318 409651 0.09 100
49 0.1176155088661481 417774 0.09 100
50 0.1169824994998263 425891 0.09 100
51 0.11641298744458752 434007 0.09 100
52 0.11590251220299959 442119 0.09 100
53 0.11544493419031103 450236 0.09 100
54 0.11503241086266165 458343 0.09 100
55 0.1146557064400012 466453 0.09 100
56 0.11430495390806077 474556 0.09 100
57 0.11397089293800565 482658 0.09 100
58 0.11364634247341132 490759 0.09 100
59 0.11332739372218392 498858 0.09 100
60 0.1130138099771951 506959 0.09 100
61 0.11270847891522406 515055 0.09 100
62 0.11241621091230618 523149 0.09 100
63 0.11214236141336648 531242 0.09 100
64 0.1118916053859082 539343 0.09 100
65 0.11166691619022598 547434 0.09 100
66 0.11146863984004052 555528 0.09 100
67 0.11129365210541475 563616 0.09 100
68 0.11113493598976963 571703 0.09 100
69 0.11098220646270236 579789 0.09 100
70 0.11082393381902472 587877 0.09 100
71 0.11065029836108772 595964 0.09 100
72 0.11045602432929019 604045 0.09 100
73 0.11024213530298756 612128 0.09 100
74 0.1100160171559327 620208 0.09 100
75 0.10978961218099675 628294 0.09 100
76 0.10957636956450936 636373 0.09 100
77 0.10938822475542338 644454 0.09 100
78 0.10923361709244513 652531 0.09 100
79 0.10911667238635377 660608 0.09 100
80 0.10903710252149273 668682 0.09 100
81 0.10899056598725636 676755 0.09 100
82 0.10897017302944535 684833 0.09 100
83 0.10897096033942123 692904 0.09 100
84 0.10899727096695044 700972 0.09 100
85 0.10906516911293909 709039 0.09 100
86 0.10919178624318832 717113 0.09 100
87 0.109383048401573 725224 0.09 100
88 0.10963395942410772 733292 0.09 100
89 0.10992977804055536 741351 0.09 100
90 0.11023731834067459 749408 0.09 100
91 0.11050334523439162 757463 0.09 100
92 0.11067626641752112 765517 0.09 100
93 0.110732897869078 773572 0.09 100
94 0.1106850387236743 781623 0.09 100
95 0.11056614168238008 789673 0.09 100
96 0.11041105811658644 797722 0.09 100
97 0.11024307078141457 805773 0.09 100
98 0.11007395784556943 813819 0.09 100
99 0.10990954593732004 821870 0.09 100
