0 0.6856806113693895 19477 0.09 220 0.09 220
1 0.3543045064527394 38857 0.09 220 0.09 220
2 0.27046633107616996 58154 0.09 220 0.09 220
3 0.23434100935361904 77383 0.09 220 0.09 220
4 0.2141413677796747 96552 0.09 220 0.09 220
5 0.1996241326853851 115671 0.09 220 0.09 220
6 0.1886767799615341 134722 0.09 220 0.09 220
7 0.18027762542472756 153809 0.09 220 0.09 220
8 0.1737330132343314 172857 0.09 220 0.09 220
9 0.16853804415287155 191854 0.09 220 0.09 220
10 0.16433075670141492 210805 0.09 220 0.09 220
11 0.16087391857330705 229711 0.09 220 0.09 220
12 0.15801079481649868 248575 0.09 220 0.09 220
13 0.1556212367048389 267397 0.09 220 0.09 220
14 0.1536004856858168 286175 0.09 220 0.09 220
15 0.15185634800234588 304912 0.09 220 0.09 220
16 0.150312305071489 323607 0.09 220 0.09 220
17 0.1489099857129901 342264 0.09 220 0.09 220
18 0.14760972466607097 360884 0.09 220 0.09 220
19 0.14638929034284637 379468 0.09 220 0.09 220
20 0.14524081347963894 398015 0.09 220 0.09 220
21 0.1441658374851774 416527 0.09 220 0.09 220
22 0.14316944703760212 435005 0.09 220 0.09 220
23 0.14225570279095423 453449 0.09 220 0.09 220
24 0.14142558687758386 471858 0.09 220 0.09 220
25 0.14067671474365956 490238 0.09 220 0.09 220
26 0.14000361650920715 508589 0.09 220 0.09 220
27 0.139398099332963 526909 0.09 220 0.09 220
28 0.13884984393061736 545204 0.09 220 0.09 220
29 0.1383474604747254 563499 0.09 220 0.09 220
30 0.13787989100248363 581733 0.09 220 0.09 220
31 0.13743772222661685 599942 0.09 220 0.09 220
32 0.13701395906250585 618125 0.09 220 0.09 220
33 0.13660407378170564 636283 0.09 220 0.09 220
34 0.13620546508940487 654417 0.09 220 0.09 220
35 0.135816650396884 672531 0.09 220 0.09 220
36 0.1354365191712983 690620 0.09 220 0.09 220
37 0.1350638469155622 708683 0.09 220 0.09 220
38 0.1346971065121986 726726 0.09 220 0.09 220
39 0.1343345006418987 744763 0.09 220 0.09 220
40 0.1339741048096806 762769 0.09 220 0.09 220
41 0.1336140328405792 780794 0.09 220 0.09 220
42 0.133252576795666 798755 0.09 220 0.09 220
43 0.13288830499075033 816698 0.09 220 0.09 220
44 0.13252011810015743 834621 0.09 220 0.09 220
45 0.1321472684668869 852531 0.09 220 0.09 220
46 0.13176934828855205 870420 0.09 220 0.09 220
47 0.13138625245047636 888324 0.09 220 0.09 220
48 0.13099812255871446 906179 0.09 220 0.09 220
49 0.13060527967609697 924017 0.09 220 0.09 220
50 0.13020815368573857 941838 0.09 220 0.09 220
51 0.1298072168288731 959644 0.09 220 0.09 220
52 0.12940292784120755 977432 0.09 220 0.09 220
53 0.12899569136420724 995205 0.09 220 0.09 220
54 0.12858583507433627 1012963 0.09 220 0.09 220
55 0.12817360451325563 1030708 0.09 220 0.09 220
56 0.1277591733143001 1048436 0.09 220 0.09 220
57 0.12734266481224105 1066193 0.09 220 0.09 220
58 0.12692418014179246 1083895 0.09 220 0.09 220
59 0.1265038278846258 1101588 0.09 220 0.09 220
60 0.12608175092710905 1119263 0.09 220 0.09 220
61 0.12565814718998378 1136927 0.09 220 0.09 220
62 0.12523328209619947 1154575 0.09 220 0.09 220
63 0.12480749191968443 1172213 0.09 220 0.09 220
64 0.12438117838010702 1189840 0.09 220 0.09 220
65 0.12395479591934616 1207456 0.09 220 0.09 220
66 0.12352883393799621 1225060 0.09 220 0.09 220
67 0.12310379679410312 1242654 0.09 220 0.09 220
68 0.12268018449837335 1260236 0.09 220 0.09 220
69 0.12225847676046994 1277807 0.09 220 0.09 220
70 0.12183912236307788 1295367 0.09 220 0.09 220
71 0.1214225348090306 1312921 0.09 220 0.09 220
72 0.12100909392915432 1330461 0.09 220 0.09 220
73 0.12059915189427847 1347989 0.09 220 0.09 220
74 0.12019304115069968 1365505 0.09 220 0.09 220
75 0.11979108146628634 1383011 0.09 220 0.09 220
76 0.11939358366392791 1400506 0.09 220 0.09 220
77 0.11900084864326485 1417992 0.09 220 0.09 220
78 0.11861316164578016 1435468 0.09 220 0.09 220
79 0.11823078297601852 1452939 0.09 220 0.09 220
80 0.11785393717812111 1470397 0.09 220 0.09 220
81 0.11748280281557756 1487844 0.09 220 0.09 220
82 0.11711750460055897 1505283 0.09 220 0.09 220
83 0.11675810892169605 1522715 0.09 220 0.09 220
84 0.11640462309980025 1540141 0.09 220 0.09 220
85 0.11605699814227421 1557577 0.09 220 0.09 220
86 0.11571513443086101 1575034 0.09 220 0.09 220
87 0.11537888963984848 1592428 0.09 220 0.09 220
88 0.11504808818352845 1609813 0.09 220 0.09 220
89 0.1147225315725763 1627194 0.09 220 0.09 220
90 0.11440200917204882 1644566 0.09 220 0.09 220
91 0.11408630896519682 1661931 0.09 220 0.09 220
92 0.11377522801437445 1679288 0.09 220 0.09 220
93 0.11346858235904879 1696638 0.09 220 0.09 220
94 0.11316621609679091 1713979 0.09 220 0.09 220
95 0.11286800936237906 1731312 0.09 220 0.09 220
96 0.1125738848699214 1748637 0.09 220 0.09 220
97 0.11228381263913616 1765952 0.09 220 0.09 220
98 0.11199781251910888 1783258 0.09 220 0.09 220
99 0.11171595417607293 1800558 0.09 220 0.09 220
