0 0.9598367662260738 17720 0.03 200
1 0.9434670362271974 35426 0.03 200
2 0.8482904913645086 53133 0.03 200
3 0.6518673264500084 70842 0.03 200
4 0.5234323422366737 88542 0.03 200
5 0.4471919153546065 106225 0.03 200
6 0.3959906214785084 123894 0.03 200
7 0.35976612953057274 141550 0.03 200
8 0.3324639489804944 159190 0.03 200
9 0.31083417959292264 176818 0.03 200
10 0.2932086345603302 194439 0.03 200
11 0.2785916243491718 212050 0.03 200
12 0.2663308498398911 229654 0.03 200
13 0.25596879451124804 247242 0.03 200
14 0.2471587872675443 264821 0.03 200
15 0.23962324747271652 282393 0.03 200
16 0.23313448121988645 299959 0.03 200
17 0.22750505572459678 317513 0.03 200
18 0.22258129817128483 335059 0.03 200
19 0.21823720901870639 352601 0.03 200
20 0.2143692439194414 370138 0.03 200
21 0.2108925306016577 387663 0.03 200
22 0.20773811220891633 405181 0.03 200
23 0.20485058436317682 422693 0.03 200
24 0.2021858181275903 440203 0.03 200
25 0.19970876805857757 457702 0.03 200
26 0.1973914915273688 475195 0.03 200
27 0.19521150295544307 492680 0.03 200
28 0.19315052016850578 510164 0.03 200
29 0.1911935812372265 527640 0.03 200
30 0.18932845213245247 545107 0.03 200
31 0.1875452224256358 562578 0.03 200
32 0.185835996904807 580038 0.03 200
33 0.1841946200915282 597489 0.03 200
34 0.1826164004216994 614929 0.03 200
35 0.18109782266451127 632375 0.03 200
36 0.17963625119324847 649806 0.03 200
37 0.17822963598669248 667230 0.03 200
38 0.17687623927419047 684684 0.03 200
39 0.17557440293229054 702093 0.03 200
40 0.1743223740558212 719497 0.03 200
41 0.17311819887078916 736897 0.03 200
42 0.17195968535237502 754294 0.03 200
43 0.1708444253953781 771680 0.03 200
44 0.16976986057620702 789060 0.03 200
45 0.16873337264258398 806437 0.03 200
46 0.16773238072663166 823811 0.03 200
47 0.16676443081941836 841172 0.03 200
48 0.1658272678517869 858539 0.03 200
49 0.16491888554323592 875891 0.03 200
50 0.1640375531829356 893241 0.03 200
51 0.16318182133095782 910581 0.03 200
52 0.16235051005973836 927915 0.03 200
53 0.16154268398481972 945246 0.03 200
54 0.16075761823216195 962575 0.03 200
55 0.15999475893737822 979898 0.03 200
56 0.15925368111902566 997211 0.03 200
57 0.15853404600781112 1014520 0.03 200
58 0.15783555927452905 1031825 0.03 200
59 0.15715793114226473 1049126 0.03 200
60 0.15650083909768694 1066419 0.03 200
61 0.15586389380256985 1083707 0.03 200
62 0.15524660880769406 1100990 0.03 200
63 0.1546483747446963 1118271 0.03 200
64 0.15406843877612156 1135543 0.03 200
65 0.15350589017596156 1152810 0.03 200
66 0.1529596529441442 1170073 0.03 200
67 0.1524284862809525 1187334 0.03 200
68 0.1519109935234063 1204593 0.03 200
69 0.15140563975881885 1221882 0.03 200
70 0.1509107777953535 1239124 0.03 200
71 0.1504246815350433 1256372 0.03 200
72 0.14994558514271683 1273610 0.03 200
73 0.14947172583529028 1290841 0.03 200
74 0.1490013877298376 1308069 0.03 200
75 0.148532944061396 1325291 0.03 200
76 0.1480648952453031 1342512 0.03 200
77 0.14759590069389583 1359728 0.03 200
78 0.14712480293539423 1376939 0.03 200
79 0.1466506433234714 1394144 0.03 200
80 0.146172669360275 1411349 0.03 200
81 0.1456903342887058 1428550 0.03 200
82 0.1452032900772281 1445742 0.03 200
83 0.1447113751952254 1462946 0.03 200
84 0.1442145986658111 1480134 0.03 200
85 0.14371312181771803 1497319 0.03 200
86 0.14320723898299048 1514494 0.03 200
87 0.14269735814945206 1531665 0.03 200
88 0.1421839823176408 1548832 0.03 200
89 0.1416676920627126 1565998 0.03 200
90 0.14114912958364995 1583159 0.03 200
91 0.140628984346227 1600314 0.03 200
92 0.1401079802959764 1617465 0.03 200
93 0.1395868645310313 1634617 0.03 200
94 0.1390663972768031 1651764 0.03 200
95 0.1385473429879433 1668903 0.03 200
96 0.13803046241023104 1686050 0.03 200
97 0.13751650545832622 1703224 0.03 200
98 0.13700620479785958 1720356 0.03 200
99 0.1365002700559891 1737580 0.03 200
