0 0.9550146964799605 10665 0.04 120
1 0.8967265575466304 21314 0.04 120
2 0.68196239562254 31952 0.04 120
3 0.5484947245682487 42572 0.04 120
4 0.4561624753167473 53174 0.04 120
5 0.387674665521147 63759 0.04 120
6 0.34239898296923604 74316 0.04 120
7 0.31476240073489486 84854 0.04 120
8 0.29606796810196284 95367 0.04 120
9 0.28053302940414737 105862 0.04 120
10 0.26622474951308334 116409 0.04 120
11 0.25341425461675227 126894 0.04 120
12 0.24266357991791826 137352 0.04 120
13 0.2339176583157139 147780 0.04 120
14 0.22676988573588133 158199 0.04 120
15 0.22084155407272 168597 0.04 120
16 0.2158578127559118 178984 0.04 120
17 0.2116087026813665 189363 0.04 120
18 0.207923749936308 199726 0.04 120
19 0.20466819422127794 210080 0.04 120
20 0.20174248917022378 220423 0.04 120
21 0.19907662744258894 230757 0.04 120
22 0.19662157454544932 241104 0.04 120
23 0.19434153672272644 251428 0.04 120
24 0.192208463985685 261831 0.04 120
25 0.19019856936716326 272139 0.04 120
26 0.18829038094383346 282439 0.04 120
27 0.1864640087833204 292734 0.04 120
28 0.1847012945685704 303018 0.04 120
29 0.1829864056611008 313294 0.04 120
30 0.18130645645048732 323563 0.04 120
31 0.17965189300641016 333825 0.04 120
32 0.17801654953052387 344081 0.04 120
33 0.17639740107657811 354329 0.04 120
34 0.1747940884289698 364573 0.04 120
35 0.1732083018416708 374808 0.04 120
36 0.17164310475517386 385048 0.04 120
37 0.17010226916112292 395274 0.04 120
38 0.1685896833733221 405494 0.04 120
39 0.16710887849015565 415704 0.04 120
40 0.16566270019063126 425914 0.04 120
41 0.1642531298517601 436113 0.04 120
42 0.16288123869045948 446312 0.04 120
43 0.16154724544659443 456501 0.04 120
44 0.1602506432114552 466694 0.04 120
45 0.158990362581291 476875 0.04 120
46 0.15776494386225512 487058 0.04 120
47 0.1565726985933254 497235 0.04 120
48 0.15541184867615052 507405 0.04 120
49 0.1542806385402288 517568 0.04 120
50 0.1531774209428207 527731 0.04 120
51 0.15210071977052447 537885 0.04 120
52 0.15104927389344566 548036 0.04 120
53 0.15002206549308034 558183 0.04 120
54 0.14901833512265347 568327 0.04 120
55 0.14803758460664848 578464 0.04 120
56 0.14707956805746186 588609 0.04 120
57 0.14614427096536767 598757 0.04 120
58 0.14523187759576947 608884 0.04 120
59 0.14434272777049342 619008 0.04 120
60 0.14347726532705637 629128 0.04 120
61 0.1426359818152364 639247 0.04 120
62 0.14181935990265962 649361 0.04 120
63 0.1410278211539456 659470 0.04 120
64 0.14026168217111104 669580 0.04 120
65 0.13952112175454656 679682 0.04 120
66 0.13880616025102077 689784 0.04 120
67 0.13811665100728807 699884 0.04 120
68 0.13745228294117032 709979 0.04 120
69 0.13681259256382441 720069 0.04 120
70 0.13619698325100343 730155 0.04 120
71 0.13560474919455742 740244 0.04 120
72 0.13503510134509972 750326 0.04 120
73 0.13448719282983307 760404 0.04 120
74 0.13396014178281582 770485 0.04 120
75 0.13345305018964412 780557 0.04 120
76 0.1329650181166972 790628 0.04 120
77 0.13249515344065424 800699 0.04 120
78 0.13204257779774292 810764 0.04 120
79 0.13160642984910476 820846 0.04 120
80 0.13118586707759758 830905 0.04 120
81 0.1307800672185796 840985 0.04 120
82 0.13038823015104473 851041 0.04 120
83 0.13000958072093635 861084 0.04 120
84 0.12964337261366682 871129 0.04 120
85 0.12928889309513905 881167 0.04 120
86 0.12894546823255848 891205 0.04 120
87 0.12861246809830648 901246 0.04 120
88 0.12828931144492928 911278 0.04 120
89 0.12797546939878685 921309 0.04 120
90 0.12767046783078048 931337 0.04 120
91 0.12737388820127316 941372 0.04 120
92 0.12708536682168295 951398 0.04 120
93 0.12680459260964314 961425 0.04 120
94 0.12653130352504183 971447 0.04 120
95 0.12626528195229117 981474 0.04 120
96 0.12600634933646102 991490 0.04 120
97 0.12575436038876928 1001510 0.04 120
98 0.12550919715555686 1011524 0.04 120
99 0.12527076320231648 1021547 0.04 120
