0 0.7681510666648652 19482 0.08 220 0.08 220
1 0.4111343302513908 38890 0.08 220 0.08 220
2 0.302687113425062 58225 0.08 220 0.08 220
3 0.25629556533972225 77502 0.08 220 0.08 220
4 0.23175451238798347 96731 0.08 220 0.08 220
5 0.21553620084730166 115913 0.08 220 0.08 220
6 0.20323952577150214 135055 0.08 220 0.08 220
7 0.19350835357461277 154147 0.08 220 0.08 220
8 0.18558791582010603 173198 0.08 220 0.08 220
9 0.17900673671428227 192216 0.08 220 0.08 220
10 0.17346585192375222 211183 0.08 220 0.08 220
11 0.16875433604252998 230112 0.08 220 0.08 220
12 0.16471218788082637 249005 0.08 220 0.08 220
13 0.1612169063766685 267865 0.08 220 0.08 220
14 0.1581759136644028 286689 0.08 220 0.08 220
15 0.1555187745760094 305480 0.08 220 0.08 220
16 0.15318949317087466 324241 0.08 220 0.08 220
17 0.15114024343278867 343022 0.08 220 0.08 220
18 0.14932746235453154 361726 0.08 220 0.08 220
19 0.14771042330488662 380400 0.08 220 0.08 220
20 0.14625159032248486 399046 0.08 220 0.08 220
21 0.14491778717507445 417665 0.08 220 0.08 220
22 0.1436815928429093 436256 0.08 220 0.08 220
23 0.14252264164178666 454817 0.08 220 0.08 220
24 0.14142824703270107 473352 0.08 220 0.08 220
25 0.14039270104665402 491860 0.08 220 0.08 220
26 0.13941522586344057 510342 0.08 220 0.08 220
27 0.1384973066482785 528797 0.08 220 0.08 220
28 0.13764035851742532 547229 0.08 220 0.08 220
29 0.13684435415810617 565633 0.08 220 0.08 220
30 0.13610750736750593 584015 0.08 220 0.08 220
31 0.13542669291203557 602373 0.08 220 0.08 220
32 0.13479813789589806 620725 0.08 220 0.08 220
33 0.13421801207127645 639039 0.08 220 0.08 220
34 0.13368273434208638 657335 0.08 220 0.08 220
35 0.13318897813529723 675622 0.08 220 0.08 220
36 0.13273345884448004 693875 0.08 220 0.08 220
37 0.13231263600465484 712109 0.08 220 0.08 220
38 0.13192247563862028 730328 0.08 220 0.08 220
39 0.13155839029829636 748528 0.08 220 0.08 220
40 0.13121540415682537 766709 0.08 220 0.08 220
41 0.13088850223880716 784872 0.08 220 0.08 220
42 0.13057305798407268 803016 0.08 220 0.08 220
43 0.1302652190598825 821143 0.08 220 0.08 220
44 0.12996216244324174 839252 0.08 220 0.08 220
45 0.12966218011302835 857347 0.08 220 0.08 220
46 0.12936460222089122 875422 0.08 220 0.08 220
47 0.12906959516751232 893484 0.08 220 0.08 220
48 0.1287778876771829 911529 0.08 220 0.08 220
49 0.12849048112585781 929560 0.08 220 0.08 220
50 0.12820839251368785 947576 0.08 220 0.08 220
51 0.12793246190009794 965577 0.08 220 0.08 220
52 0.12766323579648842 983564 0.08 220 0.08 220
53 0.1274009202326605 1001536 0.08 220 0.08 220
54 0.12714538648350837 1019513 0.08 220 0.08 220
55 0.12689620960195938 1037461 0.08 220 0.08 220
56 0.1266527227529055 1055395 0.08 220 0.08 220
57 0.12641407565127669 1073320 0.08 220 0.08 220
58 0.12617929061002803 1091233 0.08 220 0.08 220
59 0.12594731351659624 1109134 0.08 220 0.08 220
60 0.12571705925083962 1127023 0.08 220 0.08 220
61 0.12548745195652575 1144900 0.08 220 0.08 220
62 0.1252574606500313 1162772 0.08 220 0.08 220
63 0.1250261303011322 1180624 0.08 220 0.08 220
64 0.12479260804354926 1198465 0.08 220 0.08 220
65 0.12455616376107627 1216295 0.08 220 0.08 220
66 0.12431620407381692 1234113 0.08 220 0.08 220
67 0.12407227878855003 1251923 0.08 220 0.08 220
68 0.12382407919331662 1269721 0.08 220 0.08 220
69 0.12357142812933203 1287508 0.08 220 0.08 220
70 0.12331426247652617 1305288 0.08 220 0.08 220
71 0.12305260942685256 1323051 0.08 220 0.08 220
72 0.12278655857117952 1340804 0.08 220 0.08 220
73 0.1225162322872545 1358547 0.08 220 0.08 220
74 0.12224175711630597 1376280 0.08 220 0.08 220
75 0.12196323871455592 1394004 0.08 220 0.08 220
76 0.12168074254217198 1411729 0.08 220 0.08 220
77 0.1213942817248525 1429434 0.08 220 0.08 220
78 0.1211038126242776 1447131 0.08 220 0.08 220
79 0.12080923783101437 1464827 0.08 220 0.08 220
80 0.12051041576093922 1482504 0.08 220 0.08 220
81 0.12020717583540637 1500172 0.08 220 0.08 220
82 0.11989933823759774 1517836 0.08 220 0.08 220
83 0.11958673727729735 1535491 0.08 220 0.08 220
84 0.11926924729932646 1553140 0.08 220 0.08 220
85 0.11894680975127024 1570778 0.08 220 0.08 220
86 0.11861945950503952 1588408 0.08 220 0.08 220
87 0.11828734794107389 1606030 0.08 220 0.08 220
88 0.11795075989464218 1623644 0.08 220 0.08 220
89 0.11761012161399542 1641250 0.08 220 0.08 220
90 0.11726599758801684 1658846 0.08 220 0.08 220
91 0.11691907544527017 1676431 0.08 220 0.08 220
92 0.11657013982981275 1694009 0.08 220 0.08 220
93 0.11622003779352912 1711582 0.08 220 0.08 220
94 0.11586963941059993 1729151 0.08 220 0.08 220
95 0.11551979778953965 1746707 0.08 220 0.08 220
96 0.11517131241863617 1764254 0.08 220 0.08 220
97 0.1148248989881545 1781793 0.08 220 0.08 220
98 0.11448116773196766 1799373 0.08 220 0.08 220
99 0.11414061117518835 1816916 0.08 220 0.08 220
