0 0.9471931158180464 23123 0.04 260 0.04 260
1 0.8128199147072454 46225 0.04 260 0.04 260
2 0.6044837084413215 69318 0.04 260 0.04 260
3 0.45273160571575444 92383 0.04 260 0.04 260
4 0.3704028711448874 115425 0.04 260 0.04 260
5 0.3235130300121532 138443 0.04 260 0.04 260
6 0.2943155341045865 161438 0.04 260 0.04 260
7 0.2741761591076603 184414 0.04 260 0.04 260
8 0.2587097177817957 207375 0.04 260 0.04 260
9 0.24614852365389764 230311 0.04 260 0.04 260
10 0.23571302092821503 253230 0.04 260 0.04 260
11 0.22699035219216238 276130 0.04 260 0.04 260
12 0.2197397240018698 299013 0.04 260 0.04 260
13 0.21377197322944863 321880 0.04 260 0.04 260
14 0.20888542655646047 344729 0.04 260 0.04 260
15 0.20486316465461726 367562 0.04 260 0.04 260
16 0.2014959836108583 390379 0.04 260 0.04 260
17 0.19860216404842426 413178 0.04 260 0.04 260
18 0.19603695563805373 435965 0.04 260 0.04 260
19 0.19369419822909106 458740 0.04 260 0.04 260
20 0.19150338463862543 481498 0.04 260 0.04 260
21 0.18942375222409863 504240 0.04 260 0.04 260
22 0.18743625283744347 526967 0.04 260 0.04 260
23 0.18553500922833716 549682 0.04 260 0.04 260
24 0.18372029390123845 572387 0.04 260 0.04 260
25 0.1819941416226557 595076 0.04 260 0.04 260
26 0.18035819371096887 617754 0.04 260 0.04 260
27 0.17881256457560613 640416 0.04 260 0.04 260
28 0.17735491941751502 663142 0.04 260 0.04 260
29 0.1759798740697101 685780 0.04 260 0.04 260
30 0.17467917046908607 708406 0.04 260 0.04 260
31 0.1734426188080509 731021 0.04 260 0.04 260
32 0.17225930198279463 753645 0.04 260 0.04 260
33 0.17111856233383058 776237 0.04 260 0.04 260
34 0.1700106108915903 798819 0.04 260 0.04 260
35 0.16892683149422588 821390 0.04 260 0.04 260
36 0.1678599082980439 843954 0.04 260 0.04 260
37 0.16680387014564985 866505 0.04 260 0.04 260
38 0.16575409526925325 889045 0.04 260 0.04 260
39 0.16470728727170772 911573 0.04 260 0.04 260
40 0.1636614216367046 934092 0.04 260 0.04 260
41 0.1626156614789501 956600 0.04 260 0.04 260
42 0.16157024299230738 979100 0.04 260 0.04 260
43 0.1605263325903309 1001602 0.04 260 0.04 260
44 0.15948585991631917 1024081 0.04 260 0.04 260
45 0.1584513339341065 1046549 0.04 260 0.04 260
46 0.15742565203760134 1069009 0.04 260 0.04 260
47 0.15641191327561504 1091463 0.04 260 0.04 260
48 0.15541324597840875 1113905 0.04 260 0.04 260
49 0.15443265776243262 1136336 0.04 260 0.04 260
50 0.15347291291914492 1158755 0.04 260 0.04 260
51 0.15253643930359695 1181176 0.04 260 0.04 260
52 0.15162526445361765 1203581 0.04 260 0.04 260
53 0.15074097890585647 1225976 0.04 260 0.04 260
54 0.14988472345974654 1248363 0.04 260 0.04 260
55 0.14905719636100867 1270816 0.04 260 0.04 260
56 0.14825867596906886 1293182 0.04 260 0.04 260
57 0.14748905443872706 1315553 0.04 260 0.04 260
58 0.14674787830560312 1337909 0.04 260 0.04 260
59 0.1460343925937157 1360256 0.04 260 0.04 260
60 0.14534758605902792 1382591 0.04 260 0.04 260
61 0.1446862362723493 1404930 0.04 260 0.04 260
62 0.1440489542338481 1427250 0.04 260 0.04 260
63 0.1434342289375967 1449564 0.04 260 0.04 260
64 0.14284047267380925 1471869 0.04 260 0.04 260
65 0.14226606784435272 1494165 0.04 260 0.04 260
66 0.14170941569671427 1516453 0.04 260 0.04 260
67 0.14116898669438616 1538733 0.04 260 0.04 260
68 0.14064337128551224 1561009 0.04 260 0.04 260
69 0.1401313286794241 1583279 0.04 260 0.04 260
70 0.13963183004003876 1605545 0.04 260 0.04 260
71 0.13914409153322166 1627797 0.04 260 0.04 260
72 0.13866759234481366 1650040 0.04 260 0.04 260
73 0.1382020736105591 1672277 0.04 260 0.04 260
74 0.1377475165331947 1694513 0.04 260 0.04 260
75 0.13730410173572286 1716738 0.04 260 0.04 260
76 0.13687215632440433 1738954 0.04 260 0.04 260
77 0.13645209867121008 1761165 0.04 260 0.04 260
78 0.13604439174288 1783368 0.04 260 0.04 260
79 0.13564951274122863 1805566 0.04 260 0.04 260
80 0.13526794041493898 1827759 0.04 260 0.04 260
81 0.1349001541776506 1849943 0.04 260 0.04 260
82 0.13454663455914062 1872120 0.04 260 0.04 260
83 0.13420785487072825 1894301 0.04 260 0.04 260
84 0.13388425898157685 1916467 0.04 260 0.04 260
85 0.13357622699353147 1938627 0.04 260 0.04 260
86 0.13328403589342147 1960782 0.04 260 0.04 260
87 0.13300782386414034 1982929 0.04 260 0.04 260
88 0.13274756504854074 2005071 0.04 260 0.04 260
89 0.13250305798707926 2027205 0.04 260 0.04 260
90 0.13227392763354118 2049334 0.04 260 0.04 260
91 0.1320596388092845 2071457 0.04 260 0.04 260
92 0.13185951816927766 2093576 0.04 260 0.04 260
93 0.13167278171322386 2115686 0.04 260 0.04 260
94 0.1314985651257902 2137791 0.04 260 0.04 260
95 0.1313359545696073 2159891 0.04 260 0.04 260
96 0.13118401595365203 2181963 0.04 260 0.04 260
97 0.13104182115892027 2203894 0.04 260 0.04 260
98 0.13090847019423985 2225821 0.04 260 0.04 260
99 0.13078310873475732 2247745 0.04 260 0.04 260
