0 0.9388703633336036 1858 0.09 20
1 0.618818535315125 3692 0.09 20
2 0.4871130079815237 5472 0.09 20
3 0.42472618394427264 7222 0.09 20
4 0.3785235976314598 8953 0.09 20
5 0.34502006069093333 10668 0.09 20
6 0.3216261770600358 12367 0.09 20
7 0.3062257454634445 14053 0.09 20
8 0.2946686302724828 15728 0.09 20
9 0.2849559110237507 17392 0.09 20
10 0.276580917890894 19049 0.09 20
11 0.26929327171318357 20698 0.09 20
12 0.26292480899778675 22342 0.09 20
13 0.25735785505544484 23980 0.09 20
14 0.2523795779577853 25614 0.09 20
15 0.24775956176943784 27243 0.09 20
16 0.24344465671084894 28867 0.09 20
17 0.23940713748176345 30488 0.09 20
18 0.23563015934078937 32106 0.09 20
19 0.2321129106863767 33720 0.09 20
20 0.22881328437226298 35332 0.09 20
21 0.22567610633564075 36941 0.09 20
22 0.2226765082153768 38547 0.09 20
23 0.2198358081501131 40151 0.09 20
24 0.21720021789439278 41754 0.09 20
25 0.21480817053389023 43355 0.09 20
26 0.2126641241770531 44952 0.09 20
27 0.21075610327629885 46546 0.09 20
28 0.20908152437436187 48138 0.09 20
29 0.20760837879762323 49733 0.09 20
30 0.20631136829834218 51320 0.09 20
31 0.2052059662258011 52905 0.09 20
32 0.2042964950757178 54488 0.09 20
33 0.2035615903699634 56068 0.09 20
34 0.2029637450733202 57647 0.09 20
35 0.20247057695797702 59223 0.09 20
36 0.2020684252027908 60797 0.09 20
37 0.20176334663529827 62368 0.09 20
38 0.20155326049772687 63939 0.09 20
39 0.20141287268239677 65508 0.09 20
40 0.20132353844686524 67074 0.09 20
41 0.20129577754347563 68637 0.09 20
42 0.20135942016861602 70199 0.09 20
43 0.2015435473172846 71759 0.09 20
44 0.2018629211744034 73317 0.09 20
45 0.2023059612953257 74874 0.09 20
46 0.20283597817570506 76429 0.09 20
47 0.20341194434512527 77985 0.09 20
48 0.20398852898685785 79539 0.09 20
49 0.20450750226709924 81090 0.09 20
50 0.2049099699581301 82641 0.09 20
51 0.20516178263281162 84189 0.09 20
52 0.2052833195689568 85737 0.09 20
53 0.20535520279245964 87284 0.09 20
54 0.20543636301553653 88830 0.09 20
55 0.20554964912947124 90377 0.09 20
56 0.20572788654689134 91922 0.09 20
57 0.20602661467537645 93467 0.09 20
58 0.20640586354392157 95012 0.09 20
59 0.20667170650870206 96556 0.09 20
60 0.20664077466977146 98101 0.09 20
61 0.20628340623882008 99646 0.09 20
62 0.20569940468409484 101190 0.09 20
63 0.20500774516229783 102734 0.09 20
64 0.20430635857528992 104277 0.09 20
65 0.20356163634701846 105820 0.09 20
66 0.20259382251081065 107364 0.09 20
67 0.20133392213342205 108907 0.09 20
68 0.1998458976869248 110449 0.09 20
69 0.19817336771327354 111992 0.09 20
70 0.19637240669953424 113535 0.09 20
71 0.19454088073382755 115079 0.09 20
72 0.1927680441383636 116623 0.09 20
73 0.19102618287873332 118166 0.09 20
74 0.1892657369612663 119709 0.09 20
75 0.18762919883567747 121252 0.09 20
76 0.18622777042655975 122795 0.09 20
77 0.18493112584542562 124340 0.09 20
78 0.18358831637477913 125889 0.09 20
79 0.18211914319936137 127432 0.09 20
80 0.18060412488689667 128976 0.09 20
81 0.17920565626276735 130522 0.09 20
82 0.1780311506633292 132066 0.09 20
83 0.1770970619581991 133611 0.09 20
84 0.17633892747242733 135159 0.09 20
85 0.17566022999199973 136709 0.09 20
86 0.1749848327591975 138256 0.09 20
87 0.17430954205748928 139802 0.09 20
88 0.17371586643295706 141347 0.09 20
89 0.17326388361638237 142893 0.09 20
90 0.17290892374815095 144440 0.09 20
91 0.1725606199438233 145987 0.09 20
92 0.17218871935528524 147536 0.09 20
93 0.17185004583362617 149083 0.09 20
94 0.1716003658891537 150631 0.09 20
95 0.17144763640469482 152179 0.09 20
96 0.17135003754838965 153728 0.09 20
97 0.17125685545340652 155277 0.09 20
98 0.17128621584517628 156826 0.09 20
99 0.17143632153002134 158383 0.09 20
