0 0.9515534442824138 1859 0.03 20
1 0.9507917307119466 3716 0.03 20
2 0.9476434605251013 5572 0.03 20
3 0.9230278723257056 7428 0.03 20
4 0.8413050289272163 9278 0.03 20
5 0.7423033880210396 11115 0.03 20
6 0.6629953804972648 12940 0.03 20
7 0.5882348791260097 14754 0.03 20
8 0.5324549690119884 16553 0.03 20
9 0.5008745756569818 18340 0.03 20
10 0.4855190349362403 20118 0.03 20
11 0.47822196141115597 21887 0.03 20
12 0.47351612401175613 23647 0.03 20
13 0.4682829895457633 25399 0.03 20
14 0.4613764545901807 27142 0.03 20
15 0.4527908970886052 28876 0.03 20
16 0.44292955459632927 30602 0.03 20
17 0.43225052416150267 32319 0.03 20
18 0.42112668279835236 34028 0.03 20
19 0.4098025096510072 35729 0.03 20
20 0.3983702940844094 37425 0.03 20
21 0.38684376990962255 39114 0.03 20
22 0.37528069373703554 40798 0.03 20
23 0.3637956175645934 42478 0.03 20
24 0.3524797800942 44153 0.03 20
25 0.3414369922244317 45827 0.03 20
26 0.33082300655145275 47496 0.03 20
27 0.32076409931618327 49164 0.03 20
28 0.31133751324666975 50828 0.03 20
29 0.30270239686894596 52490 0.03 20
30 0.29502932069138454 54149 0.03 20
31 0.28828769499137963 55807 0.03 20
32 0.28233350888638314 57463 0.03 20
33 0.2770245696854015 59117 0.03 20
34 0.27223987438347397 60770 0.03 20
35 0.26788260244878237 62421 0.03 20
36 0.2638808368152878 64072 0.03 20
37 0.26018529434563875 65721 0.03 20
38 0.25676628015640185 67369 0.03 20
39 0.2536084575858795 69016 0.03 20
40 0.25070422840027684 70662 0.03 20
41 0.24804717854710104 72307 0.03 20
42 0.24562762058568194 73954 0.03 20
43 0.2434316296309949 75597 0.03 20
44 0.2414422184962499 77248 0.03 20
45 0.23964034719944505 78890 0.03 20
46 0.23800516106399625 80532 0.03 20
47 0.23651486765894067 82172 0.03 20
48 0.23514883468987027 83815 0.03 20
49 0.23388955642259465 85455 0.03 20
50 0.23272338165933718 87094 0.03 20
51 0.23164010555709494 88732 0.03 20
52 0.23063200116006635 90370 0.03 20
53 0.22969275525971963 92007 0.03 20
54 0.22881653967773788 93643 0.03 20
55 0.22799733201165606 95280 0.03 20
56 0.2272286015073686 96915 0.03 20
57 0.22650341943909288 98550 0.03 20
58 0.22581494807601246 100184 0.03 20
59 0.2251572650611467 101817 0.03 20
60 0.22452643746334416 103450 0.03 20
61 0.22392140321533316 105082 0.03 20
62 0.22334383076494976 106713 0.03 20
63 0.2227966032412047 108345 0.03 20
64 0.22228194140445962 109975 0.03 20
65 0.2218006881846097 111605 0.03 20
66 0.22135309628959363 113234 0.03 20
67 0.22094026518759388 114862 0.03 20
68 0.2205652559735018 116490 0.03 20
69 0.2202332284383133 118116 0.03 20
70 0.2199504617852156 119743 0.03 20
71 0.21972290843736317 121368 0.03 20
72 0.21955520590615948 122994 0.03 20
73 0.2194505172777433 124618 0.03 20
74 0.21941097699738432 126242 0.03 20
75 0.21943831389843169 127864 0.03 20
76 0.21953420313605254 129486 0.03 20
77 0.2196999535854091 131108 0.03 20
78 0.21993541204679065 132728 0.03 20
79 0.22023747895718354 134350 0.03 20
80 0.22059910773542046 135968 0.03 20
81 0.2210096675989378 137586 0.03 20
82 0.22145681967404482 139203 0.03 20
83 0.22192911545014415 140819 0.03 20
84 0.22241833110585785 142434 0.03 20
85 0.22292110707351556 144052 0.03 20
86 0.2234396077599097 145672 0.03 20
87 0.2239806223861746 147284 0.03 20
88 0.2245536273731563 148895 0.03 20
89 0.22516976819790904 150506 0.03 20
90 0.225841959850729 152116 0.03 20
91 0.2265834086870755 153724 0.03 20
92 0.22740257133495137 155332 0.03 20
93 0.22829713700843518 156943 0.03 20
94 0.22925149907519035 158548 0.03 20
95 0.23023966280823202 160152 0.03 20
96 0.2312410380652838 161755 0.03 20
97 0.23225882628829675 163357 0.03 20
98 0.23332446982626762 164957 0.03 20
99 0.23449105028825096 166557 0.03 20
