0 0.8683950621045724 7136 0.08 80
1 0.47283334477758565 14225 0.08 80
2 0.3485875062755104 21236 0.08 80
3 0.2953045767373909 28197 0.08 80
4 0.26528383490163154 35113 0.08 80
5 0.2454457965398873 41992 0.08 80
6 0.23018569304318484 48844 0.08 80
7 0.21797267658400366 55666 0.08 80
8 0.20800962166378892 62464 0.08 80
9 0.19950128241639173 69243 0.08 80
10 0.19213191485339814 76004 0.08 80
11 0.18590599805648694 82749 0.08 80
12 0.18075460578084754 89480 0.08 80
13 0.17646101438097422 96202 0.08 80
14 0.1727963706251901 102911 0.08 80
15 0.16960683274826613 109605 0.08 80
16 0.1668102114075528 116289 0.08 80
17 0.16436221326274994 122964 0.08 80
18 0.16222941199643912 129631 0.08 80
19 0.16037678670651231 136288 0.08 80
20 0.15876571758877248 142933 0.08 80
21 0.1573559946006226 149567 0.08 80
22 0.15610784490893476 156192 0.08 80
23 0.1549830820078236 162809 0.08 80
24 0.15394591308484723 169419 0.08 80
25 0.15296391274275287 176027 0.08 80
26 0.152009171388081 182619 0.08 80
27 0.15105930174025414 189204 0.08 80
28 0.15009799585503458 195785 0.08 80
29 0.14911503058616438 202359 0.08 80
30 0.1481058164540802 208924 0.08 80
31 0.1470706572732494 215480 0.08 80
32 0.1460138522840806 222033 0.08 80
33 0.14494271994702382 228577 0.08 80
34 0.14386660640151783 235115 0.08 80
35 0.142795936546476 241648 0.08 80
36 0.1417413318561359 248177 0.08 80
37 0.14071276888910078 254699 0.08 80
38 0.13971874644744714 261216 0.08 80
39 0.1387654996594343 267728 0.08 80
40 0.1378563893836239 274237 0.08 80
41 0.13699164953856632 280740 0.08 80
42 0.1361686654536026 287240 0.08 80
43 0.1353827955191714 293736 0.08 80
44 0.13462849105848515 300233 0.08 80
45 0.1339003611835122 306730 0.08 80
46 0.1331939560963003 313216 0.08 80
47 0.13250622313163937 319701 0.08 80
48 0.1318356583990628 326181 0.08 80
49 0.1311821556750179 332659 0.08 80
50 0.13054655276815474 339134 0.08 80
51 0.12992995197560606 345609 0.08 80
52 0.12933303308849947 352081 0.08 80
53 0.12875567434406474 358550 0.08 80
54 0.12819706555779095 365017 0.08 80
55 0.12765615443338715 371484 0.08 80
56 0.12713205362086483 377949 0.08 80
57 0.12662421284057418 384411 0.08 80
58 0.12613247736367347 390873 0.08 80
59 0.12565719429548475 397338 0.08 80
60 0.12519932556346258 403799 0.08 80
61 0.12476039930593048 410260 0.08 80
62 0.12434217048821807 416718 0.08 80
63 0.12394596461244164 423172 0.08 80
64 0.1235718526026025 429624 0.08 80
65 0.12321809011678325 436076 0.08 80
66 0.12288131081711866 442526 0.08 80
67 0.1225574407822793 448976 0.08 80
68 0.12224275856248319 455424 0.08 80
69 0.12193457174745675 461870 0.08 80
70 0.1216313648744789 468317 0.08 80
71 0.12133257873681194 474763 0.08 80
72 0.12103826730721624 481207 0.08 80
73 0.12074880420614088 487648 0.08 80
74 0.12046469730112858 494089 0.08 80
75 0.12018649575575456 500533 0.08 80
76 0.11991475145184412 506976 0.08 80
77 0.11965000446549885 513413 0.08 80
78 0.11939277672138392 519848 0.08 80
79 0.11914356783994522 526282 0.08 80
80 0.11890285142833647 532715 0.08 80
81 0.11867107114404879 539148 0.08 80
82 0.11844863597591279 545579 0.08 80
83 0.11823591434651963 552008 0.08 80
84 0.11803322701229622 558439 0.08 80
85 0.11784083914605402 564868 0.08 80
86 0.11765895221810985 571294 0.08 80
87 0.11748769622236024 577729 0.08 80
88 0.11732712241971435 584154 0.08 80
89 0.11717719619708793 590579 0.08 80
90 0.1170377890272102 597005 0.08 80
91 0.11690866802226262 603433 0.08 80
92 0.11678948134556105 609860 0.08 80
93 0.11667973793892615 616281 0.08 80
94 0.11657878083411254 622702 0.08 80
95 0.11648575493535629 629149 0.08 80
96 0.11639957266261274 635625 0.08 80
97 0.11631888403943011 642096 0.08 80
98 0.1162420610958479 648566 0.08 80
99 0.11616720877734923 655040 0.08 80
