0 0.9528748664375775 1858 0.04 20
1 0.9502586587990249 3716 0.04 20
2 0.9141438215591139 5572 0.04 20
3 0.7870075574415539 7418 0.04 20
4 0.6662613930947622 9246 0.04 20
5 0.566993449598896 11056 0.04 20
6 0.5110625111423922 12847 0.04 20
7 0.48782382022953813 14624 0.04 20
8 0.47643779992270896 16389 0.04 20
9 0.46613296590642384 18142 0.04 20
10 0.4532878577594295 19885 0.04 20
11 0.43792000045711416 21617 0.04 20
12 0.42102247624905104 23338 0.04 20
13 0.4035513494986297 25053 0.04 20
14 0.3862096519097207 26755 0.04 20
15 0.369430936150618 28449 0.04 20
16 0.3535188751418267 30136 0.04 20
17 0.33859644501560615 31819 0.04 20
18 0.32470981137357957 33497 0.04 20
19 0.31200298143138183 35171 0.04 20
20 0.3006124387797842 36845 0.04 20
21 0.2908257066515352 38513 0.04 20
22 0.2828413430260278 40179 0.04 20
23 0.2763288648073025 41842 0.04 20
24 0.27085744607063433 43503 0.04 20
25 0.26611771042933063 45162 0.04 20
26 0.2619303950185228 46822 0.04 20
27 0.25819302808477473 48482 0.04 20
28 0.2548309134449129 50136 0.04 20
29 0.2517861313133964 51789 0.04 20
30 0.24902188178407247 53441 0.04 20
31 0.24651909150023943 55091 0.04 20
32 0.24426363375294047 56741 0.04 20
33 0.24223957276930777 58389 0.04 20
34 0.24043007659091664 60038 0.04 20
35 0.23881693398358428 61683 0.04 20
36 0.23737911264875963 63327 0.04 20
37 0.23609301777957903 64970 0.04 20
38 0.23493380429558977 66611 0.04 20
39 0.23387701614693152 68252 0.04 20
40 0.23290124173690763 69893 0.04 20
41 0.23199200118175498 71537 0.04 20
42 0.2311443955744884 73174 0.04 20
43 0.23036007694298605 74812 0.04 20
44 0.22963832200852616 76447 0.04 20
45 0.2289697439329321 78082 0.04 20
46 0.22833907487565144 79716 0.04 20
47 0.22773170825575414 81349 0.04 20
48 0.22713686475418574 82984 0.04 20
49 0.22654855380341365 84615 0.04 20
50 0.22596608518270245 86245 0.04 20
51 0.22539186646324222 87874 0.04 20
52 0.22482888580133228 89503 0.04 20
53 0.2242806887725519 91139 0.04 20
54 0.22375301393212207 92765 0.04 20
55 0.22325555969531702 94394 0.04 20
56 0.22280170645850725 96022 0.04 20
57 0.2224067797655298 97645 0.04 20
58 0.2220883649400276 99267 0.04 20
59 0.22186924923550708 100888 0.04 20
60 0.22177722189928065 102507 0.04 20
61 0.22183833499045957 104125 0.04 20
62 0.22207011273539 105742 0.04 20
63 0.2224754143331429 107363 0.04 20
64 0.22303282938623983 108978 0.04 20
65 0.2236913981892288 110591 0.04 20
66 0.22438591209743436 112203 0.04 20
67 0.22506867801901742 113814 0.04 20
68 0.22572774862004502 115424 0.04 20
69 0.22637830351812238 117034 0.04 20
70 0.2270428994244475 118647 0.04 20
71 0.22773981281445232 120253 0.04 20
72 0.22848323787585087 121859 0.04 20
73 0.2292873614771934 123463 0.04 20
74 0.2301612055267964 125065 0.04 20
75 0.2310936637311724 126666 0.04 20
76 0.23206104987204154 128266 0.04 20
77 0.23305190646475812 129868 0.04 20
78 0.23408283000788843 131465 0.04 20
79 0.2352158476253928 133060 0.04 20
80 0.23650751045137466 134654 0.04 20
81 0.23788979896585072 136245 0.04 20
82 0.23918263868049136 137835 0.04 20
83 0.24026771551894066 139422 0.04 20
84 0.24130717362444587 141007 0.04 20
85 0.24264583426217637 142590 0.04 20
86 0.24441933459142284 144172 0.04 20
87 0.246603764110695 145752 0.04 20
88 0.24918215934740867 147329 0.04 20
89 0.2518648868325574 148902 0.04 20
90 0.2543259187334442 150473 0.04 20
91 0.256550597931533 152042 0.04 20
92 0.25838031463678157 153608 0.04 20
93 0.25953846361975524 155171 0.04 20
94 0.26022627120516595 156731 0.04 20
95 0.26076152338069003 158289 0.04 20
96 0.261168342381097 159843 0.04 20
97 0.2614207415656288 161396 0.04 20
98 0.26146541623016323 162947 0.04 20
99 0.261152468951897 164495 0.04 20
