0 0.9735776212025103 24902 0.04 280 0.04 280
1 0.8909893546248334 49785 0.04 280 0.04 280
2 0.6063319937952818 74662 0.04 280 0.04 280
3 0.45041117011343357 99515 0.04 280 0.04 280
4 0.3668561324677509 124338 0.04 280 0.04 280
5 0.31965244925480235 149135 0.04 280 0.04 280
6 0.29007291261247653 173907 0.04 280 0.04 280
7 0.27071599061777796 198656 0.04 280 0.04 280
8 0.25705295899055125 223387 0.04 280 0.04 280
9 0.2466561166256539 248100 0.04 280 0.04 280
10 0.23823887832736573 272876 0.04 280 0.04 280
11 0.23106402115505462 297558 0.04 280 0.04 280
12 0.224691781965308 322223 0.04 280 0.04 280
13 0.21885869289170923 346872 0.04 280 0.04 280
14 0.21340844738462353 371501 0.04 280 0.04 280
15 0.20825394604041686 396113 0.04 280 0.04 280
16 0.20335625614176658 420706 0.04 280 0.04 280
17 0.19870860842654348 445282 0.04 280 0.04 280
18 0.1943210074644453 469840 0.04 280 0.04 280
19 0.19020699769197463 494383 0.04 280 0.04 280
20 0.18637495357977807 518909 0.04 280 0.04 280
21 0.1828241981074259 543421 0.04 280 0.04 280
22 0.17954467803851293 567918 0.04 280 0.04 280
23 0.1765187747739257 592399 0.04 280 0.04 280
24 0.17372412474369583 616865 0.04 280 0.04 280
25 0.17113652710682434 641322 0.04 280 0.04 280
26 0.16873229031580944 665764 0.04 280 0.04 280
27 0.16648974602289915 690275 0.04 280 0.04 280
28 0.164389979078063 714696 0.04 280 0.04 280
29 0.16241699513577162 739103 0.04 280 0.04 280
30 0.1605575772292089 763499 0.04 280 0.04 280
31 0.1588010152837148 787886 0.04 280 0.04 280
32 0.15713879633335223 812262 0.04 280 0.04 280
33 0.15556427581971854 836626 0.04 280 0.04 280
34 0.15407232837377127 860978 0.04 280 0.04 280
35 0.15265898264382635 885322 0.04 280 0.04 280
36 0.1513210571833522 909654 0.04 280 0.04 280
37 0.1500558224050969 934059 0.04 280 0.04 280
38 0.14886071393261502 958373 0.04 280 0.04 280
39 0.14773311549814327 982680 0.04 280 0.04 280
40 0.1466702183010905 1006976 0.04 280 0.04 280
41 0.14566895302585703 1031264 0.04 280 0.04 280
42 0.144725983196283 1055541 0.04 280 0.04 280
43 0.14383774455632278 1079810 0.04 280 0.04 280
44 0.14300051401973385 1104069 0.04 280 0.04 280
45 0.14221049270523567 1128320 0.04 280 0.04 280
46 0.14146389008869284 1152561 0.04 280 0.04 280
47 0.1407569997618399 1176794 0.04 280 0.04 280
48 0.14008626102904348 1201019 0.04 280 0.04 280
49 0.13944830399577718 1225238 0.04 280 0.04 280
50 0.1388399784838286 1249443 0.04 280 0.04 280
51 0.138258368863608 1273644 0.04 280 0.04 280
52 0.1377007977507575 1297833 0.04 280 0.04 280
53 0.1371648216465295 1322013 0.04 280 0.04 280
54 0.1366482212500587 1346189 0.04 280 0.04 280
55 0.1361489885758168 1370353 0.04 280 0.04 280
56 0.13566531236731624 1394507 0.04 280 0.04 280
57 0.13519556274165198 1418654 0.04 280 0.04 280
58 0.13473827559704452 1442793 0.04 280 0.04 280
59 0.13429213707939983 1466925 0.04 280 0.04 280
60 0.13385596830622212 1491047 0.04 280 0.04 280
61 0.1334287105388065 1515161 0.04 280 0.04 280
62 0.13300941102620056 1539266 0.04 280 0.04 280
63 0.13259720977732836 1563363 0.04 280 0.04 280
64 0.13219132752721968 1587454 0.04 280 0.04 280
65 0.13179105514095413 1611535 0.04 280 0.04 280
66 0.13139574464681628 1635609 0.04 280 0.04 280
67 0.13100480201653456 1659673 0.04 280 0.04 280
68 0.13061768172559518 1683732 0.04 280 0.04 280
69 0.13023388304060496 1707783 0.04 280 0.04 280
70 0.12985294790182952 1731840 0.04 280 0.04 280
71 0.12947446020339648 1755876 0.04 280 0.04 280
72 0.12909804622471843 1779905 0.04 280 0.04 280
73 0.12872337593566774 1803924 0.04 280 0.04 280
74 0.12835016488456152 1827938 0.04 280 0.04 280
75 0.1279781763806023 1851944 0.04 280 0.04 280
76 0.12760722369899594 1875943 0.04 280 0.04 280
77 0.1272371720650284 1899934 0.04 280 0.04 280
78 0.12686794020981235 1923919 0.04 280 0.04 280
79 0.12649950133193474 1947899 0.04 280 0.04 280
80 0.12613188334239098 1971875 0.04 280 0.04 280
81 0.12576516831226303 1995839 0.04 280 0.04 280
82 0.12539949108205078 2019798 0.04 280 0.04 280
83 0.1250350370284347 2043749 0.04 280 0.04 280
84 0.12467203901947141 2067693 0.04 280 0.04 280
85 0.12431077362424856 2091630 0.04 280 0.04 280
86 0.12395155667806738 2115560 0.04 280 0.04 280
87 0.12359473833818853 2139484 0.04 280 0.04 280
88 0.1232406977949007 2163401 0.04 280 0.04 280
89 0.12288983782387626 2187312 0.04 280 0.04 280
90 0.12254257937370334 2211229 0.04 280 0.04 280
91 0.12219935637317501 2235129 0.04 280 0.04 280
92 0.1218606109141053 2259033 0.04 280 0.04 280
93 0.12152678891730753 2282918 0.04 280 0.04 280
94 0.12119833632477013 2306799 0.04 280 0.04 280
95 0.12087569578575018 2330672 0.04 280 0.04 280
96 0.12055930372657842 2354477 0.04 280 0.04 280
97 0.12024958762356516 2378168 0.04 280 0.04 280
98 0.11994696324671382 2401857 0.04 280 0.04 280
99 0.11965183161998211 2425539 0.04 280 0.04 280
