0 0.9455920711291695 17744 0.07 200
1 0.4864409058421374 35448 0.07 200
2 0.34464979994439504 53092 0.07 200
3 0.28649740423280223 70694 0.07 200
4 0.25415105710675867 88254 0.07 200
5 0.23653492165777995 105792 0.07 200
6 0.22455682484634373 123293 0.07 200
7 0.21477004491891358 140771 0.07 200
8 0.20626649680485823 158219 0.07 200
9 0.19882990367671274 175638 0.07 200
10 0.1923766202829192 193032 0.07 200
11 0.18681192781430775 210406 0.07 200
12 0.1820118067425457 227753 0.07 200
13 0.17783970761367263 245074 0.07 200
14 0.1741657490363494 262374 0.07 200
15 0.17088010575309268 279648 0.07 200
16 0.167899372126494 296910 0.07 200
17 0.1651658310972032 314145 0.07 200
18 0.16264152166618526 331356 0.07 200
19 0.16030048739924954 348547 0.07 200
20 0.15812236867154741 365732 0.07 200
21 0.15608891088842447 382874 0.07 200
22 0.15418311156022274 399999 0.07 200
23 0.1523897218698467 417099 0.07 200
24 0.1506959193716157 434176 0.07 200
25 0.14909159873855626 451234 0.07 200
26 0.1475692380292212 468275 0.07 200
27 0.14612349195862268 485300 0.07 200
28 0.14475066704550693 502299 0.07 200
29 0.14344818905297133 519280 0.07 200
30 0.14221413623440612 536245 0.07 200
31 0.14104688549443614 553192 0.07 200
32 0.13994489262051465 570116 0.07 200
33 0.1389065983586405 587032 0.07 200
34 0.13793042665032498 603923 0.07 200
35 0.13701482897247969 620801 0.07 200
36 0.13615832969459155 637656 0.07 200
37 0.13535953590215627 654493 0.07 200
38 0.13461708751166038 671315 0.07 200
39 0.13392953999726512 688124 0.07 200
40 0.13329519390136682 704914 0.07 200
41 0.13271190976989208 721688 0.07 200
42 0.1321769640953733 738449 0.07 200
43 0.13168699808296314 755198 0.07 200
44 0.13123808223126301 771931 0.07 200
45 0.13082587802158602 788648 0.07 200
46 0.13044584558323105 805352 0.07 200
47 0.1300934392833963 822045 0.07 200
48 0.12976425146600468 838724 0.07 200
49 0.12945409405514147 855390 0.07 200
50 0.12915903230321404 872043 0.07 200
51 0.12887539583130841 888685 0.07 200
52 0.12859978976149378 905318 0.07 200
53 0.1283291190133534 921938 0.07 200
54 0.1280606280790722 938545 0.07 200
55 0.12779195090065892 955140 0.07 200
56 0.1275211622161672 971726 0.07 200
57 0.127246822268892 988304 0.07 200
58 0.12696800936741637 1004867 0.07 200
59 0.12668433747196556 1021420 0.07 200
60 0.12639595718358718 1037965 0.07 200
61 0.1261035375624392 1054497 0.07 200
62 0.1258082236985306 1071018 0.07 200
63 0.12551156279571737 1087528 0.07 200
64 0.12521539235875323 1104028 0.07 200
65 0.12492168998853953 1120521 0.07 200
66 0.12463239504861572 1137002 0.07 200
67 0.12434922445928395 1153480 0.07 200
68 0.12407351232272719 1169943 0.07 200
69 0.12380610136506802 1186400 0.07 200
70 0.12354730301667823 1202845 0.07 200
71 0.12329692674782466 1219280 0.07 200
72 0.1230543644029476 1235708 0.07 200
73 0.12281870653987519 1252131 0.07 200
74 0.122588866546138 1268544 0.07 200
75 0.1223636929090198 1284944 0.07 200
76 0.12214205744379587 1301336 0.07 200
77 0.12192291477439433 1317721 0.07 200
78 0.12170533422216244 1334102 0.07 200
79 0.121488508917268 1350470 0.07 200
80 0.12127174858494588 1366829 0.07 200
81 0.12105446259546944 1383182 0.07 200
82 0.1208361390669562 1399530 0.07 200
83 0.12061632453901373 1415872 0.07 200
84 0.12039460732219999 1432200 0.07 200
85 0.1201706062835089 1448529 0.07 200
86 0.11994396567360718 1464848 0.07 200
87 0.1197143556981434 1481160 0.07 200
88 0.11948147790124244 1497463 0.07 200
89 0.11924507405178164 1513757 0.07 200
90 0.11900493706827182 1530046 0.07 200
91 0.11876092253979711 1546332 0.07 200
92 0.11851295954819913 1562610 0.07 200
93 0.11826105972364954 1578879 0.07 200
94 0.11800532373322171 1595142 0.07 200
95 0.11774594468059979 1611405 0.07 200
96 0.11748320816363902 1627706 0.07 200
97 0.11721748897985872 1644068 0.07 200
98 0.11694924467698749 1660426 0.07 200
99 0.11667900630828028 1676781 0.07 200
