0 0.6676916081522738 24750 0.09 280 0.09 280
1 0.31339473951476643 49392 0.09 280 0.09 280
2 0.24995907756340197 73909 0.09 280 0.09 280
3 0.22296544754787198 98336 0.09 280 0.09 280
4 0.20579205903298098 122671 0.09 280 0.09 280
5 0.1926992448228055 146930 0.09 280 0.09 280
6 0.18266984382539977 171114 0.09 280 0.09 280
7 0.17517341721695381 195227 0.09 280 0.09 280
8 0.16953770064187493 219277 0.09 280 0.09 280
9 0.16523907738353444 243278 0.09 280 0.09 280
10 0.16190334319629182 267208 0.09 280 0.09 280
11 0.15926828470235616 291084 0.09 280 0.09 280
12 0.15715221228122866 314908 0.09 280 0.09 280
13 0.15542191303187686 338694 0.09 280 0.09 280
14 0.1539721546574415 362425 0.09 280 0.09 280
15 0.15271710998809934 386102 0.09 280 0.09 280
16 0.1515880841470257 409732 0.09 280 0.09 280
17 0.1505356974879481 433322 0.09 280 0.09 280
18 0.1495324616569379 456856 0.09 280 0.09 280
19 0.1485718610251851 480345 0.09 280 0.09 280
20 0.14766266510164797 503790 0.09 280 0.09 280
21 0.14682016888974359 527190 0.09 280 0.09 280
22 0.14605771616234373 550559 0.09 280 0.09 280
23 0.14538125504605431 573883 0.09 280 0.09 280
24 0.14478815630406103 597156 0.09 280 0.09 280
25 0.14426909023756931 620393 0.09 280 0.09 280
26 0.1438108456343154 643592 0.09 280 0.09 280
27 0.14339888401094184 666758 0.09 280 0.09 280
28 0.14301926630203718 689875 0.09 280 0.09 280
29 0.14265989236764737 712957 0.09 280 0.09 280
30 0.14231108841010087 735999 0.09 280 0.09 280
31 0.1419656454971271 759007 0.09 280 0.09 280
32 0.1416184705205649 781983 0.09 280 0.09 280
33 0.14126604196198475 804934 0.09 280 0.09 280
34 0.14090585439628062 827846 0.09 280 0.09 280
35 0.14053598666062028 850717 0.09 280 0.09 280
36 0.14015485607204325 873554 0.09 280 0.09 280
37 0.13976115250363336 896357 0.09 280 0.09 280
38 0.13935390059636774 919130 0.09 280 0.09 280
39 0.13893257910504445 941871 0.09 280 0.09 280
40 0.1384972279552179 964582 0.09 280 0.09 280
41 0.13804848963307242 987262 0.09 280 0.09 280
42 0.13758755650015225 1009917 0.09 280 0.09 280
43 0.13711602414751886 1032544 0.09 280 0.09 280
44 0.1366356771920666 1055141 0.09 280 0.09 280
45 0.13614825193044927 1077711 0.09 280 0.09 280
46 0.13565522520431642 1100263 0.09 280 0.09 280
47 0.13515766959532866 1122779 0.09 280 0.09 280
48 0.1346561955880547 1145269 0.09 280 0.09 280
49 0.1341509790308426 1167738 0.09 280 0.09 280
50 0.133641854430286 1190182 0.09 280 0.09 280
51 0.13312844553278913 1212606 0.09 280 0.09 280
52 0.1326103044638929 1235001 0.09 280 0.09 280
53 0.13208703674322086 1257376 0.09 280 0.09 280
54 0.13155839818211673 1279725 0.09 280 0.09 280
55 0.13102435804892867 1302063 0.09 280 0.09 280
56 0.13048512930659453 1324370 0.09 280 0.09 280
57 0.12994117076173825 1346655 0.09 280 0.09 280
58 0.12939316794583255 1368923 0.09 280 0.09 280
59 0.12884200007522734 1391168 0.09 280 0.09 280
60 0.12828870003463533 1413395 0.09 280 0.09 280
61 0.1277344133232317 1435616 0.09 280 0.09 280
62 0.12718036046315603 1457815 0.09 280 0.09 280
63 0.12662780564276413 1479998 0.09 280 0.09 280
64 0.12607803258232642 1502153 0.09 280 0.09 280
65 0.1255323270841788 1524288 0.09 280 0.09 280
66 0.12499196475371672 1546408 0.09 280 0.09 280
67 0.12445820208077557 1568508 0.09 280 0.09 280
68 0.12393226935791692 1590592 0.09 280 0.09 280
69 0.12341536451967888 1612669 0.09 280 0.09 280
70 0.12290864760430688 1634723 0.09 280 0.09 280
71 0.12241323591070362 1656767 0.09 280 0.09 280
72 0.12193019987907118 1678790 0.09 280 0.09 280
73 0.12146055915284508 1700811 0.09 280 0.09 280
74 0.12100527707863795 1722802 0.09 280 0.09 280
75 0.12056524994155136 1744779 0.09 280 0.09 280
76 0.12014128438079692 1766750 0.09 280 0.09 280
77 0.11973405266485619 1788697 0.09 280 0.09 280
78 0.11934401125125767 1810631 0.09 280 0.09 280
79 0.11897126491451358 1832552 0.09 280 0.09 280
80 0.11861536077095702 1854460 0.09 280 0.09 280
81 0.1182750117723141 1876352 0.09 280 0.09 280
82 0.11794778900598525 1898231 0.09 280 0.09 280
83 0.11762989276025802 1920119 0.09 280 0.09 280
84 0.11731619258817944 1941971 0.09 280 0.09 280
85 0.11700074002938676 1963815 0.09 280 0.09 280
86 0.11667779393502635 1985643 0.09 280 0.09 280
87 0.11634305480278646 2007457 0.09 280 0.09 280
88 0.11599454171023414 2029258 0.09 280 0.09 280
89 0.11563270525711784 2051047 0.09 280 0.09 280
90 0.11525987476795367 2072835 0.09 280 0.09 280
91 0.11487946753202122 2094599 0.09 280 0.09 280
92 0.11449527938669443 2116352 0.09 280 0.09 280
93 0.11411093111306536 2138091 0.09 280 0.09 280
94 0.11372946888753448 2159818 0.09 280 0.09 280
95 0.11335314571246577 2181533 0.09 280 0.09 280
96 0.11298339457466254 2203237 0.09 280 0.09 280
97 0.11262094747422408 2224927 0.09 280 0.09 280
98 0.112266023150001 2246607 0.09 280 0.09 280
99 0.11191851677088277 2268279 0.09 280 0.09 280
