0 0.9590541863629181 26649 0.02 300 0.02 300
1 0.9496681863861367 53261 0.02 300 0.02 300
2 0.9181879951426799 79811 0.02 300 0.02 300
3 0.8255618464844494 106255 0.02 300 0.02 300
4 0.7186424138078065 132708 0.02 300 0.02 300
5 0.6289830806910961 159161 0.02 300 0.02 300
6 0.5668861526545437 185606 0.02 300 0.02 300
7 0.5162873266455331 212039 0.02 300 0.02 300
8 0.47225509690548295 238459 0.02 300 0.02 300
9 0.43586304234006207 264868 0.02 300 0.02 300
10 0.40786897784379056 291264 0.02 300 0.02 300
11 0.3858861200932841 317649 0.02 300 0.02 300
12 0.36698358528976166 344030 0.02 300 0.02 300
13 0.34955834453833157 370402 0.02 300 0.02 300
14 0.3331676779969804 396757 0.02 300 0.02 300
15 0.3178965066678351 423099 0.02 300 0.02 300
16 0.3039556937150893 449437 0.02 300 0.02 300
17 0.2915190008498064 475762 0.02 300 0.02 300
18 0.2806640148357057 502088 0.02 300 0.02 300
19 0.2713482530915311 528396 0.02 300 0.02 300
20 0.2634219432939627 554696 0.02 300 0.02 300
21 0.25667888420297064 580989 0.02 300 0.02 300
22 0.25091004157979085 607274 0.02 300 0.02 300
23 0.2459329399413048 633551 0.02 300 0.02 300
24 0.24159879685445287 659830 0.02 300 0.02 300
25 0.23778957805697537 686104 0.02 300 0.02 300
26 0.23441292080279105 712363 0.02 300 0.02 300
27 0.23139735274144035 738611 0.02 300 0.02 300
28 0.22868786545947623 764858 0.02 300 0.02 300
29 0.2262417208847407 791095 0.02 300 0.02 300
30 0.224024717099626 817325 0.02 300 0.02 300
31 0.22200824271849162 843551 0.02 300 0.02 300
32 0.22016726719479307 869766 0.02 300 0.02 300
33 0.21847917178036938 895979 0.02 300 0.02 300
34 0.2169231920921888 922186 0.02 300 0.02 300
35 0.21548023571170222 948384 0.02 300 0.02 300
36 0.21413288935473407 974598 0.02 300 0.02 300
37 0.2128654852845599 1000785 0.02 300 0.02 300
38 0.21166414255257202 1026965 0.02 300 0.02 300
39 0.21051673990942443 1053137 0.02 300 0.02 300
40 0.20941281465738176 1079307 0.02 300 0.02 300
41 0.2083434096205812 1105467 0.02 300 0.02 300
42 0.20730090287321087 1131623 0.02 300 0.02 300
43 0.2062788511421446 1157771 0.02 300 0.02 300
44 0.2052718632639656 1183912 0.02 300 0.02 300
45 0.20427550321230187 1210048 0.02 300 0.02 300
46 0.20328621032274405 1236177 0.02 300 0.02 300
47 0.20230122076245952 1262301 0.02 300 0.02 300
48 0.2013184781612884 1288416 0.02 300 0.02 300
49 0.20033652918867534 1314526 0.02 300 0.02 300
50 0.1993544078288407 1340631 0.02 300 0.02 300
51 0.19837151748224713 1366728 0.02 300 0.02 300
52 0.19738752187522174 1392821 0.02 300 0.02 300
53 0.19640225449505566 1418907 0.02 300 0.02 300
54 0.1954156528830153 1444988 0.02 300 0.02 300
55 0.19442771973969344 1471061 0.02 300 0.02 300
56 0.19343850852895375 1497128 0.02 300 0.02 300
57 0.1924481280496188 1523200 0.02 300 0.02 300
58 0.19145675881639732 1549256 0.02 300 0.02 300
59 0.19046467403933634 1575316 0.02 300 0.02 300
60 0.1894722590763018 1601369 0.02 300 0.02 300
61 0.1884800248992146 1627446 0.02 300 0.02 300
62 0.18748861292635122 1653475 0.02 300 0.02 300
63 0.18649879027545554 1679501 0.02 300 0.02 300
64 0.18551143595244768 1705519 0.02 300 0.02 300
65 0.1845275196196767 1731529 0.02 300 0.02 300
66 0.18354807530821524 1757533 0.02 300 0.02 300
67 0.18257417270305387 1783533 0.02 300 0.02 300
68 0.1816068884635102 1809523 0.02 300 0.02 300
69 0.1806472795600979 1835510 0.02 300 0.02 300
70 0.17969635998380384 1861489 0.02 300 0.02 300
71 0.17875508157132583 1887465 0.02 300 0.02 300
72 0.17782431918577818 1913432 0.02 300 0.02 300
73 0.17690486012789594 1939403 0.02 300 0.02 300
74 0.17599739742088605 1965359 0.02 300 0.02 300
75 0.1751025264917729 1991310 0.02 300 0.02 300
76 0.17422074473836624 2017255 0.02 300 0.02 300
77 0.17335245349531456 2043193 0.02 300 0.02 300
78 0.17249796196416675 2069129 0.02 300 0.02 300
79 0.17165749272280165 2095056 0.02 300 0.02 300
80 0.17083118846114387 2120978 0.02 300 0.02 300
81 0.17001911959945926 2146894 0.02 300 0.02 300
82 0.16922129244258913 2172804 0.02 300 0.02 300
83 0.16843765752462397 2198710 0.02 300 0.02 300
84 0.16766811781845978 2224609 0.02 300 0.02 300
85 0.16691253653004906 2250504 0.02 300 0.02 300
86 0.16617074426506495 2276401 0.02 300 0.02 300
87 0.1654425454357934 2302285 0.02 300 0.02 300
88 0.16472772385549572 2328175 0.02 300 0.02 300
89 0.16402604753508165 2354050 0.02 300 0.02 300
90 0.16333727274599116 2379931 0.02 300 0.02 300
91 0.16266114744198706 2405794 0.02 300 0.02 300
92 0.1619974141432898 2431658 0.02 300 0.02 300
93 0.1613458123835062 2457513 0.02 300 0.02 300
94 0.1607060808078691 2483362 0.02 300 0.02 300
95 0.16007795899467905 2509208 0.02 300 0.02 300
96 0.1594611890533966 2535049 0.02 300 0.02 300
97 0.15885551703468676 2560887 0.02 300 0.02 300
98 0.15826069417104885 2586718 0.02 300 0.02 300
99 0.15767647795247344 2612545 0.02 300 0.02 300
