0 0.9552099518498164 23000 0.02 260 0.02 260
1 0.9344795418334139 46062 0.02 260 0.02 260
2 0.8938595254459674 69125 0.02 260 0.02 260
3 0.818554953898322 92189 0.02 260 0.02 260
4 0.7188540562586513 115266 0.02 260 0.02 260
5 0.6267400420398755 138337 0.02 260 0.02 260
6 0.5522606256448923 161411 0.02 260 0.02 260
7 0.4890873078681595 184465 0.02 260 0.02 260
8 0.4397648488296728 207510 0.02 260 0.02 260
9 0.40329738740578913 230548 0.02 260 0.02 260
10 0.37441213887955554 253579 0.02 260 0.02 260
11 0.35053496834631087 276600 0.02 260 0.02 260
12 0.33119947352788204 299607 0.02 260 0.02 260
13 0.31587589117025594 322608 0.02 260 0.02 260
14 0.30366357198282146 345603 0.02 260 0.02 260
15 0.29365183886387153 368595 0.02 260 0.02 260
16 0.2851229657417728 391576 0.02 260 0.02 260
17 0.27759054123125043 414552 0.02 260 0.02 260
18 0.2707576365920735 437512 0.02 260 0.02 260
19 0.2644540055371623 460464 0.02 260 0.02 260
20 0.258585124839013 483409 0.02 260 0.02 260
21 0.2531003707614672 506419 0.02 260 0.02 260
22 0.24797453068838368 529351 0.02 260 0.02 260
23 0.243196030117051 552273 0.02 260 0.02 260
24 0.2387588064122655 575190 0.02 260 0.02 260
25 0.23465712699530586 598103 0.02 260 0.02 260
26 0.23088284891938973 621009 0.02 260 0.02 260
27 0.22742414816463163 643903 0.02 260 0.02 260
28 0.2242649314618909 666787 0.02 260 0.02 260
29 0.22138480924042256 689668 0.02 260 0.02 260
30 0.21875983590263642 712540 0.02 260 0.02 260
31 0.21636394276955792 735409 0.02 260 0.02 260
32 0.21417057657675956 758270 0.02 260 0.02 260
33 0.21215400848532076 781140 0.02 260 0.02 260
34 0.21029007545029305 803985 0.02 260 0.02 260
35 0.20855644364772785 826821 0.02 260 0.02 260
36 0.20693262978421745 849657 0.02 260 0.02 260
37 0.20539997944571883 872485 0.02 260 0.02 260
38 0.20394169660233236 895303 0.02 260 0.02 260
39 0.20254293892477784 918112 0.02 260 0.02 260
40 0.20119095639054826 940916 0.02 260 0.02 260
41 0.1998752327899273 963727 0.02 260 0.02 260
42 0.19858757894164464 986530 0.02 260 0.02 260
43 0.1973221287366035 1009318 0.02 260 0.02 260
44 0.19607520959981553 1032102 0.02 260 0.02 260
45 0.19484509050827215 1054873 0.02 260 0.02 260
46 0.19363163953189103 1077640 0.02 260 0.02 260
47 0.19243593840375456 1100403 0.02 260 0.02 260
48 0.19125990123533557 1123161 0.02 260 0.02 260
49 0.19010593232304623 1145910 0.02 260 0.02 260
50 0.18897664109380155 1168652 0.02 260 0.02 260
51 0.1878746167716203 1191387 0.02 260 0.02 260
52 0.186802254728232 1214118 0.02 260 0.02 260
53 0.18576162177452782 1236846 0.02 260 0.02 260
54 0.18475434889647957 1259569 0.02 260 0.02 260
55 0.18378154653383105 1282283 0.02 260 0.02 260
56 0.1828437471818151 1304989 0.02 260 0.02 260
57 0.18194088818518078 1327692 0.02 260 0.02 260
58 0.18107234849303785 1350393 0.02 260 0.02 260
59 0.1802370439426466 1373087 0.02 260 0.02 260
60 0.17943356907406136 1395774 0.02 260 0.02 260
61 0.17866035738854916 1418452 0.02 260 0.02 260
62 0.17791582501651232 1441134 0.02 260 0.02 260
63 0.1771984691633841 1463805 0.02 260 0.02 260
64 0.1765069096264673 1486471 0.02 260 0.02 260
65 0.17583988096493594 1509132 0.02 260 0.02 260
66 0.17519619574198197 1531786 0.02 260 0.02 260
67 0.17457470120580662 1554432 0.02 260 0.02 260
68 0.17397424510783357 1577071 0.02 260 0.02 260
69 0.17339365736746667 1599707 0.02 260 0.02 260
70 0.17283174782413788 1622339 0.02 260 0.02 260
71 0.17228731706842768 1644963 0.02 260 0.02 260
72 0.17175917570922633 1667578 0.02 260 0.02 260
73 0.1712461663269946 1690187 0.02 260 0.02 260
74 0.1707471820026505 1712791 0.02 260 0.02 260
75 0.17026117633352006 1735397 0.02 260 0.02 260
76 0.16978716234459088 1757991 0.02 260 0.02 260
77 0.16932420097298698 1780586 0.02 260 0.02 260
78 0.16887138272877672 1803166 0.02 260 0.02 260
79 0.1684278077792796 1825741 0.02 260 0.02 260
80 0.1679925697106425 1848313 0.02 260 0.02 260
81 0.16756474683902503 1870892 0.02 260 0.02 260
82 0.16714340278686823 1893484 0.02 260 0.02 260
83 0.1667275957937851 1916044 0.02 260 0.02 260
84 0.16631639445236096 1938594 0.02 260 0.02 260
85 0.16590889657132352 1961169 0.02 260 0.02 260
86 0.16550424774089717 1983713 0.02 260 0.02 260
87 0.16510165675230648 2006249 0.02 260 0.02 260
88 0.16470040600848176 2028775 0.02 260 0.02 260
89 0.1642998561388286 2051296 0.02 260 0.02 260
90 0.1638994449708572 2073812 0.02 260 0.02 260
91 0.163498681718079 2096333 0.02 260 0.02 260
92 0.1630971377065563 2118841 0.02 260 0.02 260
93 0.16269443519333115 2141354 0.02 260 0.02 260
94 0.16229023583690996 2163848 0.02 260 0.02 260
95 0.1618842301809357 2186339 0.02 260 0.02 260
96 0.1614761291538572 2208831 0.02 260 0.02 260
97 0.16106565814755053 2231316 0.02 260 0.02 260
98 0.16065255381079696 2253794 0.02 260 0.02 260
99 0.160236563362272 2276264 0.02 260 0.02 260
