0 0.955195994659838 12442 0.01 140
1 0.9541389617917095 24849 0.01 140
2 0.9527603973296483 37257 0.01 140
3 0.9507764649731804 49664 0.01 140
4 0.9476249521924403 62072 0.01 140
5 0.942016561689216 74483 0.01 140
6 0.9308609853380194 86890 0.01 140
7 0.9098770111794617 99302 0.01 140
8 0.8800598844327295 111711 0.01 140
9 0.8396625443299923 124119 0.01 140
10 0.7857327033032069 136528 0.01 140
11 0.7279765280172094 148946 0.01 140
12 0.6755803411031953 161356 0.01 140
13 0.6301152854863651 173767 0.01 140
14 0.5911134509289003 186165 0.01 140
15 0.5574676890123652 198558 0.01 140
16 0.5281672118977941 210945 0.01 140
17 0.5025555356462836 223330 0.01 140
18 0.48009155590368274 235705 0.01 140
19 0.46026229996316786 248080 0.01 140
20 0.44262579386423423 260445 0.01 140
21 0.4268435653394836 272824 0.01 140
22 0.41267460419616875 285185 0.01 140
23 0.39993982069675726 297536 0.01 140
24 0.3884777110052546 309888 0.01 140
25 0.3781175300491026 322232 0.01 140
26 0.3686803018189945 334573 0.01 140
27 0.3599970671048808 346910 0.01 140
28 0.3519274443009422 359243 0.01 140
29 0.3443682382260683 371578 0.01 140
30 0.337251360144714 383904 0.01 140
31 0.3305357602236704 396229 0.01 140
32 0.32419794438120486 408547 0.01 140
33 0.3182232249336451 420862 0.01 140
34 0.31259871562044184 433175 0.01 140
35 0.3073090529666061 445484 0.01 140
36 0.30233510692838134 457790 0.01 140
37 0.2976547792601726 470091 0.01 140
38 0.2932446526953146 482387 0.01 140
39 0.28908169745262746 494680 0.01 140
40 0.2851446760945674 506969 0.01 140
41 0.2814150777024088 519261 0.01 140
42 0.277877529873185 531545 0.01 140
43 0.2745197548432683 543831 0.01 140
44 0.27133220702710026 556107 0.01 140
45 0.2683075324112423 568382 0.01 140
46 0.26543995435014345 580656 0.01 140
47 0.26272465197646594 592926 0.01 140
48 0.2601571758685027 605195 0.01 140
49 0.25773294064234725 617477 0.01 140
50 0.255446834079518 629738 0.01 140
51 0.2532929747955544 641997 0.01 140
52 0.2512646307337404 654253 0.01 140
53 0.2493542843285096 666512 0.01 140
54 0.24755380740589744 678763 0.01 140
55 0.24585469780063768 691015 0.01 140
56 0.24424833179219835 703264 0.01 140
57 0.24272619768328307 715509 0.01 140
58 0.24128009011116644 727754 0.01 140
59 0.23990225726934464 739995 0.01 140
60 0.23858550195423092 752236 0.01 140
61 0.23732324215742762 764472 0.01 140
62 0.2361095387514802 776705 0.01 140
63 0.2349390978131892 788936 0.01 140
64 0.23380725422277182 801165 0.01 140
65 0.23270994198072886 813397 0.01 140
66 0.2316436555288324 825641 0.01 140
67 0.23060540538173077 837865 0.01 140
68 0.2295926705912156 850094 0.01 140
69 0.22860334994822987 862314 0.01 140
70 0.22763571334222546 874533 0.01 140
71 0.226688354316096 886755 0.01 140
72 0.2257601445591455 898968 0.01 140
73 0.22485019085691213 911184 0.01 140
74 0.2239577948526304 923393 0.01 140
75 0.22308241585805333 935601 0.01 140
76 0.2222236368687788 947807 0.01 140
77 0.2213811338802992 960011 0.01 140
78 0.22055464855649284 972216 0.01 140
79 0.21974396426552925 984417 0.01 140
80 0.2189488854642275 996619 0.01 140
81 0.21816922037785716 1008816 0.01 140
82 0.21740476688669189 1021010 0.01 140
83 0.21665530149329287 1033207 0.01 140
84 0.21592057120634273 1045398 0.01 140
85 0.21520028813961126 1057591 0.01 140
86 0.21449412659025288 1069778 0.01 140
87 0.21380172233109423 1081964 0.01 140
88 0.2131226738286339 1094147 0.01 140
89 0.21245654508327402 1106329 0.01 140
90 0.2118028697815565 1118512 0.01 140
91 0.21116115645198436 1130689 0.01 140
92 0.21053089432585162 1142869 0.01 140
93 0.209911559621605 1155043 0.01 140
94 0.20930262199433802 1167214 0.01 140
95 0.20870355091978599 1179463 0.01 140
96 0.20811382181302204 1191722 0.01 140
97 0.207532921714786 1203979 0.01 140
98 0.2069603544115059 1216234 0.01 140
99 0.20639564488771459 1228491 0.01 140
