0 0.6812222436128451 14206 0.09 160
1 0.32900531220707696 28320 0.09 160
2 0.25947165517926496 42353 0.09 160
3 0.2320145407625113 56328 0.09 160
4 0.21749059561681774 70258 0.09 160
5 0.2080360066561477 84145 0.09 160
6 0.2003746426210596 97998 0.09 160
7 0.19351475021768796 111806 0.09 160
8 0.18738474711858458 125580 0.09 160
9 0.18200952537157528 139311 0.09 160
10 0.17734715860012978 153010 0.09 160
11 0.17333961337576637 166670 0.09 160
12 0.1699358670589583 180298 0.09 160
13 0.16707956026499535 193891 0.09 160
14 0.16470107445579638 207455 0.09 160
15 0.1627235251436013 220980 0.09 160
16 0.16107181513822297 234475 0.09 160
17 0.15967720761269227 247942 0.09 160
18 0.15847793995306228 261378 0.09 160
19 0.15741892594869922 274793 0.09 160
20 0.15645207286545257 288172 0.09 160
21 0.15553707201979697 301536 0.09 160
22 0.15464214801769915 314861 0.09 160
23 0.15374452520591222 328161 0.09 160
24 0.15283051687157462 341433 0.09 160
25 0.15189507591087625 354688 0.09 160
26 0.150940586919593 367918 0.09 160
27 0.14997477350581695 381127 0.09 160
28 0.149007867015699 394310 0.09 160
29 0.14804954582399027 407475 0.09 160
30 0.1471064084134567 420666 0.09 160
31 0.14618066556397044 433802 0.09 160
32 0.14527029959581114 446907 0.09 160
33 0.14437039500337095 459995 0.09 160
34 0.14347502524605588 473067 0.09 160
35 0.14257910627237122 486123 0.09 160
36 0.14167983279368745 499163 0.09 160
37 0.14077748363808393 512189 0.09 160
38 0.1398754859707082 525201 0.09 160
39 0.13897975624956188 538206 0.09 160
40 0.13809751370731552 551191 0.09 160
41 0.1372359053272041 564171 0.09 160
42 0.13640080243318004 577132 0.09 160
43 0.1355960233594719 590078 0.09 160
44 0.13482306796214874 603017 0.09 160
45 0.13408129484074097 615939 0.09 160
46 0.13336838238061033 628851 0.09 160
47 0.13268090149893488 641753 0.09 160
48 0.13201486845539565 654642 0.09 160
49 0.13136620453217981 667522 0.09 160
50 0.1307310787322797 680392 0.09 160
51 0.13010613964302692 693253 0.09 160
52 0.12948865538411522 706104 0.09 160
53 0.12887658264959656 718949 0.09 160
54 0.12826858305401576 731789 0.09 160
55 0.12766400078739906 744616 0.09 160
56 0.12706281157840368 757433 0.09 160
57 0.12646554977700547 770242 0.09 160
58 0.12587321824879896 783062 0.09 160
59 0.12528718483679602 795854 0.09 160
60 0.12470906934333893 808635 0.09 160
61 0.12414062600238591 821407 0.09 160
62 0.12358362766467491 834196 0.09 160
63 0.12303975869344301 846951 0.09 160
64 0.12251052330276736 859699 0.09 160
65 0.12199717460207495 872441 0.09 160
66 0.12150066724829128 885174 0.09 160
67 0.12102163396493353 897902 0.09 160
68 0.12056038388624976 910628 0.09 160
69 0.12011691911182452 923346 0.09 160
70 0.11969096509675921 936057 0.09 160
71 0.11928201041741107 948758 0.09 160
72 0.11888935182014483 961455 0.09 160
73 0.11851214107364952 974167 0.09 160
74 0.11814943085333708 986853 0.09 160
75 0.1178002175932277 999530 0.09 160
76 0.11746347989002077 1012202 0.09 160
77 0.11713821160524929 1024894 0.09 160
78 0.11682344927163871 1037556 0.09 160
79 0.11651829376889498 1050212 0.09 160
80 0.11622192650077508 1062862 0.09 160
81 0.11593362049271075 1075515 0.09 160
82 0.11565274695197794 1088155 0.09 160
83 0.11537877790368024 1100794 0.09 160
84 0.11511128554716064 1113427 0.09 160
85 0.11484993897918153 1126058 0.09 160
86 0.11459449891154863 1138687 0.09 160
87 0.11434481097901887 1151308 0.09 160
88 0.1141007981917697 1163921 0.09 160
89 0.11386245303391233 1176532 0.09 160
90 0.1136298296396666 1189137 0.09 160
91 0.11340303638419043 1201744 0.09 160
92 0.11318222909989645 1214341 0.09 160
93 0.11296760496879057 1226934 0.09 160
94 0.11275939695041694 1239525 0.09 160
95 0.11255786839470168 1252110 0.09 160
96 0.11236330727894053 1264694 0.09 160
97 0.11217601932516828 1277272 0.09 160
98 0.11199631912913635 1289914 0.09 160
99 0.11182451839561854 1302591 0.09 160
