0 0.9569714064659487 12421 0.02 140
1 0.9533404797272083 24829 0.02 140
2 0.9431223515222772 37233 0.02 140
3 0.9051071286303936 49641 0.02 140
4 0.8272792658102384 62123 0.02 140
5 0.7099075243227535 74620 0.02 140
6 0.6124299635160608 87109 0.02 140
7 0.5416974893993382 99587 0.02 140
8 0.4888781237880698 112055 0.02 140
9 0.44868552205524564 124509 0.02 140
10 0.4170678441289845 136957 0.02 140
11 0.39155169038962234 149391 0.02 140
12 0.37038310277372555 161816 0.02 140
13 0.352094182673515 174233 0.02 140
14 0.3358508159423433 186641 0.02 140
15 0.3213754480043276 199044 0.02 140
16 0.30858735483569844 211438 0.02 140
17 0.2973856600740333 223825 0.02 140
18 0.28762873527986366 236204 0.02 140
19 0.2791652263356232 248575 0.02 140
20 0.27184876282661297 260945 0.02 140
21 0.2655405590243771 273302 0.02 140
22 0.2601033144292955 285659 0.02 140
23 0.2553980727281508 298006 0.02 140
24 0.2512897304795889 310347 0.02 140
25 0.24765536745063438 322684 0.02 140
26 0.2443897313810708 335016 0.02 140
27 0.24140712042203202 347345 0.02 140
28 0.23864081984962832 359666 0.02 140
29 0.23604109020425026 371983 0.02 140
30 0.2335724238336485 384294 0.02 140
31 0.23121061595122316 396601 0.02 140
32 0.22894000161970776 408908 0.02 140
33 0.22675103189143764 421207 0.02 140
34 0.22463824792020035 433505 0.02 140
35 0.22259865455267355 445794 0.02 140
36 0.2206304724356863 458080 0.02 140
37 0.21873224001975555 470362 0.02 140
38 0.21690223098619182 482638 0.02 140
39 0.21513814445004156 494915 0.02 140
40 0.2134370166495728 507184 0.02 140
41 0.21179529702797226 519448 0.02 140
42 0.21020903057485735 531709 0.02 140
43 0.20867409221635466 543964 0.02 140
44 0.20718642714700264 556223 0.02 140
45 0.20574226201836932 568471 0.02 140
46 0.20433826423854132 580718 0.02 140
47 0.20297163865834728 592957 0.02 140
48 0.20164016132194465 605191 0.02 140
49 0.20034215793442606 617422 0.02 140
50 0.19907643988258686 629657 0.02 140
51 0.19784221301856783 641881 0.02 140
52 0.19663897426466645 654100 0.02 140
53 0.19546640897934262 666314 0.02 140
54 0.19432429868284237 678525 0.02 140
55 0.1932124449603433 690731 0.02 140
56 0.1921306118212955 702939 0.02 140
57 0.19107848597473942 715138 0.02 140
58 0.19005565262386387 727339 0.02 140
59 0.18906158350746036 739531 0.02 140
60 0.1880956338649457 751720 0.02 140
61 0.18715704551484158 763905 0.02 140
62 0.18624495402545965 776091 0.02 140
63 0.18535839876912716 788273 0.02 140
64 0.18449633531152382 800454 0.02 140
65 0.1836576500061736 812626 0.02 140
66 0.18284117682611298 824797 0.02 140
67 0.18204571640790765 836962 0.02 140
68 0.18127005707468866 849131 0.02 140
69 0.1805129973230475 861293 0.02 140
70 0.17977336897873245 873454 0.02 140
71 0.17905006000960644 885608 0.02 140
72 0.17834203587228467 897760 0.02 140
73 0.17764835827841463 909909 0.02 140
74 0.17696820039313238 922067 0.02 140
75 0.1763008576999874 934214 0.02 140
76 0.17564575405183228 946356 0.02 140
77 0.17500244274080057 958494 0.02 140
78 0.17437060272975421 970629 0.02 140
79 0.17375003046447585 982762 0.02 140
80 0.17314062790890497 994897 0.02 140
81 0.17254238760013504 1007025 0.02 140
82 0.1719553755992904 1019153 0.02 140
83 0.17137971322169557 1031371 0.02 140
84 0.17081555837785892 1043490 0.02 140
85 0.1702630872659902 1055608 0.02 140
86 0.1697224770493146 1067727 0.02 140
87 0.1691938900451351 1079843 0.02 140
88 0.16867745985524857 1091954 0.02 140
89 0.16817327977680227 1104061 0.02 140
90 0.16768139374075303 1116165 0.02 140
91 0.16720178992397863 1128267 0.02 140
92 0.16673439706874887 1140370 0.02 140
93 0.1662790834243513 1152468 0.02 140
94 0.1658356581094645 1164567 0.02 140
95 0.16540387459038924 1176659 0.02 140
96 0.16498343588803027 1188749 0.02 140
97 0.16457400107189096 1200837 0.02 140
98 0.16417519257678603 1212922 0.02 140
99 0.16378660388992491 1225005 0.02 140
