0 0.7579107068980692 26720 0.08 300 0.08 300
1 0.3781478290801457 53333 0.08 300 0.08 300
2 0.2801921410808759 79847 0.08 300 0.08 300
3 0.2434876166342227 106191 0.08 300 0.08 300
4 0.22332634976807456 132368 0.08 300 0.08 300
5 0.2102570993879566 158489 0.08 300 0.08 300
6 0.20085958056718853 184552 0.08 300 0.08 300
7 0.19293314349331053 210556 0.08 300 0.08 300
8 0.18594611546365555 236518 0.08 300 0.08 300
9 0.1797372950031425 262411 0.08 300 0.08 300
10 0.17425547935139676 288255 0.08 300 0.08 300
11 0.16949145496840773 314046 0.08 300 0.08 300
12 0.16540109067720962 339787 0.08 300 0.08 300
13 0.16189479765986106 365483 0.08 300 0.08 300
14 0.15886534497509125 391130 0.08 300 0.08 300
15 0.15621633202210808 416740 0.08 300 0.08 300
16 0.15387700372913335 442301 0.08 300 0.08 300
17 0.15180061428425495 467827 0.08 300 0.08 300
18 0.14995515229046247 493313 0.08 300 0.08 300
19 0.14831639055747792 518777 0.08 300 0.08 300
20 0.1468643215421028 544186 0.08 300 0.08 300
21 0.14558075534585194 569566 0.08 300 0.08 300
22 0.1444477308172948 594902 0.08 300 0.08 300
23 0.143446962648829 620202 0.08 300 0.08 300
24 0.1425600917506646 645465 0.08 300 0.08 300
25 0.14176936661886375 670697 0.08 300 0.08 300
26 0.14105843643758673 695901 0.08 300 0.08 300
27 0.1404128998908612 721069 0.08 300 0.08 300
28 0.1398203487958291 746200 0.08 300 0.08 300
29 0.13927008024035675 771300 0.08 300 0.08 300
30 0.13875290754592295 796368 0.08 300 0.08 300
31 0.1382612325465928 821402 0.08 300 0.08 300
32 0.13778922379089142 846409 0.08 300 0.08 300
33 0.13733291341320372 871382 0.08 300 0.08 300
34 0.13689013894454158 896329 0.08 300 0.08 300
35 0.1364603445938088 921246 0.08 300 0.08 300
36 0.13604428250766631 946132 0.08 300 0.08 300
37 0.13564364349070385 971008 0.08 300 0.08 300
38 0.13526062893412816 995835 0.08 300 0.08 300
39 0.13489746975495545 1020639 0.08 300 0.08 300
40 0.13455590936070988 1045411 0.08 300 0.08 300
41 0.13423669197492458 1070158 0.08 300 0.08 300
42 0.13393912572250982 1094877 0.08 300 0.08 300
43 0.1336608086988414 1119577 0.08 300 0.08 300
44 0.13339760107297322 1144241 0.08 300 0.08 300
45 0.13314388720038456 1168872 0.08 300 0.08 300
46 0.13289310365478527 1193482 0.08 300 0.08 300
47 0.13263843580572657 1218065 0.08 300 0.08 300
48 0.1323735394720094 1242619 0.08 300 0.08 300
49 0.13209314567499483 1267169 0.08 300 0.08 300
50 0.13179345073797172 1291680 0.08 300 0.08 300
51 0.13147225805038626 1316165 0.08 300 0.08 300
52 0.1311288984871864 1340622 0.08 300 0.08 300
53 0.1307639987137217 1365058 0.08 300 0.08 300
54 0.13037918149838282 1389469 0.08 300 0.08 300
55 0.12997676782773934 1413855 0.08 300 0.08 300
56 0.12955951833982543 1438221 0.08 300 0.08 300
57 0.12913042177816694 1462558 0.08 300 0.08 300
58 0.1286925240537082 1486890 0.08 300 0.08 300
59 0.12824879084562507 1511188 0.08 300 0.08 300
60 0.12780200031823047 1535472 0.08 300 0.08 300
61 0.12735466487617153 1559754 0.08 300 0.08 300
62 0.1269089812593547 1583995 0.08 300 0.08 300
63 0.12646680759286555 1608211 0.08 300 0.08 300
64 0.12602966479707506 1632400 0.08 300 0.08 300
65 0.12559875830507614 1656578 0.08 300 0.08 300
66 0.12517501472259943 1680733 0.08 300 0.08 300
67 0.12475912734754228 1704866 0.08 300 0.08 300
68 0.12435160459293895 1728986 0.08 300 0.08 300
69 0.12395281627287327 1753082 0.08 300 0.08 300
70 0.12356303413070667 1777167 0.08 300 0.08 300
71 0.12318246455503322 1801231 0.08 300 0.08 300
72 0.12281127284234648 1825277 0.08 300 0.08 300
73 0.12244959944823461 1849317 0.08 300 0.08 300
74 0.12209756935880003 1873328 0.08 300 0.08 300
75 0.12175529603226964 1897328 0.08 300 0.08 300
76 0.12142288138094813 1921306 0.08 300 0.08 300
77 0.12110041308674008 1945271 0.08 300 0.08 300
78 0.12078796027564805 1969218 0.08 300 0.08 300
79 0.12048556830956468 1993155 0.08 300 0.08 300
80 0.12019325324965394 2017073 0.08 300 0.08 300
81 0.1199109964313802 2040985 0.08 300 0.08 300
82 0.11963873956008994 2064876 0.08 300 0.08 300
83 0.11937638075708586 2088766 0.08 300 0.08 300
84 0.11912377201697694 2112629 0.08 300 0.08 300
85 0.11888071853529869 2136478 0.08 300 0.08 300
86 0.11864698029633984 2160315 0.08 300 0.08 300
87 0.11842227615399821 2184138 0.08 300 0.08 300
88 0.11820629039193549 2207947 0.08 300 0.08 300
89 0.11799868143490601 2231745 0.08 300 0.08 300
90 0.11779909203915485 2255529 0.08 300 0.08 300
91 0.11760715995541951 2279302 0.08 300 0.08 300
92 0.11742252776085185 2303061 0.08 300 0.08 300
93 0.11724485032244102 2326809 0.08 300 0.08 300
94 0.11707379824396974 2350555 0.08 300 0.08 300
95 0.1169090557863525 2374277 0.08 300 0.08 300
96 0.11675031231588086 2398001 0.08 300 0.08 300
97 0.1165972474747272 2421700 0.08 300 0.08 300
98 0.1164495119612948 2445402 0.08 300 0.08 300
99 0.11630670773557435 2469082 0.08 300 0.08 300
