0 0.9617071992872683 19460 0.04 220 0.04 220
1 0.835178375567128 38904 0.04 220 0.04 220
2 0.629947483475276 58342 0.04 220 0.04 220
3 0.48223763318471197 77754 0.04 220 0.04 220
4 0.38419679985514515 97142 0.04 220 0.04 220
5 0.334144740951834 116555 0.04 220 0.04 220
6 0.30620654745463366 135899 0.04 220 0.04 220
7 0.2864692868232361 155225 0.04 220 0.04 220
8 0.2706350294830423 174545 0.04 220 0.04 220
9 0.2577081298490623 193840 0.04 220 0.04 220
10 0.24742242623621793 213120 0.04 220 0.04 220
11 0.23937630906374005 232403 0.04 220 0.04 220
12 0.23303828841817362 251655 0.04 220 0.04 220
13 0.22791382013422012 270894 0.04 220 0.04 220
14 0.22361082616782893 290126 0.04 220 0.04 220
15 0.21984042783713273 309345 0.04 220 0.04 220
16 0.21640378270517358 328553 0.04 220 0.04 220
17 0.2131749132173907 347748 0.04 220 0.04 220
18 0.21008098920150958 366930 0.04 220 0.04 220
19 0.20708480315998312 386099 0.04 220 0.04 220
20 0.20417183104076314 405257 0.04 220 0.04 220
21 0.2013408766906763 424403 0.04 220 0.04 220
22 0.19859671263795017 443535 0.04 220 0.04 220
23 0.19594423732346966 462656 0.04 220 0.04 220
24 0.19338467903785336 481765 0.04 220 0.04 220
25 0.19091436975758727 500864 0.04 220 0.04 220
26 0.18852576623267206 519950 0.04 220 0.04 220
27 0.18620961124270954 539027 0.04 220 0.04 220
28 0.18395704481759545 558093 0.04 220 0.04 220
29 0.18176096183873827 577148 0.04 220 0.04 220
30 0.17961648425636853 596191 0.04 220 0.04 220
31 0.17752076908804168 615230 0.04 220 0.04 220
32 0.1754724767430314 634253 0.04 220 0.04 220
33 0.173471172901081 653270 0.04 220 0.04 220
34 0.17151683087380185 672276 0.04 220 0.04 220
35 0.16960950232393598 691272 0.04 220 0.04 220
36 0.1677491563303513 710262 0.04 220 0.04 220
37 0.1659356496778245 729237 0.04 220 0.04 220
38 0.1641687766521771 748204 0.04 220 0.04 220
39 0.1624483478570211 767163 0.04 220 0.04 220
40 0.16077425940159965 786114 0.04 220 0.04 220
41 0.15914653027478898 805059 0.04 220 0.04 220
42 0.157565301353109 823988 0.04 220 0.04 220
43 0.1560308010469869 842909 0.04 220 0.04 220
44 0.1545432890862992 861821 0.04 220 0.04 220
45 0.1531029919060045 880725 0.04 220 0.04 220
46 0.15171004175115974 899621 0.04 220 0.04 220
47 0.15036442834261052 918509 0.04 220 0.04 220
48 0.14906596793149443 937388 0.04 220 0.04 220
49 0.14781429075089506 956260 0.04 220 0.04 220
50 0.1466088448579775 975139 0.04 220 0.04 220
51 0.14544891244248825 993996 0.04 220 0.04 220
52 0.14433363388418186 1012845 0.04 220 0.04 220
53 0.14326203501050766 1031687 0.04 220 0.04 220
54 0.14223305385536045 1050522 0.04 220 0.04 220
55 0.14124556441068986 1069350 0.04 220 0.04 220
56 0.1402983960718485 1088171 0.04 220 0.04 220
57 0.1393903484714073 1106986 0.04 220 0.04 220
58 0.13852020206910176 1125794 0.04 220 0.04 220
59 0.13768672522349443 1144595 0.04 220 0.04 220
60 0.1368886785837788 1163390 0.04 220 0.04 220
61 0.13612481759628306 1182176 0.04 220 0.04 220
62 0.13539389379915834 1200957 0.04 220 0.04 220
63 0.1346946554399215 1219730 0.04 220 0.04 220
64 0.13402584783092802 1238502 0.04 220 0.04 220
65 0.13338621377335455 1257266 0.04 220 0.04 220
66 0.13277449432907995 1276026 0.04 220 0.04 220
67 0.13218943018805002 1294779 0.04 220 0.04 220
68 0.13162976384756903 1313525 0.04 220 0.04 220
69 0.1310942427735242 1332266 0.04 220 0.04 220
70 0.13058162364324527 1351002 0.04 220 0.04 220
71 0.1300906776758127 1369732 0.04 220 0.04 220
72 0.12962019694484062 1388453 0.04 220 0.04 220
73 0.1291690014513757 1407167 0.04 220 0.04 220
74 0.12873594662126264 1425876 0.04 220 0.04 220
75 0.1283199307922194 1444578 0.04 220 0.04 220
76 0.12791990217979182 1463275 0.04 220 0.04 220
77 0.12753486476740133 1481965 0.04 220 0.04 220
78 0.127163882563808 1500651 0.04 220 0.04 220
79 0.12680608172254537 1519331 0.04 220 0.04 220
80 0.12646065013233374 1538014 0.04 220 0.04 220
81 0.1261268342701733 1556682 0.04 220 0.04 220
82 0.12580393335412957 1575347 0.04 220 0.04 220
83 0.1254912911189587 1594010 0.04 220 0.04 220
84 0.12518828582497854 1612664 0.04 220 0.04 220
85 0.12489431934675604 1631312 0.04 220 0.04 220
86 0.12460880632269318 1649958 0.04 220 0.04 220
87 0.12433116434870206 1668595 0.04 220 0.04 220
88 0.12406080607144845 1687227 0.04 220 0.04 220
89 0.12379713381481108 1705853 0.04 220 0.04 220
90 0.12353953711017167 1724475 0.04 220 0.04 220
91 0.12328739324374727 1743089 0.04 220 0.04 220
92 0.12304007070541845 1761698 0.04 220 0.04 220
93 0.12279693522049723 1780301 0.04 220 0.04 220
94 0.12255735785274258 1798948 0.04 220 0.04 220
95 0.12232072447367075 1817645 0.04 220 0.04 220
96 0.12208644570874552 1836367 0.04 220 0.04 220
97 0.12185396632469125 1855085 0.04 220 0.04 220
98 0.12162277295392684 1873796 0.04 220 0.04 220
99 0.12139239909889982 1892503 0.04 220 0.04 220
