0 0.9500150620086361 3625 0.01 40
1 0.949684316307206 7240 0.01 40
2 0.9492730436566992 10856 0.01 40
3 0.9487131509583431 14471 0.01 40
4 0.9478863799434747 18086 0.01 40
5 0.9465625692761515 21701 0.01 40
6 0.9442433163344407 25317 0.01 40
7 0.9397395285450485 28932 0.01 40
8 0.9301592792890928 32547 0.01 40
9 0.9105027471802706 36160 0.01 40
10 0.8807544104686528 39772 0.01 40
11 0.8495901960621254 43381 0.01 40
12 0.8193999458393239 46985 0.01 40
13 0.7859240658530566 50586 0.01 40
14 0.7480207387593767 54183 0.01 40
15 0.7088877739883367 57774 0.01 40
16 0.6709580869913266 61361 0.01 40
17 0.6353109163045129 64947 0.01 40
18 0.6026896256703818 68524 0.01 40
19 0.5734156898051264 72094 0.01 40
20 0.5471835560649053 75661 0.01 40
21 0.5236895113719519 79223 0.01 40
22 0.5034542005154052 82780 0.01 40
23 0.48747308661041144 86337 0.01 40
24 0.4759309347415931 89888 0.01 40
25 0.46796851048068555 93434 0.01 40
26 0.4623964500722305 96975 0.01 40
27 0.45822488754147 100514 0.01 40
28 0.4547807150189348 104048 0.01 40
29 0.4516436142768355 107584 0.01 40
30 0.44856723734846415 111114 0.01 40
31 0.4454209549079803 114640 0.01 40
32 0.4421483488418556 118164 0.01 40
33 0.43873814617494156 121689 0.01 40
34 0.43520459306066744 125208 0.01 40
35 0.43157463233673193 128732 0.01 40
36 0.42787993873788427 132245 0.01 40
37 0.4241522889968454 135758 0.01 40
38 0.4204208388164238 139267 0.01 40
39 0.41671022163450255 142775 0.01 40
40 0.4130390837702396 146281 0.01 40
41 0.4094192498209907 149784 0.01 40
42 0.40585577613681234 153285 0.01 40
43 0.4023478112387239 156783 0.01 40
44 0.3988898564667321 160280 0.01 40
45 0.39547300214389164 163774 0.01 40
46 0.3920859567083123 167265 0.01 40
47 0.3887159325684685 170754 0.01 40
48 0.3853495179651539 174240 0.01 40
49 0.38197357342867516 177724 0.01 40
50 0.3785760933085123 181205 0.01 40
51 0.3751469574365654 184682 0.01 40
52 0.3716785319746967 188157 0.01 40
53 0.36816609527664723 191628 0.01 40
54 0.364608056156013 195098 0.01 40
55 0.36100593768229555 198565 0.01 40
56 0.35736413985708015 202030 0.01 40
57 0.3536895471274309 205491 0.01 40
58 0.34999108041268373 208950 0.01 40
59 0.3462792971213176 212406 0.01 40
60 0.3425661181373275 215860 0.01 40
61 0.3388647078631401 219311 0.01 40
62 0.3351894601441791 222759 0.01 40
63 0.3315559775640774 226205 0.01 40
64 0.3279809073423833 229653 0.01 40
65 0.32448152734466296 233094 0.01 40
66 0.3210750506403466 236533 0.01 40
67 0.31777771329156534 239970 0.01 40
68 0.3146037955964406 243404 0.01 40
69 0.311564765860324 246838 0.01 40
70 0.3086687056926271 250272 0.01 40
71 0.3059200899738215 253703 0.01 40
72 0.3033198987429486 257130 0.01 40
73 0.30086597667658793 260598 0.01 40
74 0.2985535420588167 264022 0.01 40
75 0.2963757658738696 267444 0.01 40
76 0.29432436755926933 270870 0.01 40
77 0.29239018893025776 274288 0.01 40
78 0.29056371128945924 277705 0.01 40
79 0.2888354851202116 281120 0.01 40
80 0.287196455335395 284534 0.01 40
81 0.2856381832799149 287945 0.01 40
82 0.28415297987639415 291362 0.01 40
83 0.28273396805845286 294773 0.01 40
84 0.28137508953395696 298181 0.01 40
85 0.2800710661371804 301589 0.01 40
86 0.27881732337444454 304993 0.01 40
87 0.27760988439794393 308398 0.01 40
88 0.27644524549406574 311802 0.01 40
89 0.27532024700153435 315202 0.01 40
90 0.2742319541823363 318604 0.01 40
91 0.27317755992902887 322000 0.01 40
92 0.2721543159529417 325396 0.01 40
93 0.2711594931219838 328793 0.01 40
94 0.2701903668886564 332186 0.01 40
95 0.269244221391789 335587 0.01 40
96 0.26831836577063545 338978 0.01 40
97 0.26741015760888254 342375 0.01 40
98 0.26651703015573225 345763 0.01 40
99 0.2656365213024908 349154 0.01 40
