0 0.9551595652200062 15947 0.04 180
1 0.8518988718511972 31880 0.04 180
2 0.641125467818312 47812 0.04 180
3 0.4676104769377342 63716 0.04 180
4 0.3806777717956268 79585 0.04 180
5 0.33617471756200273 95429 0.04 180
6 0.3084811801265365 111243 0.04 180
7 0.287682398988383 127036 0.04 180
8 0.2714431454056229 142808 0.04 180
9 0.2590115010883148 158560 0.04 180
10 0.24952736033036588 174297 0.04 180
11 0.2419938582877734 190016 0.04 180
12 0.235666743003412 205725 0.04 180
13 0.23011252655241096 221420 0.04 180
14 0.22508037660271327 237097 0.04 180
15 0.22041819535674903 252766 0.04 180
16 0.21602988366173878 268426 0.04 180
17 0.2118403440105614 284064 0.04 180
18 0.20778441297864914 299688 0.04 180
19 0.2038202965674522 315306 0.04 180
20 0.19994141417551067 330905 0.04 180
21 0.19617152989527772 346493 0.04 180
22 0.19254793271757895 362073 0.04 180
23 0.18910476758639114 377638 0.04 180
24 0.1858636378183184 393189 0.04 180
25 0.18283166653815788 408732 0.04 180
26 0.1800044998601097 424258 0.04 180
27 0.17737120661248734 439771 0.04 180
28 0.17491858565625323 455275 0.04 180
29 0.17263372403201585 470765 0.04 180
30 0.17050489619643347 486246 0.04 180
31 0.16852147242698662 501712 0.04 180
32 0.1666734720336993 517180 0.04 180
33 0.16495110940261484 532636 0.04 180
34 0.16334445549064514 548077 0.04 180
35 0.16184325779673592 563509 0.04 180
36 0.16043693600196549 578928 0.04 180
37 0.15911473522424296 594334 0.04 180
38 0.1578659837763685 609732 0.04 180
39 0.15668038891522193 625128 0.04 180
40 0.15554831340888572 640509 0.04 180
41 0.1544609954295503 655883 0.04 180
42 0.15341069472372992 671250 0.04 180
43 0.15239076500040227 686607 0.04 180
44 0.15139566304480895 701956 0.04 180
45 0.1504209087807408 717303 0.04 180
46 0.14946301010079363 732639 0.04 180
47 0.14851936462886364 747967 0.04 180
48 0.14758814886440666 763293 0.04 180
49 0.14666820342737408 778610 0.04 180
50 0.1457589212064083 793922 0.04 180
51 0.1448601431375666 809227 0.04 180
52 0.14397206431867185 824539 0.04 180
53 0.14309515143977236 839830 0.04 180
54 0.14223007123231665 855119 0.04 180
55 0.14137762882452518 870397 0.04 180
56 0.1405387144680138 885668 0.04 180
57 0.13971425699379122 900937 0.04 180
58 0.13890518252426134 916197 0.04 180
59 0.13811237738466614 931458 0.04 180
60 0.13733665475274343 946718 0.04 180
61 0.1365787252248172 961962 0.04 180
62 0.1358391719978783 977201 0.04 180
63 0.13511843164214382 992437 0.04 180
64 0.13441678141382266 1007664 0.04 180
65 0.13373433375985705 1022886 0.04 180
66 0.13307103818041524 1038107 0.04 180
67 0.1324266900534217 1053327 0.04 180
68 0.13180094549784663 1068543 0.04 180
69 0.13119334094279142 1083749 0.04 180
70 0.13060331582514498 1098947 0.04 180
71 0.1300302367718014 1114143 0.04 180
72 0.12947342171698983 1129332 0.04 180
73 0.12893216262712034 1144518 0.04 180
74 0.12840574581119382 1159702 0.04 180
75 0.12789346913839564 1174876 0.04 180
76 0.1273946558232745 1190052 0.04 180
77 0.1269086647382691 1205219 0.04 180
78 0.12643489745027414 1220381 0.04 180
79 0.12597280234208827 1235538 0.04 180
80 0.12552187627222122 1250695 0.04 180
81 0.12508166425704634 1265844 0.04 180
82 0.12465175764172665 1280989 0.04 180
83 0.1242317911758899 1296140 0.04 180
84 0.12382143934102396 1311284 0.04 180
85 0.12342041220107652 1326418 0.04 180
86 0.12302845097532068 1341551 0.04 180
87 0.12264532346991135 1356676 0.04 180
88 0.12227081945606105 1371798 0.04 180
89 0.12190474605032137 1386920 0.04 180
90 0.12154692313617128 1402034 0.04 180
91 0.12119717886396252 1417155 0.04 180
92 0.12085534527491507 1432264 0.04 180
93 0.12052125410961782 1447367 0.04 180
94 0.12019473287743447 1462469 0.04 180
95 0.11987560127576656 1477566 0.04 180
96 0.11956366805414637 1492669 0.04 180
97 0.11925872841616217 1507761 0.04 180
98 0.11896056204264599 1522847 0.04 180
99 0.11866893180396429 1537931 0.04 180
