0 0.9468951591414797 5374 0.06 60
1 0.6941175766127484 10740 0.06 60
2 0.46018271452487564 16064 0.06 60
3 0.36310379799547493 21349 0.06 60
4 0.3123387306052956 26600 0.06 60
5 0.2845507182146949 31829 0.06 60
6 0.2675899017725784 37040 0.06 60
7 0.2558898614461224 42240 0.06 60
8 0.2474502541948437 47424 0.06 60
9 0.24102464459283662 52594 0.06 60
10 0.23566332034884568 57756 0.06 60
11 0.23081908073242022 62906 0.06 60
12 0.2262701032105612 68044 0.06 60
13 0.22197283878407711 73172 0.06 60
14 0.21795117020777904 78291 0.06 60
15 0.21422306301467792 83400 0.06 60
16 0.21075919762762582 88499 0.06 60
17 0.20748783612921773 93592 0.06 60
18 0.20432464989933372 98676 0.06 60
19 0.20119839327923983 103747 0.06 60
20 0.19806356415181847 108809 0.06 60
21 0.19490307843030044 113865 0.06 60
22 0.19172535123254286 118910 0.06 60
23 0.188558525865006 123947 0.06 60
24 0.1854432978553819 128975 0.06 60
25 0.18242508203241803 133996 0.06 60
26 0.1795460202286671 139009 0.06 60
27 0.17683769055854826 144014 0.06 60
28 0.17431594383288532 149013 0.06 60
29 0.17197928302225388 154003 0.06 60
30 0.16981141035181443 158986 0.06 60
31 0.16778719003685436 163963 0.06 60
32 0.16587967052503666 168933 0.06 60
33 0.16406510993590753 173898 0.06 60
34 0.1623243843076796 178858 0.06 60
35 0.1606418806764864 183814 0.06 60
36 0.15900430647426067 188768 0.06 60
37 0.15740075146000357 193715 0.06 60
38 0.1558235657702353 198656 0.06 60
39 0.15426896281651203 203592 0.06 60
40 0.15273678904091184 208525 0.06 60
41 0.1512296253426609 213454 0.06 60
42 0.14975164520642467 218382 0.06 60
43 0.14830756688100408 223303 0.06 60
44 0.14690188254015266 228222 0.06 60
45 0.14553842652588306 233138 0.06 60
46 0.1442202561541235 238051 0.06 60
47 0.1429497545548556 242963 0.06 60
48 0.14172883054672622 247872 0.06 60
49 0.14055909584964865 252781 0.06 60
50 0.13944194333944385 257686 0.06 60
51 0.13837850962643086 262589 0.06 60
52 0.13736955526434394 267490 0.06 60
53 0.13641532259836303 272390 0.06 60
54 0.13551543183866976 277289 0.06 60
55 0.1346688546235558 282189 0.06 60
56 0.13387397191710323 287093 0.06 60
57 0.1331286938316223 291987 0.06 60
58 0.1324306035171205 296880 0.06 60
59 0.13177708769202023 301774 0.06 60
60 0.13116542776362722 306665 0.06 60
61 0.13059284129486873 311554 0.06 60
62 0.13005647923442176 316442 0.06 60
63 0.12955339675763963 321334 0.06 60
64 0.1290805217651815 326220 0.06 60
65 0.12863464293670568 331106 0.06 60
66 0.1282124298380654 335991 0.06 60
67 0.1278104856609322 340876 0.06 60
68 0.12742542420915443 345760 0.06 60
69 0.12705395924583388 350642 0.06 60
70 0.12669299489434543 355527 0.06 60
71 0.12633970769935332 360407 0.06 60
72 0.1259916128191463 365287 0.06 60
73 0.12564660890972545 370165 0.06 60
74 0.12530299912968343 375047 0.06 60
75 0.12495948904864133 379926 0.06 60
76 0.1246151650181128 384802 0.06 60
77 0.12426945795135763 389681 0.06 60
78 0.12392209759563746 394556 0.06 60
79 0.12357306196779093 399430 0.06 60
80 0.123222526131452 404302 0.06 60
81 0.12287081390733515 409174 0.06 60
82 0.12251835525353803 414045 0.06 60
83 0.12216565093471399 418915 0.06 60
84 0.12181324492887576 423789 0.06 60
85 0.12146170405235604 428657 0.06 60
86 0.1211116036678403 433525 0.06 60
87 0.12076351808825252 438397 0.06 60
88 0.12041801431415315 443263 0.06 60
89 0.12007564792405669 448128 0.06 60
90 0.1197369601711202 452993 0.06 60
91 0.11940247556258067 457859 0.06 60
92 0.11907269939257992 462724 0.06 60
93 0.11874811488306905 467590 0.06 60
94 0.11842917979501746 472457 0.06 60
95 0.11811632262688464 477319 0.06 60
96 0.11780993881251844 482180 0.06 60
97 0.11751038762507458 487044 0.06 60
98 0.11721799072656103 491905 0.06 60
99 0.11693303341983073 496786 0.06 60
