0 0.9159889334141933 10745 0.07 120
1 0.5608054899048375 21463 0.07 120
2 0.3935000298442329 32127 0.07 120
3 0.3185799717590028 42746 0.07 120
4 0.28036225340180665 53321 0.07 120
5 0.2524671840218595 63859 0.07 120
6 0.2331510059101345 74368 0.07 120
7 0.2200334718760563 84842 0.07 120
8 0.2105894629037402 95292 0.07 120
9 0.20338086429164753 105718 0.07 120
10 0.19756315190777737 116123 0.07 120
11 0.1926010711913455 126508 0.07 120
12 0.18818158920877387 136873 0.07 120
13 0.18415286969391526 147223 0.07 120
14 0.18045942670334633 157552 0.07 120
15 0.17708352077970912 167868 0.07 120
16 0.174006122334658 178168 0.07 120
17 0.1711946764554842 188506 0.07 120
18 0.16860919605369507 198771 0.07 120
19 0.1662118816521617 209021 0.07 120
20 0.1639718661868293 219259 0.07 120
21 0.16186499473335403 229483 0.07 120
22 0.15987192135391978 239693 0.07 120
23 0.15797681795720442 249892 0.07 120
24 0.15616714508710008 260076 0.07 120
25 0.15443391670293957 270252 0.07 120
26 0.1527717626323989 280416 0.07 120
27 0.15117842956063907 290565 0.07 120
28 0.14965374690009303 300702 0.07 120
29 0.14819831991380844 310828 0.07 120
30 0.14681229328158393 320989 0.07 120
31 0.145494487627222 331096 0.07 120
32 0.14424207156871724 341192 0.07 120
33 0.14305074501884907 351283 0.07 120
34 0.14191525868531482 361363 0.07 120
35 0.14083003986149326 371433 0.07 120
36 0.13978973458744534 381500 0.07 120
37 0.1387895645291564 391556 0.07 120
38 0.13782548328013777 401604 0.07 120
39 0.13689417351115835 411643 0.07 120
40 0.13599294897626774 421681 0.07 120
41 0.13511962219161838 431706 0.07 120
42 0.13427238158251512 441726 0.07 120
43 0.13344970137343498 451741 0.07 120
44 0.13265029009438348 461748 0.07 120
45 0.13187307206248589 471748 0.07 120
46 0.13111719050717033 481749 0.07 120
47 0.1303820196602579 491740 0.07 120
48 0.1296671743979861 501725 0.07 120
49 0.1289725085589621 511704 0.07 120
50 0.12829809609100642 521683 0.07 120
51 0.1276441923860145 531659 0.07 120
52 0.12701117648384008 541623 0.07 120
53 0.12639947820977893 551585 0.07 120
54 0.12580949748461906 561540 0.07 120
55 0.1252415254104041 571489 0.07 120
56 0.12469567747834762 581436 0.07 120
57 0.12417184774471829 591376 0.07 120
58 0.12366968913418337 601311 0.07 120
59 0.12318862011504203 611242 0.07 120
60 0.12272785337674033 621175 0.07 120
61 0.12228643920251477 631104 0.07 120
62 0.12186331555102096 641023 0.07 120
63 0.1214573580932734 650941 0.07 120
64 0.12106742568607012 660852 0.07 120
65 0.12069239906166901 670759 0.07 120
66 0.12033121226604783 680663 0.07 120
67 0.11998287738314427 690563 0.07 120
68 0.11964650344033434 700460 0.07 120
69 0.11932131034252651 710353 0.07 120
70 0.11900663846909096 720248 0.07 120
71 0.11870195433376861 730134 0.07 120
72 0.1184068524765222 740017 0.07 120
73 0.11812105348751069 749900 0.07 120
74 0.11784439774678908 759776 0.07 120
75 0.11757683418136183 769649 0.07 120
76 0.11731840327007036 779518 0.07 120
77 0.11706921390841765 789385 0.07 120
78 0.11682941484753954 799248 0.07 120
79 0.11659916344153815 809108 0.07 120
80 0.11637859729141385 818970 0.07 120
81 0.11616781736436915 828824 0.07 120
82 0.11596689264584235 838676 0.07 120
83 0.11577589380950716 848525 0.07 120
84 0.11559495454912266 858371 0.07 120
85 0.11542434482519873 868214 0.07 120
86 0.1152645262259313 878055 0.07 120
87 0.11511615548154924 887896 0.07 120
88 0.1149800149350828 897731 0.07 120
89 0.11485687579994398 907562 0.07 120
90 0.11474732681409328 917397 0.07 120
91 0.11465160936381055 927224 0.07 120
92 0.11456948676076237 937050 0.07 120
93 0.1145001601987146 946873 0.07 120
94 0.11444224679242655 956693 0.07 120
95 0.11439384238660139 966509 0.07 120
96 0.11435267357466042 976323 0.07 120
97 0.11431630233573346 986139 0.07 120
98 0.11428231907009431 995949 0.07 120
99 0.11424847391314816 1005762 0.07 120
