0 0.9526027189189278 5385 0.05 60
1 0.8387563297211534 10770 0.05 60
2 0.569842740475686 16129 0.05 60
3 0.43234221524783667 21447 0.05 60
4 0.36271115252862984 26734 0.05 60
5 0.3203282239786503 31999 0.05 60
6 0.2939213754296979 37244 0.05 60
7 0.2769000611291197 42474 0.05 60
8 0.26482601800205985 47691 0.05 60
9 0.2556074072000048 52895 0.05 60
10 0.24839954577541762 58088 0.05 60
11 0.24266754499106835 63272 0.05 60
12 0.23793969084599464 68448 0.05 60
13 0.2338493390156564 73615 0.05 60
14 0.23015365749921018 78774 0.05 60
15 0.22671187074352792 83924 0.05 60
16 0.2234482030413511 89068 0.05 60
17 0.2203253087169738 94202 0.05 60
18 0.21733515290622477 99329 0.05 60
19 0.21449088941954228 104453 0.05 60
20 0.21181023140810498 109568 0.05 60
21 0.20929772273836425 114673 0.05 60
22 0.20693697035437156 119769 0.05 60
23 0.20469455868437128 124859 0.05 60
24 0.2025295049457126 129940 0.05 60
25 0.20040214691827682 135015 0.05 60
26 0.19827980028011583 140082 0.05 60
27 0.1961391588246099 145143 0.05 60
28 0.1939664617500861 150196 0.05 60
29 0.19175649518445653 155243 0.05 60
30 0.18951116831802275 160283 0.05 60
31 0.18723806370317037 165317 0.05 60
32 0.18494911187082627 170345 0.05 60
33 0.18265937998490997 175367 0.05 60
34 0.1803858754408343 180383 0.05 60
35 0.17814625397545533 185393 0.05 60
36 0.17595741624782688 190398 0.05 60
37 0.1738341714519863 195398 0.05 60
38 0.17178832077771128 200396 0.05 60
39 0.16982846316563022 205389 0.05 60
40 0.16796047839292483 210374 0.05 60
41 0.16618820965966763 215353 0.05 60
42 0.1645136984840863 220334 0.05 60
43 0.16293665167310148 225304 0.05 60
44 0.16145352736573435 230271 0.05 60
45 0.16005710833106376 235235 0.05 60
46 0.15873712237781326 240194 0.05 60
47 0.15748167827386883 245150 0.05 60
48 0.15627883161798975 250102 0.05 60
49 0.15511774960203178 255050 0.05 60
50 0.1539893339056956 259996 0.05 60
51 0.15288641715636384 264939 0.05 60
52 0.15180370411090358 269879 0.05 60
53 0.1507375833356657 274815 0.05 60
54 0.14968587961480476 279749 0.05 60
55 0.14864758394515698 284680 0.05 60
56 0.1476225836110855 289608 0.05 60
57 0.14661140915336657 294539 0.05 60
58 0.1456150114480841 299464 0.05 60
59 0.1446345776875982 304387 0.05 60
60 0.1436713892531323 309304 0.05 60
61 0.14272671873444517 314224 0.05 60
62 0.14180175983188087 319138 0.05 60
63 0.14089758322072243 324051 0.05 60
64 0.14001511231539623 328961 0.05 60
65 0.13915511361143523 333870 0.05 60
66 0.13831819666465658 338776 0.05 60
67 0.13750481971865858 343682 0.05 60
68 0.13671529899853543 348585 0.05 60
69 0.1359498217551033 353501 0.05 60
70 0.1352084636347098 358401 0.05 60
71 0.13449120946902857 363301 0.05 60
72 0.1337979746107144 368199 0.05 60
73 0.13312862328163738 373095 0.05 60
74 0.13248298139119782 377991 0.05 60
75 0.13186084295003178 382885 0.05 60
76 0.13126197056410444 387798 0.05 60
77 0.13068609123467745 392695 0.05 60
78 0.13013288897303837 397586 0.05 60
79 0.1296019958049384 402475 0.05 60
80 0.12909298272158043 407367 0.05 60
81 0.1286053520586225 412255 0.05 60
82 0.12813853263248529 417142 0.05 60
83 0.12769187871083573 422044 0.05 60
84 0.12726467352791904 426930 0.05 60
85 0.12685613757323824 431815 0.05 60
86 0.12646544129955742 436697 0.05 60
87 0.12609172125749193 441579 0.05 60
88 0.1257340980482043 446461 0.05 60
89 0.12539169400447875 451341 0.05 60
90 0.12506364829522207 456220 0.05 60
91 0.12474912732499643 461098 0.05 60
92 0.12444732894530228 465976 0.05 60
93 0.12415748008122254 470853 0.05 60
94 0.12387882873340235 475729 0.05 60
95 0.12361063262822018 480608 0.05 60
96 0.12335214767791643 485485 0.05 60
97 0.1231026195598882 490361 0.05 60
98 0.122861281015503 495232 0.05 60
99 0.1226273560684866 500105 0.05 60
