0 0.9522791634925177 10658 0.05 120
1 0.7681257676782358 21306 0.05 120
2 0.56148959814188 31936 0.05 120
3 0.442358197809401 42533 0.05 120
4 0.3636505181757303 53109 0.05 120
5 0.3208335415973136 63653 0.05 120
6 0.2954057877873182 74165 0.05 120
7 0.27488323597824393 84654 0.05 120
8 0.25681699000844965 95118 0.05 120
9 0.2422071681721039 105564 0.05 120
10 0.23110720633002407 115986 0.05 120
11 0.2226390534906003 126389 0.05 120
12 0.2159536570058817 136778 0.05 120
13 0.21048484935206282 147152 0.05 120
14 0.2058842443982517 157514 0.05 120
15 0.2019282710290073 167863 0.05 120
16 0.19845560086253503 178197 0.05 120
17 0.19533725938177776 188517 0.05 120
18 0.19246765405770014 198826 0.05 120
19 0.18976357652726034 209126 0.05 120
20 0.1871641763459765 219413 0.05 120
21 0.18462976310608756 229689 0.05 120
22 0.18213926688792573 239957 0.05 120
23 0.17968671420679033 250213 0.05 120
24 0.17727710959244455 260459 0.05 120
25 0.17492208579484064 270700 0.05 120
26 0.17263574812209453 280928 0.05 120
27 0.17043119056813158 291147 0.05 120
28 0.16831808298276676 301359 0.05 120
29 0.16630150740012703 311565 0.05 120
30 0.1643819407107239 321761 0.05 120
31 0.16255606424397698 331949 0.05 120
32 0.16081800174674502 342134 0.05 120
33 0.15916063047719328 352309 0.05 120
34 0.15757671553670133 362478 0.05 120
35 0.15605973103087734 372644 0.05 120
36 0.15460432931915527 382800 0.05 120
37 0.15320650011935893 392950 0.05 120
38 0.1518635026913784 403096 0.05 120
39 0.15057363218741548 413239 0.05 120
40 0.14933585735357932 423379 0.05 120
41 0.14814940077776467 433506 0.05 120
42 0.1470133658803745 443630 0.05 120
43 0.1459264913014488 453746 0.05 120
44 0.1448870575047512 463856 0.05 120
45 0.14389292287052713 473964 0.05 120
46 0.14294164305153093 484063 0.05 120
47 0.14203062431044533 494157 0.05 120
48 0.1411572702584519 504248 0.05 120
49 0.14031909539527573 514336 0.05 120
50 0.13951379399313843 524415 0.05 120
51 0.1387392659509835 534488 0.05 120
52 0.13799360994019325 544575 0.05 120
53 0.13727509771268753 554639 0.05 120
54 0.13658214268000715 564714 0.05 120
55 0.13591327246679294 574769 0.05 120
56 0.1352671107667139 584820 0.05 120
57 0.1346423697281376 594868 0.05 120
58 0.13403785102709742 604911 0.05 120
59 0.1334524520799864 614956 0.05 120
60 0.13288517347148407 624991 0.05 120
61 0.13233512429449268 635022 0.05 120
62 0.13180152324873176 645054 0.05 120
63 0.13128369459285785 655079 0.05 120
64 0.13078105910719637 665100 0.05 120
65 0.1302931209698577 675118 0.05 120
66 0.12981945185603005 685132 0.05 120
67 0.12935967367847465 695143 0.05 120
68 0.12891344126878623 705152 0.05 120
69 0.1284804260404958 715155 0.05 120
70 0.12806030136314897 725160 0.05 120
71 0.12765273008323255 735160 0.05 120
72 0.12725735440001956 745158 0.05 120
73 0.12687378815843992 755153 0.05 120
74 0.12650161154716896 765147 0.05 120
75 0.12614036816231208 775142 0.05 120
76 0.12578956438618205 785129 0.05 120
77 0.1254486710140374 795119 0.05 120
78 0.1251171270280667 805102 0.05 120
79 0.1247943453669139 815082 0.05 120
80 0.12447972047700648 825063 0.05 120
81 0.12417263736688777 835039 0.05 120
82 0.1238724818238907 845013 0.05 120
83 0.1235786513977542 854984 0.05 120
84 0.12329056671203074 864957 0.05 120
85 0.12300768263721584 874927 0.05 120
86 0.1227294988572783 884892 0.05 120
87 0.12245556938992277 894861 0.05 120
88 0.12218551068095486 904823 0.05 120
89 0.12191900797765753 914783 0.05 120
90 0.12165581978385039 924740 0.05 120
91 0.12139578030002544 934695 0.05 120
92 0.12113879985140262 944649 0.05 120
93 0.1208848634065332 954602 0.05 120
94 0.12063402739354141 964558 0.05 120
95 0.12038641513036195 974506 0.05 120
96 0.12014221129158455 984453 0.05 120
97 0.1199016559207744 994403 0.05 120
98 0.11966503854135932 1004347 0.05 120
99 0.11943269290001965 1014376 0.05 120
