0 0.9546544044154675 5374 0.04 60
1 0.9289975556223857 10744 0.04 60
2 0.7430819311798015 16109 0.04 60
3 0.5517656915402988 21457 0.04 60
4 0.4455794557887881 26774 0.04 60
5 0.3850233732032467 32068 0.04 60
6 0.345196055564662 37339 0.04 60
7 0.31683956324828894 42594 0.04 60
8 0.2965452467243695 47841 0.04 60
9 0.2819767018796669 53071 0.04 60
10 0.27112780200481873 58290 0.04 60
11 0.26260536809211305 63499 0.04 60
12 0.2556395604778242 68699 0.04 60
13 0.2498447923717812 73890 0.04 60
14 0.24497472272152404 79075 0.04 60
15 0.24081601737610736 84251 0.04 60
16 0.2371849341557535 89421 0.04 60
17 0.23393962713260003 94588 0.04 60
18 0.2309774596955107 99744 0.04 60
19 0.2282268426540325 104895 0.04 60
20 0.22563898649543943 110039 0.04 60
21 0.22318031869799007 115179 0.04 60
22 0.22082722896081936 120312 0.04 60
23 0.21856323645623557 125442 0.04 60
24 0.21637745314947934 130568 0.04 60
25 0.21426377599949512 135683 0.04 60
26 0.2122205290073927 140792 0.04 60
27 0.21024998475934156 145899 0.04 60
28 0.20835698975347805 150999 0.04 60
29 0.2065464571647297 156091 0.04 60
30 0.2048205276748866 161176 0.04 60
31 0.20317664535480337 166256 0.04 60
32 0.20160724541480332 171331 0.04 60
33 0.20010084626213495 176399 0.04 60
34 0.19864381428322297 181461 0.04 60
35 0.19722210651542996 186520 0.04 60
36 0.19582261769513526 191573 0.04 60
37 0.19443405037194225 196619 0.04 60
38 0.1930473752291219 201659 0.04 60
39 0.1916559867923546 206695 0.04 60
40 0.19025565049916088 211726 0.04 60
41 0.1888443197945942 216753 0.04 60
42 0.18742188753548958 221781 0.04 60
43 0.18598992080679555 226800 0.04 60
44 0.18455140795647715 231811 0.04 60
45 0.18311052251898058 236820 0.04 60
46 0.18167238630943885 241829 0.04 60
47 0.18024279945774835 246829 0.04 60
48 0.17882790302838397 251824 0.04 60
49 0.17743375407637985 256818 0.04 60
50 0.17606582791185013 261806 0.04 60
51 0.17472851648114127 266789 0.04 60
52 0.1734247447298888 271769 0.04 60
53 0.17215583903927 276748 0.04 60
54 0.1709217226132473 281720 0.04 60
55 0.16972139328149105 286690 0.04 60
56 0.16855351276501732 291657 0.04 60
57 0.16741686990951432 296620 0.04 60
58 0.1663105265993773 301578 0.04 60
59 0.1652336183738453 306533 0.04 60
60 0.1641849776578701 311490 0.04 60
61 0.16316283498571788 316443 0.04 60
62 0.1621647686851047 321394 0.04 60
63 0.161187905509081 326339 0.04 60
64 0.16022926076579433 331280 0.04 60
65 0.1592860905431397 336220 0.04 60
66 0.1583561656689688 341156 0.04 60
67 0.15743792199526302 346091 0.04 60
68 0.15653048165308275 351021 0.04 60
69 0.1556335712385043 355949 0.04 60
70 0.15474737886174458 360877 0.04 60
71 0.15387239127151692 365800 0.04 60
72 0.15300924134129362 370722 0.04 60
73 0.15215858307136818 375641 0.04 60
74 0.15132100049824132 380561 0.04 60
75 0.15049694965834762 385475 0.04 60
76 0.14968672863122698 390386 0.04 60
77 0.14889046897331717 395299 0.04 60
78 0.14810814183201898 400207 0.04 60
79 0.147339573008862 405116 0.04 60
80 0.14658446262124927 410025 0.04 60
81 0.14584240638676976 414931 0.04 60
82 0.14511291673839613 419830 0.04 60
83 0.1443954429432528 424729 0.04 60
84 0.14368939015046267 429633 0.04 60
85 0.14299413780500242 434528 0.04 60
86 0.14230905807298078 439428 0.04 60
87 0.1416335347947279 444324 0.04 60
88 0.14096698305944855 449218 0.04 60
89 0.14030886891243555 454111 0.04 60
90 0.1396587281539138 459002 0.04 60
91 0.1390161828529516 463893 0.04 60
92 0.1383809541928726 468787 0.04 60
93 0.13775287058620336 473674 0.04 60
94 0.13713187054404893 478560 0.04 60
95 0.1365180003992004 483445 0.04 60
96 0.13591140751274733 488330 0.04 60
97 0.1353123299397535 493218 0.04 60
98 0.13472108365743843 498105 0.04 60
99 0.13413804839624768 502989 0.04 60
