0 0.9541749359798785 5377 0.02 60
1 0.9523483701824107 10747 0.02 60
2 0.9482225112796935 16136 0.02 60
3 0.9361468352133554 21515 0.02 60
4 0.8925435824218221 26892 0.02 60
5 0.7891646258845285 32265 0.02 60
6 0.6795079857761579 37633 0.02 60
7 0.5899726923668019 42993 0.02 60
8 0.5214263181826972 48337 0.02 60
9 0.4716244082249347 53668 0.02 60
10 0.4343555019873711 58984 0.02 60
11 0.40556017720601384 64291 0.02 60
12 0.38283154084252774 69587 0.02 60
13 0.36443575139847306 74876 0.02 60
14 0.3490912295943056 80158 0.02 60
15 0.33591165190630584 85432 0.02 60
16 0.324337278363355 90700 0.02 60
17 0.31403904763600976 95962 0.02 60
18 0.3048256327543002 101218 0.02 60
19 0.296583081648464 106469 0.02 60
20 0.2892317900696733 111713 0.02 60
21 0.28269362521975433 116957 0.02 60
22 0.2768796237958152 122192 0.02 60
23 0.27169552316306206 127423 0.02 60
24 0.26705212569570624 132650 0.02 60
25 0.26287308139526355 137873 0.02 60
26 0.25909814638134737 143095 0.02 60
27 0.2556814388093528 148313 0.02 60
28 0.2525865042332741 153525 0.02 60
29 0.24978149752610912 158731 0.02 60
30 0.24723629763080932 163932 0.02 60
31 0.24492141119350802 169130 0.02 60
32 0.24280799655544924 174324 0.02 60
33 0.24086853661951513 179514 0.02 60
34 0.23907779520134023 184702 0.02 60
35 0.23741366627263893 189887 0.02 60
36 0.23585760540901365 195068 0.02 60
37 0.2343945500296027 200246 0.02 60
38 0.23301244020241438 205421 0.02 60
39 0.2317015439335396 210592 0.02 60
40 0.23045377751256896 215761 0.02 60
41 0.2292621459699564 220927 0.02 60
42 0.2281203565848154 226090 0.02 60
43 0.22702260260585785 231251 0.02 60
44 0.22596348109414868 236408 0.02 60
45 0.2249379966559675 241567 0.02 60
46 0.22394160694095766 246721 0.02 60
47 0.2229702779983555 251873 0.02 60
48 0.22202052850115336 257019 0.02 60
49 0.22108944722557508 262162 0.02 60
50 0.22017467210921288 267301 0.02 60
51 0.2192743267480773 272439 0.02 60
52 0.2183869203763941 277574 0.02 60
53 0.21751122749820317 282706 0.02 60
54 0.21664617019706586 287836 0.02 60
55 0.21579072440243685 292963 0.02 60
56 0.2149438614526717 298087 0.02 60
57 0.21410452514010664 303208 0.02 60
58 0.21327163713216166 308327 0.02 60
59 0.21244412079115885 313443 0.02 60
60 0.21162093332444823 318556 0.02 60
61 0.21080109746276798 323666 0.02 60
62 0.2099837262026372 328775 0.02 60
63 0.20916803753204488 333880 0.02 60
64 0.20835335987973133 338985 0.02 60
65 0.20753913229431886 344088 0.02 60
66 0.20672490511661332 349186 0.02 60
67 0.2059103464792721 354280 0.02 60
68 0.20509525733446615 359370 0.02 60
69 0.20427959386097708 364458 0.02 60
70 0.20346349270354985 369543 0.02 60
71 0.20264729289334335 374625 0.02 60
72 0.20183154873732595 379704 0.02 60
73 0.20101702973943045 384781 0.02 60
74 0.20020470579729907 389855 0.02 60
75 0.19939571790644217 394926 0.02 60
76 0.19859133619882366 399993 0.02 60
77 0.19779290834784286 405059 0.02 60
78 0.19700180221309851 410121 0.02 60
79 0.19621934706240352 415181 0.02 60
80 0.19544677775836455 420238 0.02 60
81 0.19468518591396197 425293 0.02 60
82 0.1939354812387133 430345 0.02 60
83 0.19319836520874525 435399 0.02 60
84 0.19247431794502354 440448 0.02 60
85 0.1917635979406623 445494 0.02 60
86 0.19106625319575496 450537 0.02 60
87 0.1903821415132669 455577 0.02 60
88 0.18971095724785095 460615 0.02 60
89 0.1890522616935019 465650 0.02 60
90 0.1884055145068504 470682 0.02 60
91 0.18777010400775349 475713 0.02 60
92 0.18714537477032395 480741 0.02 60
93 0.186530651511319 485767 0.02 60
94 0.18592525882041677 490790 0.02 60
95 0.18532853671353275 495811 0.02 60
96 0.1847398523101119 500829 0.02 60
97 0.18415860814150273 505846 0.02 60
98 0.18358424770323079 510860 0.02 60
99 0.1830162588868028 515872 0.02 60
