0 0.9420512213003855 7134 0.06 80
1 0.6697666870677116 14255 0.06 80
2 0.4570743382208888 21328 0.06 80
3 0.3719631068209277 28351 0.06 80
4 0.3265582825472292 35338 0.06 80
5 0.29657870751150944 42295 0.06 80
6 0.27673815463877355 49230 0.06 80
7 0.26258021814953025 56138 0.06 80
8 0.2513095568704002 63025 0.06 80
9 0.2415246076907909 69890 0.06 80
10 0.23280001295461814 76729 0.06 80
11 0.22519969042925306 83548 0.06 80
12 0.21868642268430658 90348 0.06 80
13 0.21296644166704795 97132 0.06 80
14 0.20771025839645188 103901 0.06 80
15 0.2027043711974321 110658 0.06 80
16 0.19787083123983787 117405 0.06 80
17 0.19322758836222348 124142 0.06 80
18 0.18883435377517513 130868 0.06 80
19 0.1847475760618327 137591 0.06 80
20 0.1809948311728338 144303 0.06 80
21 0.17757129095674445 151006 0.06 80
22 0.1744529584219031 157701 0.06 80
23 0.17161353353279585 164393 0.06 80
24 0.16903379846521052 171082 0.06 80
25 0.16670139314589588 177761 0.06 80
26 0.1646057309121724 184433 0.06 80
27 0.1627335214444409 191100 0.06 80
28 0.16106701602669302 197763 0.06 80
29 0.15958439244950287 204420 0.06 80
30 0.15826125441506744 211072 0.06 80
31 0.15707251349511805 217721 0.06 80
32 0.15599410615076276 224370 0.06 80
33 0.15500420441407575 231010 0.06 80
34 0.1540838480407662 237645 0.06 80
35 0.1532171192886429 244276 0.06 80
36 0.1523910345262219 250903 0.06 80
37 0.15159529099794 257527 0.06 80
38 0.15082195057216893 264150 0.06 80
39 0.15006509730697537 270768 0.06 80
40 0.14932048141464316 277386 0.06 80
41 0.14858516353106657 283995 0.06 80
42 0.14785719588063725 290600 0.06 80
43 0.14713539460629693 297202 0.06 80
44 0.14641923414109595 303800 0.06 80
45 0.14570882804198673 310400 0.06 80
46 0.14500490466700636 316992 0.06 80
47 0.14430869776730532 323580 0.06 80
48 0.14362174226982727 330166 0.06 80
49 0.14294562969074834 336748 0.06 80
50 0.14228179105292574 343328 0.06 80
51 0.141631348027723 349905 0.06 80
52 0.14099503942334896 356478 0.06 80
53 0.1403732107814879 363048 0.06 80
54 0.13976585022425755 369620 0.06 80
55 0.13917265624540875 376187 0.06 80
56 0.13859312720783606 382752 0.06 80
57 0.13802666528963767 389313 0.06 80
58 0.13747268707645974 395876 0.06 80
59 0.13693072790590136 402431 0.06 80
60 0.13640052206387118 408987 0.06 80
61 0.13588204250244057 415537 0.06 80
62 0.13537549220987583 422086 0.06 80
63 0.1348812498598751 428632 0.06 80
64 0.1343997811270744 435177 0.06 80
65 0.13393153305519123 441720 0.06 80
66 0.13347683132435922 448260 0.06 80
67 0.13303579847498515 454799 0.06 80
68 0.1326083052863978 461335 0.06 80
69 0.13219395838868359 467871 0.06 80
70 0.13179211739146726 474408 0.06 80
71 0.13140192809081622 480946 0.06 80
72 0.13102235622934352 487476 0.06 80
73 0.13065220789897675 494005 0.06 80
74 0.13029013034581996 500531 0.06 80
75 0.12993461005881943 507056 0.06 80
76 0.1295840170803865 513580 0.06 80
77 0.1292367377554605 520103 0.06 80
78 0.12889137700092537 526624 0.06 80
79 0.12854696210927186 533144 0.06 80
80 0.12820307813308396 539664 0.06 80
81 0.12785989125863162 546184 0.06 80
82 0.1275180588168499 552703 0.06 80
83 0.12717856626925653 559219 0.06 80
84 0.12684255030183228 565740 0.06 80
85 0.12651115641885202 572260 0.06 80
86 0.12618545228364605 578778 0.06 80
87 0.12586639281013143 585293 0.06 80
88 0.12555481831121174 591805 0.06 80
89 0.12525146117480299 598316 0.06 80
90 0.12495693649518112 604826 0.06 80
91 0.1246716988336084 611338 0.06 80
92 0.12439596406129017 617847 0.06 80
93 0.12412962053192349 624354 0.06 80
94 0.12387217480913458 630860 0.06 80
95 0.12362277516452191 637365 0.06 80
96 0.12338032495844208 643870 0.06 80
97 0.12314365516107305 650378 0.06 80
98 0.12291169885076081 656884 0.06 80
99 0.12268361574755889 663385 0.06 80
