0 0.9564518759895578 14185 0.03 160
1 0.9350686102191054 28418 0.03 160
2 0.8007723230977537 42692 0.03 160
3 0.6325405529947523 56964 0.03 160
4 0.5014422763997584 71222 0.03 160
5 0.4113882202778067 85475 0.03 160
6 0.3599027310680164 99694 0.03 160
7 0.3270923371874943 113899 0.03 160
8 0.30356606914881057 128087 0.03 160
9 0.2854634034643358 142264 0.03 160
10 0.27110448988073016 156425 0.03 160
11 0.25952790471362364 170578 0.03 160
12 0.25005001873969535 184719 0.03 160
13 0.24219035503307093 198863 0.03 160
14 0.23563129204569205 212989 0.03 160
15 0.23014946841629152 227108 0.03 160
16 0.2255626727756994 241214 0.03 160
17 0.22171248953214967 255315 0.03 160
18 0.2184633232073466 269405 0.03 160
19 0.21570083130333947 283489 0.03 160
20 0.2133280060522505 297565 0.03 160
21 0.21126140113101338 311635 0.03 160
22 0.2094286316316051 325702 0.03 160
23 0.20776699780009072 339759 0.03 160
24 0.20622271987199386 353812 0.03 160
25 0.2047503864717477 367853 0.03 160
26 0.2033124327386357 381892 0.03 160
27 0.20187860287696674 395921 0.03 160
28 0.20042539201904483 409947 0.03 160
29 0.1989354722354937 423961 0.03 160
30 0.19739713717760146 437974 0.03 160
31 0.19580382072477534 451977 0.03 160
32 0.19415370835997375 465974 0.03 160
33 0.19244937433584378 479965 0.03 160
34 0.1906973112651915 493949 0.03 160
35 0.1889072338535136 507927 0.03 160
36 0.18709113327829777 521898 0.03 160
37 0.18526217598747 535865 0.03 160
38 0.18343361565013733 549826 0.03 160
39 0.18161788672497028 563782 0.03 160
40 0.17982598461798116 577728 0.03 160
41 0.17806715093311162 591671 0.03 160
42 0.17634881283397863 605603 0.03 160
43 0.1746766938036585 619533 0.03 160
44 0.17305501666017478 633453 0.03 160
45 0.17148674120344584 647372 0.03 160
46 0.16997380069559886 661282 0.03 160
47 0.16851731576812182 675185 0.03 160
48 0.16711777286918825 689084 0.03 160
49 0.16577516104761647 702978 0.03 160
50 0.16448906736788216 716863 0.03 160
51 0.16325873676519398 730743 0.03 160
52 0.16208310552186878 744622 0.03 160
53 0.160960818539426 758490 0.03 160
54 0.15989023976642558 772359 0.03 160
55 0.15886946328412613 786220 0.03 160
56 0.15789633025083796 800080 0.03 160
57 0.15696845459556344 813928 0.03 160
58 0.1560832583703133 827774 0.03 160
59 0.15523801620889038 841611 0.03 160
60 0.1544299073555264 855448 0.03 160
61 0.15365607300368556 869274 0.03 160
62 0.15291367603154987 883095 0.03 160
63 0.15219995962987867 896910 0.03 160
64 0.15151230097273988 910721 0.03 160
65 0.15084825622031514 924527 0.03 160
66 0.15020559389505325 938326 0.03 160
67 0.1495823149616284 952122 0.03 160
68 0.14897665950047909 965912 0.03 160
69 0.14838710134118877 979699 0.03 160
70 0.14781233311092323 993483 0.03 160
71 0.1472512446957377 1007262 0.03 160
72 0.1467028981191273 1021033 0.03 160
73 0.14616650144735321 1034802 0.03 160
74 0.14564138371888694 1048563 0.03 160
75 0.14512697223320273 1062323 0.03 160
76 0.1446227729380119 1076076 0.03 160
77 0.14412835418213932 1089824 0.03 160
78 0.14364333376675514 1103567 0.03 160
79 0.14316736901616045 1117307 0.03 160
80 0.14270014947456802 1131043 0.03 160
81 0.1422413917895233 1144774 0.03 160
82 0.1417908363419449 1158506 0.03 160
83 0.14134824520927378 1172232 0.03 160
84 0.1409134010895158 1185954 0.03 160
85 0.14048610686230067 1199672 0.03 160
86 0.1400661855138966 1213386 0.03 160
87 0.13965348020388815 1227093 0.03 160
88 0.13924785430049957 1240799 0.03 160
89 0.13884919125837136 1254496 0.03 160
90 0.1384573942560061 1268193 0.03 160
91 0.13807238554925158 1281884 0.03 160
92 0.137694105530913 1295573 0.03 160
93 0.13732251151416772 1309256 0.03 160
94 0.13695757627803815 1322935 0.03 160
95 0.136599286426708 1336615 0.03 160
96 0.13624764062115166 1350288 0.03 160
97 0.13590264774213787 1363960 0.03 160
98 0.13556432503949756 1377625 0.03 160
99 0.1352326963148767 1391289 0.03 160
