0 0.9547992656211891 23080 0.03 260 0.03 260
1 0.8930006478276171 46142 0.03 260 0.03 260
2 0.7637612859301022 69199 0.03 260 0.03 260
3 0.6182544395858292 92151 0.03 260 0.03 260
4 0.5040372841138828 115070 0.03 260 0.03 260
5 0.42378178407829914 137969 0.03 260 0.03 260
6 0.3730234215908808 160859 0.03 260 0.03 260
7 0.3372486718055487 183726 0.03 260 0.03 260
8 0.3119667154290812 206591 0.03 260 0.03 260
9 0.29385325821643765 229439 0.03 260 0.03 260
10 0.27998824329395683 252269 0.03 260 0.03 260
11 0.2685596216911969 275085 0.03 260 0.03 260
12 0.25867317230636844 297886 0.03 260 0.03 260
13 0.24992682628563406 320674 0.03 260 0.03 260
14 0.2421341946783222 343450 0.03 260 0.03 260
15 0.23520530312296042 366216 0.03 260 0.03 260
16 0.22909190259278206 388970 0.03 260 0.03 260
17 0.22375292621229387 411714 0.03 260 0.03 260
18 0.21913272354173363 434442 0.03 260 0.03 260
19 0.2151543365639236 457167 0.03 260 0.03 260
20 0.2117258656483674 479872 0.03 260 0.03 260
21 0.20875217909806199 502569 0.03 260 0.03 260
22 0.2061445043546236 525263 0.03 260 0.03 260
23 0.20382519781436867 547939 0.03 260 0.03 260
24 0.20172900008410896 570601 0.03 260 0.03 260
25 0.19980291774224823 593252 0.03 260 0.03 260
26 0.19800582608170514 615904 0.03 260 0.03 260
27 0.19630786250695725 638537 0.03 260 0.03 260
28 0.19468931785400878 661159 0.03 260 0.03 260
29 0.1931388749945323 683771 0.03 260 0.03 260
30 0.1916513766189126 706373 0.03 260 0.03 260
31 0.19022555047291875 728967 0.03 260 0.03 260
32 0.1888621257282419 751552 0.03 260 0.03 260
33 0.18756255363819396 774128 0.03 260 0.03 260
34 0.1863282423818297 796693 0.03 260 0.03 260
35 0.18516001537236418 819258 0.03 260 0.03 260
36 0.18405754489192416 841805 0.03 260 0.03 260
37 0.18301878411522415 864344 0.03 260 0.03 260
38 0.18203968343576926 886878 0.03 260 0.03 260
39 0.18111444462985274 909399 0.03 260 0.03 260
40 0.1802362474075123 931919 0.03 260 0.03 260
41 0.17939811033464387 954422 0.03 260 0.03 260
42 0.17859356242514582 976922 0.03 260 0.03 260
43 0.17781699964808279 999411 0.03 260 0.03 260
44 0.17706376613041874 1021897 0.03 260 0.03 260
45 0.176330063551459 1044364 0.03 260 0.03 260
46 0.17561279471432178 1066823 0.03 260 0.03 260
47 0.1749094162175496 1089273 0.03 260 0.03 260
48 0.17421782418384393 1111725 0.03 260 0.03 260
49 0.17353625833595085 1134158 0.03 260 0.03 260
50 0.17286320580474673 1156596 0.03 260 0.03 260
51 0.17219730411038048 1179013 0.03 260 0.03 260
52 0.17153725738013692 1201422 0.03 260 0.03 260
53 0.17088178071623583 1223832 0.03 260 0.03 260
54 0.17022957947818473 1246227 0.03 260 0.03 260
55 0.16957936090033152 1268613 0.03 260 0.03 260
56 0.1689298695546795 1290991 0.03 260 0.03 260
57 0.16827993659954452 1313360 0.03 260 0.03 260
58 0.16762853394228835 1335730 0.03 260 0.03 260
59 0.1669748261472839 1358086 0.03 260 0.03 260
60 0.16631821384080253 1380433 0.03 260 0.03 260
61 0.1656583628471029 1402772 0.03 260 0.03 260
62 0.16499521466511594 1425104 0.03 260 0.03 260
63 0.16432897681871614 1447437 0.03 260 0.03 260
64 0.16366009521787725 1469756 0.03 260 0.03 260
65 0.16298921349142767 1492067 0.03 260 0.03 260
66 0.1623171255138163 1514370 0.03 260 0.03 260
67 0.16164472716494363 1536665 0.03 260 0.03 260
68 0.1609729722268714 1558957 0.03 260 0.03 260
69 0.16030283567849668 1581251 0.03 260 0.03 260
70 0.15963528581187508 1603530 0.03 260 0.03 260
71 0.15897126482209417 1625797 0.03 260 0.03 260
72 0.15831167607976518 1648058 0.03 260 0.03 260
73 0.15765737542703448 1670312 0.03 260 0.03 260
74 0.15700916370315152 1692571 0.03 260 0.03 260
75 0.1563677783038257 1714815 0.03 260 0.03 260
76 0.15573388271862257 1737047 0.03 260 0.03 260
77 0.15510805433132283 1759273 0.03 260 0.03 260
78 0.15449077192873298 1781494 0.03 260 0.03 260
79 0.1538824050516154 1803719 0.03 260 0.03 260
80 0.1532832074135499 1825929 0.03 260 0.03 260
81 0.15269331616220136 1848154 0.03 260 0.03 260
82 0.15211275793937865 1870349 0.03 260 0.03 260
83 0.15154146173705052 1892538 0.03 260 0.03 260
84 0.15097927765136795 1914733 0.03 260 0.03 260
85 0.15042599994734793 1936911 0.03 260 0.03 260
86 0.14988139242792192 1959085 0.03 260 0.03 260
87 0.14934521395221248 1981249 0.03 260 0.03 260
88 0.14881724202888033 2003408 0.03 260 0.03 260
89 0.14829729266807312 2025568 0.03 260 0.03 260
90 0.14778523506309674 2047720 0.03 260 0.03 260
91 0.14728100015661275 2069863 0.03 260 0.03 260
92 0.14678458270046316 2092013 0.03 260 0.03 260
93 0.14629603701380292 2114141 0.03 260 0.03 260
94 0.14581546723687627 2136275 0.03 260 0.03 260
95 0.14534301340436662 2158397 0.03 260 0.03 260
96 0.1448788350487645 2180512 0.03 260 0.03 260
97 0.1444230942241798 2202623 0.03 260 0.03 260
98 0.1439759397782408 2224726 0.03 260 0.03 260
99 0.14353749440551022 2246831 0.03 260 0.03 260
