0 0.9426862804800973 19476 0.060000000000000005 220 0.06 220
1 0.5955543220368608 38920 0.060000000000000005 220 0.06 220
2 0.39901523121295157 58317 0.060000000000000005 220 0.06 220
3 0.3231306542819828 77670 0.060000000000000005 220 0.06 220
4 0.2837506020853634 96988 0.060000000000000005 220 0.06 220
5 0.2580069391286173 116274 0.060000000000000005 220 0.06 220
6 0.24102010287215797 135549 0.060000000000000005 220 0.06 220
7 0.2290473421075088 154781 0.060000000000000005 220 0.06 220
8 0.21986472750679967 173989 0.060000000000000005 220 0.06 220
9 0.21230977113484784 193174 0.060000000000000005 220 0.06 220
10 0.20581010004949277 212337 0.060000000000000005 220 0.06 220
11 0.2000855283518706 231477 0.060000000000000005 220 0.06 220
12 0.1949848991331255 250591 0.060000000000000005 220 0.06 220
13 0.1904051412103589 269681 0.060000000000000005 220 0.06 220
14 0.1862536994043696 288747 0.060000000000000005 220 0.06 220
15 0.18244267341483508 307792 0.060000000000000005 220 0.06 220
16 0.1788968433303187 326816 0.060000000000000005 220 0.06 220
17 0.1755592568671418 345818 0.060000000000000005 220 0.06 220
18 0.17239059165412277 364799 0.060000000000000005 220 0.06 220
19 0.16936540059509633 383757 0.060000000000000005 220 0.06 220
20 0.16646820287527744 402695 0.060000000000000005 220 0.06 220
21 0.16369059489468107 421615 0.060000000000000005 220 0.06 220
22 0.1610294267501972 440515 0.060000000000000005 220 0.06 220
23 0.15848555656007618 459396 0.060000000000000005 220 0.06 220
24 0.15606260652570395 478258 0.060000000000000005 220 0.06 220
25 0.15376542254820388 497107 0.060000000000000005 220 0.06 220
26 0.15159834859631874 515934 0.060000000000000005 220 0.06 220
27 0.14956368939757764 534745 0.060000000000000005 220 0.06 220
28 0.14766072189363325 553551 0.060000000000000005 220 0.06 220
29 0.1458854155625254 572329 0.060000000000000005 220 0.06 220
30 0.14423080526781099 591092 0.060000000000000005 220 0.06 220
31 0.14268782476484068 609840 0.060000000000000005 220 0.06 220
32 0.14124635652693573 628575 0.060000000000000005 220 0.06 220
33 0.13989625619505627 647296 0.060000000000000005 220 0.06 220
34 0.13862815478694906 666002 0.060000000000000005 220 0.06 220
35 0.13743392258909115 684694 0.060000000000000005 220 0.06 220
36 0.13630677814093847 703372 0.060000000000000005 220 0.06 220
37 0.13524111710717307 722035 0.060000000000000005 220 0.06 220
38 0.13423219324357663 740687 0.060000000000000005 220 0.06 220
39 0.13327579203102888 759323 0.060000000000000005 220 0.06 220
40 0.1323679998047301 777946 0.060000000000000005 220 0.06 220
41 0.1315051086713507 796557 0.060000000000000005 220 0.06 220
42 0.13068363955431672 815154 0.060000000000000005 220 0.06 220
43 0.12990043352699496 833737 0.060000000000000005 220 0.06 220
44 0.1291527585522376 852308 0.060000000000000005 220 0.06 220
45 0.12843839388841907 870866 0.060000000000000005 220 0.06 220
46 0.127755673395592 889413 0.060000000000000005 220 0.06 220
47 0.12710348263212862 907947 0.060000000000000005 220 0.06 220
48 0.12648121107959492 926468 0.060000000000000005 220 0.06 220
49 0.12588866287488432 944978 0.060000000000000005 220 0.06 220
50 0.1253259309014779 963486 0.060000000000000005 220 0.06 220
51 0.12479324227083609 981976 0.060000000000000005 220 0.06 220
52 0.12429078797307283 1000452 0.060000000000000005 220 0.06 220
53 0.12381855393240228 1018921 0.060000000000000005 220 0.06 220
54 0.12337617273895009 1037379 0.060000000000000005 220 0.06 220
55 0.12296281380531957 1055827 0.060000000000000005 220 0.06 220
56 0.1225771248795263 1074264 0.060000000000000005 220 0.06 220
57 0.12221723099957171 1092693 0.060000000000000005 220 0.06 220
58 0.12188078964017218 1111109 0.060000000000000005 220 0.06 220
59 0.12156509425620311 1129516 0.060000000000000005 220 0.06 220
60 0.12126721348543223 1147913 0.060000000000000005 220 0.06 220
61 0.12098415032989962 1166302 0.060000000000000005 220 0.06 220
62 0.12071300478302666 1184680 0.060000000000000005 220 0.06 220
63 0.12045112448410875 1203045 0.060000000000000005 220 0.06 220
64 0.12019623074577451 1221400 0.060000000000000005 220 0.06 220
65 0.11994651120099728 1239746 0.060000000000000005 220 0.06 220
66 0.11970067469004432 1258083 0.060000000000000005 220 0.06 220
67 0.11945796815841418 1276413 0.060000000000000005 220 0.06 220
68 0.11921815869845351 1294733 0.060000000000000005 220 0.06 220
69 0.11898148613035871 1313044 0.060000000000000005 220 0.06 220
70 0.1187485926605325 1331347 0.060000000000000005 220 0.06 220
71 0.11852043637744991 1349643 0.060000000000000005 220 0.06 220
72 0.11829819495691997 1367931 0.060000000000000005 220 0.06 220
73 0.11808316526475802 1386230 0.060000000000000005 220 0.06 220
74 0.11787666382365292 1404503 0.060000000000000005 220 0.06 220
75 0.11767993252972998 1422767 0.060000000000000005 220 0.06 220
76 0.1174940536438624 1441028 0.060000000000000005 220 0.06 220
77 0.11731987790483869 1459282 0.060000000000000005 220 0.06 220
78 0.117157969441848 1477528 0.060000000000000005 220 0.06 220
79 0.11700857072370917 1495764 0.060000000000000005 220 0.06 220
80 0.11687158979377031 1513994 0.060000000000000005 220 0.06 220
81 0.1167466103766523 1532217 0.060000000000000005 220 0.06 220
82 0.11663292324909268 1550433 0.060000000000000005 220 0.06 220
83 0.11652957495405095 1568643 0.060000000000000005 220 0.06 220
84 0.11643542805014079 1586847 0.060000000000000005 220 0.06 220
85 0.11634922609553827 1605044 0.060000000000000005 220 0.06 220
86 0.1162696566832731 1623234 0.060000000000000005 220 0.06 220
87 0.11619540698419316 1641417 0.060000000000000005 220 0.06 220
88 0.11612520808824604 1659595 0.060000000000000005 220 0.06 220
89 0.11605786652465784 1677765 0.060000000000000005 220 0.06 220
90 0.11599228325957897 1695930 0.060000000000000005 220 0.06 220
91 0.11592746190216964 1714089 0.060000000000000005 220 0.06 220
92 0.11586250865663308 1732242 0.060000000000000005 220 0.06 220
93 0.1157966267711262 1750402 0.060000000000000005 220 0.06 220
94 0.115729108006648 1768543 0.060000000000000005 220 0.06 220
95 0.11565932317603962 1786679 0.060000000000000005 220 0.06 220
96 0.11558671326110567 1804896 0.060000000000000005 220 0.06 220
97 0.11551078212365326 1823149 0.060000000000000005 220 0.06 220
98 0.11543109143723289 1841397 0.060000000000000005 220 0.06 220
99 0.11534725817868256 1859640 0.060000000000000005 220 0.06 220
