0 0.9364792141336035 8909 0.06 100
1 0.6400611897651792 17794 0.06 100
2 0.46036295513809117 26641 0.06 100
3 0.35313275783627596 35448 0.06 100
4 0.3016130236883744 44222 0.06 100
5 0.2716173097209027 52974 0.06 100
6 0.2518242748454475 61702 0.06 100
7 0.23828205588168017 70419 0.06 100
8 0.2289840238348403 79112 0.06 100
9 0.2224679882498621 87788 0.06 100
10 0.21763825244651752 96454 0.06 100
11 0.2137363481508282 105114 0.06 100
12 0.21029012953774617 113747 0.06 100
13 0.20704141128747292 122365 0.06 100
14 0.2038713493032384 130971 0.06 100
15 0.20073938476122863 139564 0.06 100
16 0.19764208941949324 148150 0.06 100
17 0.19459043064530462 156722 0.06 100
18 0.1915997951472329 165284 0.06 100
19 0.18868663392912563 173831 0.06 100
20 0.1858673231536431 182366 0.06 100
21 0.1831571151509319 190893 0.06 100
22 0.1805688555113252 199408 0.06 100
23 0.1781119597284823 207911 0.06 100
24 0.17579206908965414 216402 0.06 100
25 0.17361137175012295 224882 0.06 100
26 0.17156925988286634 233353 0.06 100
27 0.16966295497507075 241821 0.06 100
28 0.16788789141232505 250274 0.06 100
29 0.1662378551840734 258724 0.06 100
30 0.16470501062833726 267159 0.06 100
31 0.16327997031388397 275584 0.06 100
32 0.16195200355494116 284006 0.06 100
33 0.1607093989323503 292420 0.06 100
34 0.1595399398014409 300820 0.06 100
35 0.15843142752148048 309214 0.06 100
36 0.1573721799673866 317599 0.06 100
37 0.15635143623274986 325977 0.06 100
38 0.15535961961234998 334352 0.06 100
39 0.15438844756257736 342717 0.06 100
40 0.15343091358026262 351076 0.06 100
41 0.15248118768351288 359426 0.06 100
42 0.15153448496526004 367769 0.06 100
43 0.15058693991628144 376112 0.06 100
44 0.14963550649560328 384460 0.06 100
45 0.14867788791046843 392784 0.06 100
46 0.1477124896857153 401103 0.06 100
47 0.14673838533763567 409416 0.06 100
48 0.14575528438902124 417723 0.06 100
49 0.14476349546011774 426027 0.06 100
50 0.14376388073857654 434325 0.06 100
51 0.1427578009386431 442619 0.06 100
52 0.14174705146816538 450907 0.06 100
53 0.14073379116793092 459189 0.06 100
54 0.13972046516990655 467481 0.06 100
55 0.13870972357444886 475757 0.06 100
56 0.13770433799322476 484025 0.06 100
57 0.1367071185364967 492291 0.06 100
58 0.13572083436240764 500552 0.06 100
59 0.13474814120222714 508810 0.06 100
60 0.13379151911648243 517072 0.06 100
61 0.13285322303750072 525322 0.06 100
62 0.13193524750261637 533569 0.06 100
63 0.13103930562280175 541812 0.06 100
64 0.13016682107486813 550052 0.06 100
65 0.1293189310101809 558294 0.06 100
66 0.12849649735320634 566531 0.06 100
67 0.12770012397569536 574762 0.06 100
68 0.126930177536731 582990 0.06 100
69 0.12618681022754827 591216 0.06 100
70 0.12546998315516894 599439 0.06 100
71 0.12477948959059554 607663 0.06 100
72 0.12411497775126747 615882 0.06 100
73 0.12347597311288483 624100 0.06 100
74 0.12286190037520098 632314 0.06 100
75 0.12227210511858218 640527 0.06 100
76 0.12170587495251681 648743 0.06 100
77 0.12116245968281754 656955 0.06 100
78 0.12064108977321528 665162 0.06 100
79 0.12014099215809708 673367 0.06 100
80 0.11966140232429527 681570 0.06 100
81 0.11920157167083315 689772 0.06 100
82 0.11876076962564235 697976 0.06 100
83 0.11833828078591452 706176 0.06 100
84 0.11793339817513109 714374 0.06 100
85 0.11754541440645527 722569 0.06 100
86 0.11717361317222211 730762 0.06 100
87 0.11681726396443137 738964 0.06 100
88 0.11647562294284294 747159 0.06 100
89 0.1161479422151406 755348 0.06 100
90 0.1158334885820608 763536 0.06 100
91 0.11553157122900551 771722 0.06 100
92 0.115241576090759 779907 0.06 100
93 0.11496300289359744 788096 0.06 100
94 0.11469549951102066 796279 0.06 100
95 0.11443888762756518 804464 0.06 100
96 0.11419317406590535 812643 0.06 100
97 0.11395854356168991 820820 0.06 100
98 0.11373533110640188 829001 0.06 100
99 0.11352397486503692 837179 0.06 100
