0 0.9473934353125102 15961 0.05 180
1 0.7259442716286759 31904 0.05 180
2 0.4807108013581969 47826 0.05 180
3 0.3675058887207311 63697 0.05 180
4 0.3175883802891139 79534 0.05 180
5 0.2876679679207074 95333 0.05 180
6 0.2666821382462138 111109 0.05 180
7 0.25176500560302606 126859 0.05 180
8 0.24085913543716136 142584 0.05 180
9 0.2323599781690887 158291 0.05 180
10 0.2253945476111203 173982 0.05 180
11 0.2194371311758538 189649 0.05 180
12 0.21407088330579405 205299 0.05 180
13 0.20898949369058517 220933 0.05 180
14 0.20404819239024422 236546 0.05 180
15 0.19924841947846067 252143 0.05 180
16 0.1946591242787231 267726 0.05 180
17 0.19034549661732464 283288 0.05 180
18 0.1863399500175786 298834 0.05 180
19 0.18264356795963216 314366 0.05 180
20 0.17923786901120128 329878 0.05 180
21 0.17609590513777942 345376 0.05 180
22 0.17318967922761394 360857 0.05 180
23 0.17049414258812168 376331 0.05 180
24 0.16798859351685735 391788 0.05 180
25 0.16565622220497422 407225 0.05 180
26 0.16348260479650326 422647 0.05 180
27 0.16145406831983347 438060 0.05 180
28 0.1595567198955539 453458 0.05 180
29 0.15777643261102706 468845 0.05 180
30 0.15609951259895238 484224 0.05 180
31 0.1545135277847037 499588 0.05 180
32 0.1530078978395164 514941 0.05 180
33 0.15157409371430708 530287 0.05 180
34 0.1502054911114107 545620 0.05 180
35 0.14889701257460308 560942 0.05 180
36 0.1476446956432591 576260 0.05 180
37 0.1464452839654061 591562 0.05 180
38 0.14529589193140885 606855 0.05 180
39 0.14419375898574974 622143 0.05 180
40 0.1431360905088253 637417 0.05 180
41 0.14211997463117587 652686 0.05 180
42 0.14114236294532145 667943 0.05 180
43 0.1402001029262383 683212 0.05 180
44 0.1392900087796796 698457 0.05 180
45 0.13840895582330828 713687 0.05 180
46 0.13755398268606214 728913 0.05 180
47 0.13672238647660173 744130 0.05 180
48 0.13591179886367025 759338 0.05 180
49 0.13512023544305832 774538 0.05 180
50 0.13434611602611105 789736 0.05 180
51 0.13358825840358313 804921 0.05 180
52 0.1328458515912878 820099 0.05 180
53 0.13211841586019257 835273 0.05 180
54 0.1314057559918057 850437 0.05 180
55 0.13070791193047349 865594 0.05 180
56 0.13002510854549412 880751 0.05 180
57 0.12935770465404567 895895 0.05 180
58 0.1287061412185677 911032 0.05 180
59 0.12807088940619196 926166 0.05 180
60 0.1274524002769715 941291 0.05 180
61 0.12685105861398582 956411 0.05 180
62 0.12626714352486057 971523 0.05 180
63 0.1257007979789344 986641 0.05 180
64 0.12515200863172438 1001746 0.05 180
65 0.1246205963779768 1016840 0.05 180
66 0.1241062172359545 1031928 0.05 180
67 0.12360837247642967 1047016 0.05 180
68 0.12312642638949524 1062095 0.05 180
69 0.12265962973014337 1077168 0.05 180
70 0.12220714669943424 1092240 0.05 180
71 0.12176808330507306 1107301 0.05 180
72 0.12134151510236556 1122358 0.05 180
73 0.12092651263181961 1137418 0.05 180
74 0.12052216331598306 1152464 0.05 180
75 0.12012758911163757 1167507 0.05 180
76 0.11974195977254012 1182555 0.05 180
77 0.11936450208472531 1197587 0.05 180
78 0.1189945058075365 1212613 0.05 180
79 0.1186313272223527 1227639 0.05 180
80 0.11827439113650465 1242658 0.05 180
81 0.1179231919553818 1257671 0.05 180
82 0.11757729412123402 1272683 0.05 180
83 0.11723633194415434 1287687 0.05 180
84 0.11690000871435698 1302694 0.05 180
85 0.11656809501769363 1317690 0.05 180
86 0.11624042633807605 1332702 0.05 180
87 0.11591690022857991 1347691 0.05 180
88 0.1155974734630333 1362701 0.05 180
89 0.11528215956793236 1377679 0.05 180
90 0.11497102696416453 1392657 0.05 180
91 0.11466419766309759 1407626 0.05 180
92 0.11436184614605298 1422593 0.05 180
93 0.11406419780309975 1437559 0.05 180
94 0.1137715261922195 1452518 0.05 180
95 0.11348414844572006 1467471 0.05 180
96 0.11320241839678669 1482424 0.05 180
97 0.1129267173749271 1497372 0.05 180
98 0.11265744302989351 1512417 0.05 180
99 0.11239499687656818 1527475 0.05 180
