0 0.9552365605419865 14200 0.01 160
1 0.953752270960426 28363 0.01 160
2 0.9517468498431386 42531 0.01 160
3 0.9487872851120254 56700 0.01 160
4 0.944014439323641 70872 0.01 160
5 0.9355096589952769 85039 0.01 160
6 0.918683986424952 99208 0.01 160
7 0.8849032228606143 113375 0.01 160
8 0.8315285649678992 127545 0.01 160
9 0.7702598120621973 141715 0.01 160
10 0.7123537453066678 155891 0.01 160
11 0.662399640302555 170061 0.01 160
12 0.6187553910185853 184228 0.01 160
13 0.5786130183742295 198391 0.01 160
14 0.5405606988038174 212549 0.01 160
15 0.5046415530145034 226703 0.01 160
16 0.47195909223613713 240852 0.01 160
17 0.4437456982139211 254998 0.01 160
18 0.4202963568625325 269137 0.01 160
19 0.40096736049373083 283277 0.01 160
20 0.38483773847423514 297403 0.01 160
21 0.371121126843126 311527 0.01 160
22 0.3592438804178869 325646 0.01 160
23 0.34880160424010476 339759 0.01 160
24 0.3395055422382181 353864 0.01 160
25 0.33114435463534825 367968 0.01 160
26 0.3235597594832013 382066 0.01 160
27 0.316630858912248 396160 0.01 160
28 0.3102635717452235 410249 0.01 160
29 0.30438330165207234 424336 0.01 160
30 0.2989298283622168 438423 0.01 160
31 0.2938536923796234 452502 0.01 160
32 0.2891135378112202 466581 0.01 160
33 0.28467412544698495 480652 0.01 160
34 0.2805049023212983 494750 0.01 160
35 0.2765790502732785 508817 0.01 160
36 0.27287290627969546 522886 0.01 160
37 0.26936563085342935 536953 0.01 160
38 0.26603901359274335 551015 0.01 160
39 0.2628773306063882 565078 0.01 160
40 0.2598671959819262 579135 0.01 160
41 0.25699737609597817 593185 0.01 160
42 0.2542585587591787 607233 0.01 160
43 0.2516430855332713 621277 0.01 160
44 0.2491446638811269 635319 0.01 160
45 0.24675807753332812 649358 0.01 160
46 0.24447891096292365 663395 0.01 160
47 0.242303299412164 677432 0.01 160
48 0.24022771138076887 691462 0.01 160
49 0.23824876713076587 705494 0.01 160
50 0.23636309493452423 719519 0.01 160
51 0.23456722591663615 733545 0.01 160
52 0.23285752744350904 747569 0.01 160
53 0.23123017343284358 761590 0.01 160
54 0.22968114772813802 775606 0.01 160
55 0.22820627442087485 789621 0.01 160
56 0.22680126743060353 803632 0.01 160
57 0.2254617911998756 817640 0.01 160
58 0.22418352501710204 831646 0.01 160
59 0.22296222491013942 845651 0.01 160
60 0.221793778812432 859653 0.01 160
61 0.22067425241669725 873652 0.01 160
62 0.21959992457206912 887648 0.01 160
63 0.2185673121656074 901643 0.01 160
64 0.2175731851703105 915636 0.01 160
65 0.21661457299591177 929629 0.01 160
66 0.21568876351283914 943617 0.01 160
67 0.21479329619312565 957605 0.01 160
68 0.2139259507731366 971592 0.01 160
69 0.21308473272918294 985574 0.01 160
70 0.21226785669852075 999557 0.01 160
71 0.21147372879819287 1013536 0.01 160
72 0.21070092861093126 1027516 0.01 160
73 0.20994819143373186 1041494 0.01 160
74 0.20921439122902816 1055469 0.01 160
75 0.2084985245848657 1069439 0.01 160
76 0.2077996958801261 1083409 0.01 160
77 0.2071171037625939 1097375 0.01 160
78 0.20645002897900042 1111340 0.01 160
79 0.2057978235441735 1125302 0.01 160
80 0.20515990119806213 1139270 0.01 160
81 0.20453572907191392 1153228 0.01 160
82 0.20392482046604551 1167185 0.01 160
83 0.20332672862959475 1181145 0.01 160
84 0.20274104142601385 1195099 0.01 160
85 0.20216737676576213 1209055 0.01 160
86 0.20160537868886524 1223005 0.01 160
87 0.2010547139841419 1236957 0.01 160
88 0.20051506923842846 1250904 0.01 160
89 0.19998614821768332 1264852 0.01 160
90 0.19946766949222872 1278794 0.01 160
91 0.198959364230259 1292739 0.01 160
92 0.198460974096968 1306678 0.01 160
93 0.1979722492110549 1320617 0.01 160
94 0.197492946125559 1334553 0.01 160
95 0.19702282581565309 1348552 0.01 160
96 0.19656165167168743 1362588 0.01 160
97 0.19610918751064188 1376629 0.01 160
98 0.19566519563273346 1390663 0.01 160
99 0.19522943496120493 1404690 0.01 160
