0 0.9524644887948819 7153 0.01 80
1 0.9516616617457841 14290 0.01 80
2 0.9505982057284126 21425 0.01 80
3 0.9490665637404083 28557 0.01 80
4 0.9466781920942131 35689 0.01 80
5 0.9426355264502746 42821 0.01 80
6 0.9352157650275774 49953 0.01 80
7 0.9210443154187646 57086 0.01 80
8 0.8964175779967462 64217 0.01 80
9 0.862122535026882 71346 0.01 80
10 0.8212612216561955 78471 0.01 80
11 0.7755734757862984 85597 0.01 80
12 0.7263511701022989 92717 0.01 80
13 0.6777055316721994 99838 0.01 80
14 0.634128014848456 106949 0.01 80
15 0.5968072352563015 114053 0.01 80
16 0.5653201205945325 121155 0.01 80
17 0.538829589224113 128250 0.01 80
18 0.5162844434356696 135340 0.01 80
19 0.4966560921516008 142421 0.01 80
20 0.4791680686952703 149497 0.01 80
21 0.4633549943262714 156568 0.01 80
22 0.44897969711185365 163635 0.01 80
23 0.4359121455306172 170697 0.01 80
24 0.4240462471080661 177755 0.01 80
25 0.41326733137248084 184809 0.01 80
26 0.4034523342649932 191858 0.01 80
27 0.39447987653192274 198903 0.01 80
28 0.38623595898819885 205944 0.01 80
29 0.378614880100843 212981 0.01 80
30 0.3715200888973886 220014 0.01 80
31 0.3648669794729707 227043 0.01 80
32 0.35858653490827924 234072 0.01 80
33 0.35262783600352343 241097 0.01 80
34 0.34695805437757515 248115 0.01 80
35 0.34155963788265437 255129 0.01 80
36 0.33642538368366204 262139 0.01 80
37 0.3315527507136505 269146 0.01 80
38 0.3269389140676172 276155 0.01 80
39 0.3225776143593075 283155 0.01 80
40 0.318458041645757 290152 0.01 80
41 0.31456528188220395 297149 0.01 80
42 0.31088155840130327 304139 0.01 80
43 0.30738760414595506 311124 0.01 80
44 0.30406378705579096 318113 0.01 80
45 0.3008908803625046 325090 0.01 80
46 0.29785053113384236 332066 0.01 80
47 0.2949255345959382 339041 0.01 80
48 0.2921000083949932 346015 0.01 80
49 0.2893595229769801 352985 0.01 80
50 0.2866912102118884 359951 0.01 80
51 0.28408385230017535 366914 0.01 80
52 0.28152794404248566 373874 0.01 80
53 0.27901571761325655 380831 0.01 80
54 0.27654111737862336 387787 0.01 80
55 0.27409971456250193 394740 0.01 80
56 0.2716885598849678 401691 0.01 80
57 0.26930598582911736 408640 0.01 80
58 0.2669513842009581 415586 0.01 80
59 0.26462499256969463 422531 0.01 80
60 0.26232772002762006 429472 0.01 80
61 0.2600610283807291 436411 0.01 80
62 0.25782686500728436 443347 0.01 80
63 0.25562762585858817 450284 0.01 80
64 0.2534661161232428 457220 0.01 80
65 0.2513454736571212 464150 0.01 80
66 0.2492690285696427 471077 0.01 80
67 0.24724009314241782 478002 0.01 80
68 0.24526170529090846 484924 0.01 80
69 0.24333637370169894 491850 0.01 80
70 0.24146587989208607 498768 0.01 80
71 0.23965117705026184 505682 0.01 80
72 0.23789239579821655 512595 0.01 80
73 0.23618893794565546 519505 0.01 80
74 0.23453962278282292 526414 0.01 80
75 0.2329428496554017 533323 0.01 80
76 0.2313967507431664 540227 0.01 80
77 0.2298993212520157 547128 0.01 80
78 0.22844852441931243 554032 0.01 80
79 0.22704237357869625 560933 0.01 80
80 0.22567899416382134 567834 0.01 80
81 0.22435666740715265 574727 0.01 80
82 0.22307385658096732 581619 0.01 80
83 0.221829216692069 588509 0.01 80
84 0.2206215893513707 595396 0.01 80
85 0.21944998549257988 602281 0.01 80
86 0.21831355923730292 609165 0.01 80
87 0.21721157633838992 616046 0.01 80
88 0.2161433803593727 622926 0.01 80
89 0.21510835922747637 629803 0.01 80
90 0.214105914170445 636679 0.01 80
91 0.21313543240792374 643554 0.01 80
92 0.21219626438210237 650426 0.01 80
93 0.2112877058287501 657297 0.01 80
94 0.21040898463781357 664197 0.01 80
95 0.2095592522357588 671115 0.01 80
96 0.2087375791179491 678031 0.01 80
97 0.20794295413056973 684945 0.01 80
98 0.20717428710767308 691858 0.01 80
99 0.20643041447719962 698770 0.01 80
