0 0.9511857575140941 5388 0.01 60
1 0.9506710782640522 10765 0.01 60
2 0.9500210246945606 16139 0.01 60
3 0.9491411401351117 21516 0.01 60
4 0.9478750788467285 26897 0.01 60
5 0.9459409652124809 32277 0.01 60
6 0.9427869375578894 37657 0.01 60
7 0.9372442279348049 43032 0.01 60
8 0.9267249027796676 48406 0.01 60
9 0.9060369866913696 53780 0.01 60
10 0.8690079820697946 59153 0.01 60
11 0.8164305712174269 64525 0.01 60
12 0.7583257099287053 69891 0.01 60
13 0.7038981654459988 75255 0.01 60
14 0.655141791360054 80614 0.01 60
15 0.6113195949746598 85968 0.01 60
16 0.5724095341492417 91318 0.01 60
17 0.5388201429068564 96659 0.01 60
18 0.5103520649482213 101993 0.01 60
19 0.48623001953055994 107319 0.01 60
20 0.4655480039462393 112687 0.01 60
21 0.44753789913597575 118003 0.01 60
22 0.4316512985525261 123313 0.01 60
23 0.41752965243358303 128621 0.01 60
24 0.4049332708212213 133929 0.01 60
25 0.39367904904743656 139230 0.01 60
26 0.38360515437017323 144523 0.01 60
27 0.3745582535935284 149813 0.01 60
28 0.36639253248526005 155099 0.01 60
29 0.35897282516487083 160381 0.01 60
30 0.3521782082089211 165660 0.01 60
31 0.34590462099971575 170940 0.01 60
32 0.3400659188404465 176213 0.01 60
33 0.33459315437357257 181482 0.01 60
34 0.3294323255560853 186748 0.01 60
35 0.3245413155280279 192012 0.01 60
36 0.319886946432503 197272 0.01 60
37 0.3154427932202903 202530 0.01 60
38 0.31118788094978866 207789 0.01 60
39 0.30710599640282027 213041 0.01 60
40 0.30318524445734396 218291 0.01 60
41 0.29941757286204146 223541 0.01 60
42 0.29579811478138707 228790 0.01 60
43 0.2923242940852154 234036 0.01 60
44 0.2889947347091872 239282 0.01 60
45 0.28580813205215533 244524 0.01 60
46 0.28276232576635607 249760 0.01 60
47 0.2798537833934962 254993 0.01 60
48 0.27707756240505116 260224 0.01 60
49 0.27442765100275246 265453 0.01 60
50 0.27189749140973446 270679 0.01 60
51 0.2694804948268645 275903 0.01 60
52 0.26717042904211186 281130 0.01 60
53 0.2649616421935692 286350 0.01 60
54 0.2628491435061873 291568 0.01 60
55 0.2608285853644065 296783 0.01 60
56 0.2588961890681558 301999 0.01 60
57 0.2570486429255148 307210 0.01 60
58 0.2552829880555674 312419 0.01 60
59 0.25359650047219495 317630 0.01 60
60 0.2519865772371691 322835 0.01 60
61 0.25045063571926923 328042 0.01 60
62 0.24898603468996744 333248 0.01 60
63 0.24759002303704106 338449 0.01 60
64 0.24625971728281845 343648 0.01 60
65 0.2449921045364937 348843 0.01 60
66 0.24378406442119832 354040 0.01 60
67 0.24263240261176253 359231 0.01 60
68 0.24153388961686903 364421 0.01 60
69 0.24048530030811652 369612 0.01 60
70 0.23948345142236294 374798 0.01 60
71 0.23852523539787027 379982 0.01 60
72 0.23760764952668145 385165 0.01 60
73 0.23672781977250884 390346 0.01 60
74 0.23588301890857313 395526 0.01 60
75 0.23507067894546144 400703 0.01 60
76 0.23428839813546112 405881 0.01 60
77 0.2335339431181299 411056 0.01 60
78 0.23280524697693802 416230 0.01 60
79 0.23210040409062185 421403 0.01 60
80 0.2314176626852206 426578 0.01 60
81 0.23075541593659682 431750 0.01 60
82 0.23011219236001992 436921 0.01 60
83 0.2294866460777412 442087 0.01 60
84 0.22887754740194216 447253 0.01 60
85 0.22828377402884736 452416 0.01 60
86 0.22770430302129302 457578 0.01 60
87 0.2271382036619006 462739 0.01 60
88 0.2265846311795008 467899 0.01 60
89 0.22604282127890782 473059 0.01 60
90 0.22551208533665354 478216 0.01 60
91 0.22499180606941196 483372 0.01 60
92 0.22448143344924074 488526 0.01 60
93 0.2239804806392806 493679 0.01 60
94 0.22348851975710776 498831 0.01 60
95 0.22300517733497327 503981 0.01 60
96 0.22253012942608522 509131 0.01 60
97 0.2220630963900864 514280 0.01 60
98 0.22160383746286247 519426 0.01 60
99 0.22115214526065055 524575 0.01 60
