0 0.9527228940578912 3619 0.02 40
1 0.9516201627340322 7242 0.02 40
2 0.9490201335510158 10857 0.02 40
3 0.9401999078173964 14471 0.02 40
4 0.9029593087228834 18086 0.02 40
5 0.8379102889877446 21692 0.02 40
6 0.7665163938639143 25291 0.02 40
7 0.6846025156780088 28880 0.02 40
8 0.6098830390442531 32458 0.02 40
9 0.54990462723592 36025 0.02 40
10 0.5057830225480299 39586 0.02 40
11 0.4809466652277149 43134 0.02 40
12 0.469045292194611 46674 0.02 40
13 0.46170387052931827 50207 0.02 40
14 0.45488983537769206 53738 0.02 40
15 0.4472392747642552 57260 0.02 40
16 0.43855439718567285 60782 0.02 40
17 0.42907215458524733 64293 0.02 40
18 0.41916027262770506 67800 0.02 40
19 0.40918179528041937 71301 0.02 40
20 0.39942305549555673 74798 0.02 40
21 0.3900761727065514 78290 0.02 40
22 0.38124518354404385 81777 0.02 40
23 0.3729617774385431 85258 0.02 40
24 0.3652131583141507 88734 0.02 40
25 0.3579571350711123 92204 0.02 40
26 0.3511206351214071 95667 0.02 40
27 0.3446043652108871 99125 0.02 40
28 0.33830564384305745 102578 0.02 40
29 0.33214689671005004 106025 0.02 40
30 0.32609599865492533 109468 0.02 40
31 0.3201750387950162 112904 0.02 40
32 0.31445239201099784 116337 0.02 40
33 0.30901589975572574 119765 0.02 40
34 0.30393936348038436 123188 0.02 40
35 0.29926162622187824 126607 0.02 40
36 0.29498574558886353 130022 0.02 40
37 0.29109043736909035 133433 0.02 40
38 0.28754282291206484 136840 0.02 40
39 0.2843064076898626 140244 0.02 40
40 0.28134383903832927 143645 0.02 40
41 0.27861713987058645 147042 0.02 40
42 0.2760879901508439 150436 0.02 40
43 0.27371895347812214 153827 0.02 40
44 0.2714753004927486 157214 0.02 40
45 0.26932682842492456 160601 0.02 40
46 0.26724927800206605 163983 0.02 40
47 0.2652251173026053 167361 0.02 40
48 0.26324355581699016 170738 0.02 40
49 0.2612997965855148 174111 0.02 40
50 0.2593937218283718 177481 0.02 40
51 0.25752831097136303 180854 0.02 40
52 0.25570807617803 184223 0.02 40
53 0.2539377318901151 187586 0.02 40
54 0.2522212356512263 190946 0.02 40
55 0.2505612558853865 194304 0.02 40
56 0.24895904145789371 197659 0.02 40
57 0.2474145995360682 201015 0.02 40
58 0.24592704970613274 204365 0.02 40
59 0.24449502085536248 207713 0.02 40
60 0.2431169850000318 211058 0.02 40
61 0.24179146643670604 214402 0.02 40
62 0.24051711424542277 217743 0.02 40
63 0.23929266938343927 221085 0.02 40
64 0.23811688192447597 224421 0.02 40
65 0.23698843259457422 227756 0.02 40
66 0.2359058905129991 231088 0.02 40
67 0.2348677108624969 234422 0.02 40
68 0.23387225712664572 237750 0.02 40
69 0.23291782839193426 241082 0.02 40
70 0.23200267886867315 244406 0.02 40
71 0.2311250262938054 247729 0.02 40
72 0.2302830525571677 251049 0.02 40
73 0.22947490208801388 254367 0.02 40
74 0.2286986822660454 257685 0.02 40
75 0.22795246731222746 260999 0.02 40
76 0.2272343045874112 264312 0.02 40
77 0.22654222108293678 267630 0.02 40
78 0.22587422823158743 270939 0.02 40
79 0.22522832437763232 274246 0.02 40
80 0.22460249556021408 277551 0.02 40
81 0.22399471617809613 280854 0.02 40
82 0.2234029514223881 284155 0.02 40
83 0.22282516311664913 287455 0.02 40
84 0.22225931994918913 290753 0.02 40
85 0.22170341223125137 294048 0.02 40
86 0.22115547046810038 297343 0.02 40
87 0.22061358633230202 300636 0.02 40
88 0.22007593415264706 303927 0.02 40
89 0.21954079080759986 307216 0.02 40
90 0.21900655198512933 310503 0.02 40
91 0.2184717432432863 313789 0.02 40
92 0.21793502527976166 317073 0.02 40
93 0.21739519422853357 320356 0.02 40
94 0.21685117925156724 323637 0.02 40
95 0.21630204051507823 326916 0.02 40
96 0.21574697027036932 330194 0.02 40
97 0.2151852982000871 333471 0.02 40
98 0.21461650011150707 336747 0.02 40
99 0.21404020739358776 340022 0.02 40
