0 0.9543337029902333 8910 0.04 100
1 0.8723683637107407 17814 0.04 100
2 0.6686307953091633 26725 0.04 100
3 0.5471072687426445 35603 0.04 100
4 0.4538428691708813 44457 0.04 100
5 0.3840249816222624 53288 0.04 100
6 0.33876577091177074 62098 0.04 100
7 0.30761987359539184 70892 0.04 100
8 0.2850252273094728 79675 0.04 100
9 0.26795292325236675 88441 0.04 100
10 0.2545259738223354 97195 0.04 100
11 0.24368626141503313 105938 0.04 100
12 0.23485716755915753 114671 0.04 100
13 0.2276769431334099 123397 0.04 100
14 0.22186450775772107 132109 0.04 100
15 0.21717354755924592 140814 0.04 100
16 0.2133833173059701 149509 0.04 100
17 0.2102996258190596 158196 0.04 100
18 0.2077560697669214 166875 0.04 100
19 0.20561342892298337 175549 0.04 100
20 0.2037580879845734 184212 0.04 100
21 0.20210033715485323 192868 0.04 100
22 0.20057248221646867 201516 0.04 100
23 0.19912629762529363 210158 0.04 100
24 0.19772965036400805 218797 0.04 100
25 0.19636260306015624 227425 0.04 100
26 0.19501355775479084 236047 0.04 100
27 0.19367595366015336 244662 0.04 100
28 0.19234582412191015 253272 0.04 100
29 0.19102029910670074 261874 0.04 100
30 0.18969696981437517 270475 0.04 100
31 0.18837391091573127 279065 0.04 100
32 0.18705008052568253 287649 0.04 100
33 0.18572580016260243 296227 0.04 100
34 0.18440306395632822 304799 0.04 100
35 0.1830855236740535 313378 0.04 100
36 0.18177811483057071 321939 0.04 100
37 0.1804864022389208 330492 0.04 100
38 0.1792158072500657 339041 0.04 100
39 0.1779709096177695 347583 0.04 100
40 0.17675498099841744 356119 0.04 100
41 0.1755698194243214 364654 0.04 100
42 0.17441585641889207 373179 0.04 100
43 0.1732924438642063 381699 0.04 100
44 0.1721982139234761 390214 0.04 100
45 0.1711314292660194 398733 0.04 100
46 0.17009027589331685 407243 0.04 100
47 0.16907307768294283 415747 0.04 100
48 0.16807842658426417 424242 0.04 100
49 0.16710523111790776 432733 0.04 100
50 0.1661526941204117 441219 0.04 100
51 0.16522023920833814 449701 0.04 100
52 0.16430741132123855 458181 0.04 100
53 0.1634137770960982 466652 0.04 100
54 0.16253884529942283 475118 0.04 100
55 0.1616820182889702 483580 0.04 100
56 0.16084257592810577 492039 0.04 100
57 0.16001968638905414 500494 0.04 100
58 0.159212435004973 508946 0.04 100
59 0.15841986224219123 517390 0.04 100
60 0.15764100360927388 525831 0.04 100
61 0.15687492660611438 534266 0.04 100
62 0.15612076186212695 542698 0.04 100
63 0.1553777271400025 551130 0.04 100
64 0.15464514390601466 559555 0.04 100
65 0.15392244680542064 567976 0.04 100
66 0.15320918674911377 576394 0.04 100
67 0.1525050285042425 584809 0.04 100
68 0.15180974374913592 593224 0.04 100
69 0.15112320054463113 601632 0.04 100
70 0.15044535012058644 610035 0.04 100
71 0.14977621180019693 618440 0.04 100
72 0.14911585680132586 626838 0.04 100
73 0.14846439157352884 635235 0.04 100
74 0.14782194125689338 643638 0.04 100
75 0.1471886337852805 652035 0.04 100
76 0.1465645850997708 660433 0.04 100
77 0.14594988588359328 668821 0.04 100
78 0.14534459017203408 677207 0.04 100
79 0.14474870612448973 685592 0.04 100
80 0.14416218916744722 693974 0.04 100
81 0.14358493762594327 702354 0.04 100
82 0.14301679085955096 710729 0.04 100
83 0.14245752981307175 719102 0.04 100
84 0.14190687978997243 727470 0.04 100
85 0.1413645151672702 735834 0.04 100
86 0.1408300657021316 744200 0.04 100
87 0.14030312403873657 752564 0.04 100
88 0.13978325401146044 760924 0.04 100
89 0.1392699993559817 769281 0.04 100
90 0.1387628924792131 777641 0.04 100
91 0.1382614629953515 785993 0.04 100
92 0.13776524580105412 794346 0.04 100
93 0.13727378853013866 802693 0.04 100
94 0.13678665829065778 811094 0.04 100
95 0.1363034476398005 819486 0.04 100
96 0.13582377979197274 827875 0.04 100
97 0.1353473130816174 836263 0.04 100
98 0.13487374471552008 844647 0.04 100
99 0.13440281385139263 853031 0.04 100
