0 0.8444892662796654 23144 0.07 260 0.07 260
1 0.4390038178996986 46224 0.07 260 0.07 260
2 0.3034876364033934 69245 0.07 260 0.07 260
3 0.256293104383988 92199 0.07 260 0.07 260
4 0.23057575474760364 115103 0.07 260 0.07 260
5 0.21450346231685727 137962 0.07 260 0.07 260
6 0.20294682487468507 160771 0.07 260 0.07 260
7 0.1941072740976088 183536 0.07 260 0.07 260
8 0.18716342116001372 206260 0.07 260 0.07 260
9 0.18158779305281422 228957 0.07 260 0.07 260
10 0.1769830267385081 251612 0.07 260 0.07 260
11 0.17305665877511847 274236 0.07 260 0.07 260
12 0.16961488257875842 296834 0.07 260 0.07 260
13 0.166542569852651 319412 0.07 260 0.07 260
14 0.16377534853845105 341950 0.07 260 0.07 260
15 0.16127594024345898 364467 0.07 260 0.07 260
16 0.15901895121934503 386958 0.07 260 0.07 260
17 0.15698298432101612 409424 0.07 260 0.07 260
18 0.15514742828070463 431866 0.07 260 0.07 260
19 0.1534914692314696 454285 0.07 260 0.07 260
20 0.15199388059089694 476682 0.07 260 0.07 260
21 0.15063318150004093 499059 0.07 260 0.07 260
22 0.14938830423113855 521414 0.07 260 0.07 260
23 0.14823982493248192 543746 0.07 260 0.07 260
24 0.1471713741114196 566055 0.07 260 0.07 260
25 0.1461705955545587 588342 0.07 260 0.07 260
26 0.14522924008782492 610612 0.07 260 0.07 260
27 0.14434245577068713 632862 0.07 260 0.07 260
28 0.1435076767225981 655097 0.07 260 0.07 260
29 0.1427235331043833 677305 0.07 260 0.07 260
30 0.14198901857009052 699504 0.07 260 0.07 260
31 0.1413029648005633 721675 0.07 260 0.07 260
32 0.14066377949820305 743826 0.07 260 0.07 260
33 0.14006938016894763 765956 0.07 260 0.07 260
34 0.1395172532929407 788065 0.07 260 0.07 260
35 0.13900456911545506 810231 0.07 260 0.07 260
36 0.13852829172619194 832300 0.07 260 0.07 260
37 0.13808524714337994 854355 0.07 260 0.07 260
38 0.1376721420192829 876390 0.07 260 0.07 260
39 0.1372855500655357 898405 0.07 260 0.07 260
40 0.13692189467470367 920399 0.07 260 0.07 260
41 0.136577454728687 942374 0.07 260 0.07 260
42 0.1362484112367309 964329 0.07 260 0.07 260
43 0.1359309406751958 986273 0.07 260 0.07 260
44 0.13562135018428761 1008192 0.07 260 0.07 260
45 0.13531624121799468 1030093 0.07 260 0.07 260
46 0.13501268141719008 1051975 0.07 260 0.07 260
47 0.13470835893115468 1073839 0.07 260 0.07 260
48 0.13440169016230094 1095687 0.07 260 0.07 260
49 0.13409185391646342 1117518 0.07 260 0.07 260
50 0.13377873564752457 1139332 0.07 260 0.07 260
51 0.13346278550974708 1161127 0.07 260 0.07 260
52 0.1331448181154682 1182907 0.07 260 0.07 260
53 0.1328258000045047 1204672 0.07 260 0.07 260
54 0.13250667314089856 1226422 0.07 260 0.07 260
55 0.1321882470075658 1248154 0.07 260 0.07 260
56 0.13187116560056544 1269869 0.07 260 0.07 260
57 0.13155593139780292 1291569 0.07 260 0.07 260
58 0.13124295593961652 1313255 0.07 260 0.07 260
59 0.13093260817836047 1334926 0.07 260 0.07 260
60 0.13062524267953776 1356601 0.07 260 0.07 260
61 0.13032120307024586 1378242 0.07 260 0.07 260
62 0.13002080632712565 1399869 0.07 260 0.07 260
63 0.1297243182923374 1421485 0.07 260 0.07 260
64 0.1294319307154847 1443086 0.07 260 0.07 260
65 0.12914374705739406 1464672 0.07 260 0.07 260
66 0.12885978028345194 1486241 0.07 260 0.07 260
67 0.12857996234823704 1507797 0.07 260 0.07 260
68 0.12830416270831074 1529337 0.07 260 0.07 260
69 0.12803221208486856 1550868 0.07 260 0.07 260
70 0.12776392758474436 1572385 0.07 260 0.07 260
71 0.12749913581370448 1593895 0.07 260 0.07 260
72 0.12723769144071362 1615458 0.07 260 0.07 260
73 0.12697948954489935 1636932 0.07 260 0.07 260
74 0.1267244708526748 1658396 0.07 260 0.07 260
75 0.12647261960400688 1679848 0.07 260 0.07 260
76 0.1262239543050385 1701288 0.07 260 0.07 260
77 0.12597851210276337 1722709 0.07 260 0.07 260
78 0.12573632802711188 1744120 0.07 260 0.07 260
79 0.12549741091020628 1765520 0.07 260 0.07 260
80 0.12526171835947764 1786911 0.07 260 0.07 260
81 0.12502913360383647 1808288 0.07 260 0.07 260
82 0.12479944718289683 1829651 0.07 260 0.07 260
83 0.12457234616118694 1851001 0.07 260 0.07 260
84 0.12434741276159952 1872339 0.07 260 0.07 260
85 0.12412413309781845 1893670 0.07 260 0.07 260
86 0.1239019152538797 1914990 0.07 260 0.07 260
87 0.12368011460812624 1936303 0.07 260 0.07 260
88 0.12345806332530285 1957599 0.07 260 0.07 260
89 0.12323510054577735 1978895 0.07 260 0.07 260
90 0.12301060002987778 2000171 0.07 260 0.07 260
91 0.12278399275417308 2021440 0.07 260 0.07 260
92 0.12255478298434187 2042698 0.07 260 0.07 260
93 0.12232255741745313 2063942 0.07 260 0.07 260
94 0.12208698789089271 2085175 0.07 260 0.07 260
95 0.12184782877698885 2106398 0.07 260 0.07 260
96 0.12160491049306202 2127573 0.07 260 0.07 260
97 0.12135813059632716 2148625 0.07 260 0.07 260
98 0.12110744377882314 2169661 0.07 260 0.07 260
99 0.12085285181389002 2190687 0.07 260 0.07 260
