0 0.9558871215212429 14191 0.04 160
1 0.8479529112425086 28372 0.04 160
2 0.6132604776565505 42546 0.04 160
3 0.4470763526971938 56692 0.04 160
4 0.36151255997526716 70811 0.04 160
5 0.31676984168428546 84902 0.04 160
6 0.2881846318154853 98972 0.04 160
7 0.26797861391833 113050 0.04 160
8 0.2531443914795794 127087 0.04 160
9 0.24199135917941902 141110 0.04 160
10 0.23347876907459217 155120 0.04 160
11 0.22692046695761037 169122 0.04 160
12 0.22180300245279963 183108 0.04 160
13 0.21773146450961312 197088 0.04 160
14 0.2144018984513077 211053 0.04 160
15 0.21157561648635279 225012 0.04 160
16 0.2090630332315696 238967 0.04 160
17 0.20671557943845223 252905 0.04 160
18 0.20442112786493338 266828 0.04 160
19 0.20210104939386106 280747 0.04 160
20 0.19970850730620732 294652 0.04 160
21 0.19722685481143107 308548 0.04 160
22 0.19466622570970865 322434 0.04 160
23 0.19205702757482943 336311 0.04 160
24 0.1894407407483908 350178 0.04 160
25 0.1868600951273917 364035 0.04 160
26 0.1843512055440922 377885 0.04 160
27 0.18193930060997324 391725 0.04 160
28 0.17963812102051116 405558 0.04 160
29 0.17745189214288612 419379 0.04 160
30 0.17537840391738438 433194 0.04 160
31 0.17341202187737126 447013 0.04 160
32 0.17154599651562233 460810 0.04 160
33 0.16977389235448026 474594 0.04 160
34 0.16809021973329222 488373 0.04 160
35 0.16649046731531542 502141 0.04 160
36 0.16497076473248076 515901 0.04 160
37 0.16352739131848787 529654 0.04 160
38 0.16215631224839602 543397 0.04 160
39 0.16085287839841547 557132 0.04 160
40 0.15961176618477538 570860 0.04 160
41 0.1584271563552873 584579 0.04 160
42 0.1572930778010414 598289 0.04 160
43 0.15620380502784387 611997 0.04 160
44 0.1551542045368894 625691 0.04 160
45 0.1541399606281125 639384 0.04 160
46 0.15315765597856287 653069 0.04 160
47 0.1522047228791605 666744 0.04 160
48 0.15127930750673363 680406 0.04 160
49 0.15038009752436068 694064 0.04 160
50 0.14950615513055426 707712 0.04 160
51 0.14865678105466276 721353 0.04 160
52 0.1478314181179766 734987 0.04 160
53 0.147029590986001 748614 0.04 160
54 0.1462508729095598 762233 0.04 160
55 0.14549486929329264 775845 0.04 160
56 0.14476120970046194 789455 0.04 160
57 0.14404954258728062 803053 0.04 160
58 0.14335952957244813 816651 0.04 160
59 0.14269083794893492 830238 0.04 160
60 0.14204313138884705 843825 0.04 160
61 0.14141605949870517 857406 0.04 160
62 0.14080924720242385 870980 0.04 160
63 0.14022228498860445 884542 0.04 160
64 0.13965472094930936 898102 0.04 160
65 0.1391060553249865 911652 0.04 160
66 0.13857573800395348 925196 0.04 160
67 0.13806316914373942 938736 0.04 160
68 0.13756770281677036 952270 0.04 160
69 0.13708865335872833 965798 0.04 160
70 0.13662530393169348 979321 0.04 160
71 0.13617691671598392 992843 0.04 160
72 0.13574274411664883 1006354 0.04 160
73 0.13532204040689125 1019868 0.04 160
74 0.13491407331677646 1033371 0.04 160
75 0.13451813518879285 1046873 0.04 160
76 0.1341335534341502 1060369 0.04 160
77 0.13375970010710464 1073864 0.04 160
78 0.13339600044923636 1087348 0.04 160
79 0.13304194023716912 1100829 0.04 160
80 0.13269707171033387 1114303 0.04 160
81 0.1323610177901252 1127771 0.04 160
82 0.13203347426460543 1141236 0.04 160
83 0.13171420963482905 1154699 0.04 160
84 0.13140306241584207 1168156 0.04 160
85 0.1310999358535148 1181608 0.04 160
86 0.13080479023488448 1195058 0.04 160
87 0.1305176331987961 1208503 0.04 160
88 0.1302385086549053 1221969 0.04 160
89 0.1299674850564436 1235407 0.04 160
90 0.12970464382179184 1248844 0.04 160
91 0.12945006865524206 1262272 0.04 160
92 0.1292038363891957 1275702 0.04 160
93 0.12896600978214734 1289124 0.04 160
94 0.12873663248952527 1302545 0.04 160
95 0.12851572620844062 1315959 0.04 160
96 0.12830328980840675 1329369 0.04 160
97 0.12809930011490425 1342776 0.04 160
98 0.1279037139179235 1356180 0.04 160
99 0.12771647073216205 1369634 0.04 160
