0 0.9665844254682694 24734 0.03 280 0.03 280
1 0.9443998203525582 49437 0.03 280 0.03 280
2 0.8096319721103048 74154 0.03 280 0.03 280
3 0.6221670210736066 98856 0.03 280 0.03 280
4 0.4977164517167528 123547 0.03 280 0.03 280
5 0.4158143356014359 148218 0.03 280 0.03 280
6 0.36507660878927883 172869 0.03 280 0.03 280
7 0.3299342646815793 197507 0.03 280 0.03 280
8 0.3044462410074886 222146 0.03 280 0.03 280
9 0.2859215905670586 246748 0.03 280 0.03 280
10 0.2721829555539155 271345 0.03 280 0.03 280
11 0.26166380616413176 295920 0.03 280 0.03 280
12 0.2533148088770069 320482 0.03 280 0.03 280
13 0.24645560861612076 345030 0.03 280 0.03 280
14 0.24064877994247783 369571 0.03 280 0.03 280
15 0.2356100579461208 394100 0.03 280 0.03 280
16 0.23114860697735382 418628 0.03 280 0.03 280
17 0.22712785466041885 443134 0.03 280 0.03 280
18 0.22344186873449096 467642 0.03 280 0.03 280
19 0.22000360980627026 492127 0.03 280 0.03 280
20 0.21674100644304273 516608 0.03 280 0.03 280
21 0.213596873964141 541074 0.03 280 0.03 280
22 0.21052956592760788 565531 0.03 280 0.03 280
23 0.20751251259279246 589973 0.03 280 0.03 280
24 0.20453214837864148 614406 0.03 280 0.03 280
25 0.20158477082749243 638827 0.03 280 0.03 280
26 0.1986732397606946 663236 0.03 280 0.03 280
27 0.19580418677930383 687632 0.03 280 0.03 280
28 0.1929859615692452 712028 0.03 280 0.03 280
29 0.19022722050626933 736400 0.03 280 0.03 280
30 0.18753597309062772 760767 0.03 280 0.03 280
31 0.18491896982555384 785123 0.03 280 0.03 280
32 0.18238138741441967 809465 0.03 280 0.03 280
33 0.1799267620470901 833797 0.03 280 0.03 280
34 0.17755708812191048 858124 0.03 280 0.03 280
35 0.17527300722306557 882440 0.03 280 0.03 280
36 0.17307404961465642 906745 0.03 280 0.03 280
37 0.17095890874707842 931044 0.03 280 0.03 280
38 0.16892571952433139 955371 0.03 280 0.03 280
39 0.16697230249415654 979662 0.03 280 0.03 280
40 0.1650963476097696 1003938 0.03 280 0.03 280
41 0.16329553428504745 1028208 0.03 280 0.03 280
42 0.1615676016542152 1052467 0.03 280 0.03 280
43 0.15991038664680277 1076720 0.03 280 0.03 280
44 0.15832184201316582 1100966 0.03 280 0.03 280
45 0.1568000396427607 1125208 0.03 280 0.03 280
46 0.1553431609309303 1149449 0.03 280 0.03 280
47 0.15394947578441942 1173676 0.03 280 0.03 280
48 0.15261731324532118 1197896 0.03 280 0.03 280
49 0.15134502785797088 1222108 0.03 280 0.03 280
50 0.15013096599049783 1246316 0.03 280 0.03 280
51 0.14897343546768863 1270516 0.03 280 0.03 280
52 0.14787068063871914 1294707 0.03 280 0.03 280
53 0.14682086393164023 1318901 0.03 280 0.03 280
54 0.14582205429742678 1343083 0.03 280 0.03 280
55 0.14487222268539435 1367256 0.03 280 0.03 280
56 0.14396924460824623 1391425 0.03 280 0.03 280
57 0.1431109097109554 1415589 0.03 280 0.03 280
58 0.14229493790631478 1439752 0.03 280 0.03 280
59 0.1415190010862722 1463902 0.03 280 0.03 280
60 0.14078074880442257 1488057 0.03 280 0.03 280
61 0.14007783585322758 1512198 0.03 280 0.03 280
62 0.1394079494906283 1536338 0.03 280 0.03 280
63 0.13876883425783973 1560475 0.03 280 0.03 280
64 0.13815831281158564 1584606 0.03 280 0.03 280
65 0.13757430183688282 1608732 0.03 280 0.03 280
66 0.13701482276591062 1632848 0.03 280 0.03 280
67 0.13647800759271317 1656957 0.03 280 0.03 280
68 0.1359621004811636 1681061 0.03 280 0.03 280
69 0.13546545609965177 1705160 0.03 280 0.03 280
70 0.13498653569594776 1729253 0.03 280 0.03 280
71 0.1345239018809209 1753337 0.03 280 0.03 280
72 0.1340762129564498 1777413 0.03 280 0.03 280
73 0.1336422174359226 1801489 0.03 280 0.03 280
74 0.1332207491967043 1825556 0.03 280 0.03 280
75 0.13281072349901085 1849618 0.03 280 0.03 280
76 0.13241113392523404 1873684 0.03 280 0.03 280
77 0.13202105015151328 1897734 0.03 280 0.03 280
78 0.13163961636620822 1921786 0.03 280 0.03 280
79 0.13126605009829762 1945829 0.03 280 0.03 280
80 0.13089964120783426 1969863 0.03 280 0.03 280
81 0.13053975081191685 1993891 0.03 280 0.03 280
82 0.13018580996289503 2017914 0.03 280 0.03 280
83 0.12983731795028852 2041942 0.03 280 0.03 280
84 0.12949384015498888 2065955 0.03 280 0.03 280
85 0.12915500543666888 2089960 0.03 280 0.03 280
86 0.1288205030783556 2113960 0.03 280 0.03 280
87 0.1284900793436576 2137954 0.03 280 0.03 280
88 0.12816353372186237 2161942 0.03 280 0.03 280
89 0.12784071494532345 2185927 0.03 280 0.03 280
90 0.12752151686409682 2209915 0.03 280 0.03 280
91 0.12720587425706414 2233885 0.03 280 0.03 280
92 0.12689375864893013 2257852 0.03 280 0.03 280
93 0.12658517419044302 2281815 0.03 280 0.03 280
94 0.1262801536464834 2305774 0.03 280 0.03 280
95 0.1259787545243565 2329732 0.03 280 0.03 280
96 0.12568105536352833 2353680 0.03 280 0.03 280
97 0.12538715219859278 2377635 0.03 280 0.03 280
98 0.1250971551998222 2401575 0.03 280 0.03 280
99 0.12481118549035251 2425516 0.03 280 0.03 280
