0 0.9528947532353301 1858 0.07 20
1 0.8001786897052524 3710 0.07 20
2 0.5765282694103836 5526 0.07 20
3 0.492323911117668 7306 0.07 20
4 0.4504942497753068 9064 0.07 20
5 0.41381523625881667 10806 0.07 20
6 0.3816347120060097 12531 0.07 20
7 0.35339501284627817 14244 0.07 20
8 0.32918938952267895 15945 0.07 20
9 0.31014509495492637 17637 0.07 20
10 0.296797366178407 19320 0.07 20
11 0.2874029398085591 20997 0.07 20
12 0.2802327291894239 22668 0.07 20
13 0.2744153094549299 24334 0.07 20
14 0.2694898784888989 25995 0.07 20
15 0.26521145149642766 27651 0.07 20
16 0.2613933365382298 29304 0.07 20
17 0.2579077992136619 30953 0.07 20
18 0.2547027441104225 32599 0.07 20
19 0.2517578304606322 34242 0.07 20
20 0.24903424069588137 35881 0.07 20
21 0.24646345484931526 37518 0.07 20
22 0.24399380023467399 39151 0.07 20
23 0.24162911533084183 40781 0.07 20
24 0.23939493930368713 42414 0.07 20
25 0.23728476819014918 44038 0.07 20
26 0.23526235673322132 45660 0.07 20
27 0.2333024469141336 47279 0.07 20
28 0.23143845208167838 48896 0.07 20
29 0.2297552230083681 50512 0.07 20
30 0.22829035314056853 52124 0.07 20
31 0.22699443427335791 53733 0.07 20
32 0.22578005312675292 55341 0.07 20
33 0.22459899886045262 56947 0.07 20
34 0.2234783198214593 58550 0.07 20
35 0.22248572551135795 60155 0.07 20
36 0.2216852761093502 61753 0.07 20
37 0.22111738040082965 63347 0.07 20
38 0.2208097705755726 64939 0.07 20
39 0.2207787251867102 66529 0.07 20
40 0.2210007136338102 68116 0.07 20
41 0.22139124172286456 69700 0.07 20
42 0.22184455750511753 71282 0.07 20
43 0.2223170983708474 72862 0.07 20
44 0.22283351491312064 74439 0.07 20
45 0.22343286504321436 76014 0.07 20
46 0.22415431584672146 77588 0.07 20
47 0.22499859142012504 79158 0.07 20
48 0.22592391882047033 80727 0.07 20
49 0.22687955379275862 82294 0.07 20
50 0.2277967179933189 83858 0.07 20
51 0.22870987743302718 85421 0.07 20
52 0.22963926020378125 86981 0.07 20
53 0.23049740560865578 88541 0.07 20
54 0.23122997930608788 90097 0.07 20
55 0.2317519366993789 91652 0.07 20
56 0.23205967502860866 93204 0.07 20
57 0.23224679584882438 94755 0.07 20
58 0.23232049638667862 96305 0.07 20
59 0.23224549216779095 97852 0.07 20
60 0.23200717762951345 99402 0.07 20
61 0.23164916923358125 100947 0.07 20
62 0.2312101336584611 102490 0.07 20
63 0.2306582066738449 104033 0.07 20
64 0.22992130732416244 105572 0.07 20
65 0.2289102557263932 107111 0.07 20
66 0.22771121436037178 108651 0.07 20
67 0.226281118137537 110191 0.07 20
68 0.22459274302687818 111726 0.07 20
69 0.22267843091312384 113259 0.07 20
70 0.22062071961698396 114791 0.07 20
71 0.21850424677955096 116324 0.07 20
72 0.21638540164966227 117855 0.07 20
73 0.21443312472033285 119386 0.07 20
74 0.21272331725813987 120918 0.07 20
75 0.21113251843852665 122447 0.07 20
76 0.20954377605986904 123976 0.07 20
77 0.20790344933991456 125505 0.07 20
78 0.206228222106304 127034 0.07 20
79 0.20458642140106212 128562 0.07 20
80 0.20300040012995332 130091 0.07 20
81 0.2015041289841617 131627 0.07 20
82 0.20011822085221947 133156 0.07 20
83 0.19875030915483244 134686 0.07 20
84 0.19731172906263214 136216 0.07 20
85 0.19570055468226574 137747 0.07 20
86 0.19388376861958787 139277 0.07 20
87 0.19199839908806948 140809 0.07 20
88 0.1901697601013473 142343 0.07 20
89 0.1884504958199852 143875 0.07 20
90 0.1868298835936463 145408 0.07 20
91 0.1853012776681037 146942 0.07 20
92 0.1838590439879632 148477 0.07 20
93 0.18253829295688964 150012 0.07 20
94 0.18137966327912933 151548 0.07 20
95 0.18031272289840114 153085 0.07 20
96 0.1792393627205937 154623 0.07 20
97 0.17814959827339635 156162 0.07 20
98 0.17705423666996964 157701 0.07 20
99 0.17595479825431887 159241 0.07 20
