0 0.9559080182203867 21208 0.01 220 0.01 220
1 0.9538969242906167 41162 0.01 220 0.01 220
2 0.9512065542895873 60913 0.01 220 0.01 220
3 0.9472378949581272 80506 0.01 220 0.01 220
4 0.9407809694045342 100236 0.01 220 0.01 220
5 0.9291382169039307 119793 0.01 220 0.01 220
6 0.9068148175308272 139372 0.01 220 0.01 220
7 0.8689677653096969 158943 0.01 220 0.01 220
8 0.8197051427532112 178524 0.01 220 0.01 220
9 0.7651433810178869 198107 0.01 220 0.01 220
10 0.7109513875144019 217691 0.01 220 0.01 220
11 0.6624979225390157 237286 0.01 220 0.01 220
12 0.6209080788585317 256875 0.01 220 0.01 220
13 0.5843221892507745 276428 0.01 220 0.01 220
14 0.5507087920001557 295975 0.01 220 0.01 220
15 0.5190821362949278 315520 0.01 220 0.01 220
16 0.48938645649165363 335065 0.01 220 0.01 220
17 0.46189702209206346 354602 0.01 220 0.01 220
18 0.4367645031580627 374135 0.01 220 0.01 220
19 0.413967285376757 393665 0.01 220 0.01 220
20 0.3934660209433392 413191 0.01 220 0.01 220
21 0.37526859525142137 432712 0.01 220 0.01 220
22 0.3593713700325782 452230 0.01 220 0.01 220
23 0.3456808988745756 471745 0.01 220 0.01 220
24 0.33399847249854 491252 0.01 220 0.01 220
25 0.32406123683039184 510759 0.01 220 0.01 220
26 0.3155932528362012 530259 0.01 220 0.01 220
27 0.308339513461455 549755 0.01 220 0.01 220
28 0.3020804987889353 569250 0.01 220 0.01 220
29 0.2966341020666955 588738 0.01 220 0.01 220
30 0.2918517025609502 608221 0.01 220 0.01 220
31 0.2876125477794117 627701 0.01 220 0.01 220
32 0.2838183563526289 647177 0.01 220 0.01 220
33 0.2803887778986969 666650 0.01 220 0.01 220
34 0.2772577871512046 686123 0.01 220 0.01 220
35 0.27437089457403 705590 0.01 220 0.01 220
36 0.27168300932321265 725056 0.01 220 0.01 220
37 0.26915679712252855 744518 0.01 220 0.01 220
38 0.26676140096082046 763976 0.01 220 0.01 220
39 0.26447142409640334 783435 0.01 220 0.01 220
40 0.26226610578323073 802889 0.01 220 0.01 220
41 0.2601286453406043 822343 0.01 220 0.01 220
42 0.25804564688051734 841793 0.01 220 0.01 220
43 0.25600666512505893 861238 0.01 220 0.01 220
44 0.25400383445149616 880682 0.01 220 0.01 220
45 0.25203156183378406 900139 0.01 220 0.01 220
46 0.25008626281751417 919603 0.01 220 0.01 220
47 0.24816612019455325 939097 0.01 220 0.01 220
48 0.24627084842262317 958534 0.01 220 0.01 220
49 0.2444014526399081 978080 0.01 220 0.01 220
50 0.2425599781377605 997509 0.01 220 0.01 220
51 0.24074925288398674 1016935 0.01 220 0.01 220
52 0.23897263083809078 1036392 0.01 220 0.01 220
53 0.23723374659116656 1055814 0.01 220 0.01 220
54 0.2355362921619007 1075235 0.01 220 0.01 220
55 0.23388382501039462 1094657 0.01 220 0.01 220
56 0.23227961325200766 1114073 0.01 220 0.01 220
57 0.23072652050006093 1133487 0.01 220 0.01 220
58 0.22922692944722628 1152907 0.01 220 0.01 220
59 0.22778270067861064 1172316 0.01 220 0.01 220
60 0.22639516149608963 1191726 0.01 220 0.01 220
61 0.2250651186984876 1211133 0.01 220 0.01 220
62 0.22379288913595197 1230539 0.01 220 0.01 220
63 0.2225783422155488 1249941 0.01 220 0.01 220
64 0.2214209491779033 1269343 0.01 220 0.01 220
65 0.22031983475514633 1288744 0.01 220 0.01 220
66 0.21927382768931997 1308142 0.01 220 0.01 220
67 0.21828150750892308 1327537 0.01 220 0.01 220
68 0.21734124590380746 1346932 0.01 220 0.01 220
69 0.21645124195763368 1366321 0.01 220 0.01 220
70 0.2156095513214729 1385709 0.01 220 0.01 220
71 0.21481411006545162 1405096 0.01 220 0.01 220
72 0.21406275437082403 1424481 0.01 220 0.01 220
73 0.21335323740272827 1443864 0.01 220 0.01 220
74 0.21268324465499483 1463245 0.01 220 0.01 220
75 0.21205040883560042 1482624 0.01 220 0.01 220
76 0.21145232503403366 1502001 0.01 220 0.01 220
77 0.2108865665500874 1521377 0.01 220 0.01 220
78 0.21035070142607068 1540750 0.01 220 0.01 220
79 0.2098423094519028 1560121 0.01 220 0.01 220
80 0.209358999226536 1579493 0.01 220 0.01 220
81 0.20889842476390919 1598864 0.01 220 0.01 220
82 0.20845830111872063 1618231 0.01 220 0.01 220
83 0.20803641855995397 1637600 0.01 220 0.01 220
84 0.20763065491804564 1656963 0.01 220 0.01 220
85 0.207238985854475 1676325 0.01 220 0.01 220
86 0.20685949293246805 1695685 0.01 220 0.01 220
87 0.20649036949017 1715042 0.01 220 0.01 220
88 0.20612992442294167 1734397 0.01 220 0.01 220
89 0.20577658406312302 1753749 0.01 220 0.01 220
90 0.20542889240102216 1773097 0.01 220 0.01 220
91 0.20508550992026278 1792443 0.01 220 0.01 220
92 0.20474521132654863 1811789 0.01 220 0.01 220
93 0.20440688243555868 1831133 0.01 220 0.01 220
94 0.20406951645823554 1850484 0.01 220 0.01 220
95 0.20373220988549934 1869824 0.01 220 0.01 220
96 0.20339415813440098 1889162 0.01 220 0.01 220
97 0.20305465107814313 1908507 0.01 220 0.01 220
98 0.20271306854637883 1927853 0.01 220 0.01 220
99 0.20236887585167682 1947185 0.01 220 0.01 220
