0 0.9567571464844177 20946 0.02 220 0.02 220
1 0.9492778472309858 40673 0.02 220 0.02 220
2 0.9269138262091182 60454 0.02 220 0.02 220
3 0.8580216660808708 79943 0.02 220 0.02 220
4 0.7531172055956752 99514 0.02 220 0.02 220
5 0.6540521420023756 118990 0.02 220 0.02 220
6 0.5767379925036462 138453 0.02 220 0.02 220
7 0.5096299667422276 157869 0.02 220 0.02 220
8 0.45162393987937866 177286 0.02 220 0.02 220
9 0.4048032715402489 196759 0.02 220 0.02 220
10 0.36881624829415866 216150 0.02 220 0.02 220
11 0.3423421222204462 235529 0.02 220 0.02 220
12 0.32321392315137865 254898 0.02 220 0.02 220
13 0.30912048140609255 274258 0.02 220 0.02 220
14 0.29830620586597517 293610 0.02 220 0.02 220
15 0.2896098302576282 312954 0.02 220 0.02 220
16 0.28228675173679296 332292 0.02 220 0.02 220
17 0.27586075408794924 351625 0.02 220 0.02 220
18 0.27003139753194405 370954 0.02 220 0.02 220
19 0.2646176175256421 390276 0.02 220 0.02 220
20 0.2595207360986728 409593 0.02 220 0.02 220
21 0.25469755186142673 428902 0.02 220 0.02 220
22 0.25013950351557507 448207 0.02 220 0.02 220
23 0.24585646967748767 467506 0.02 220 0.02 220
24 0.2418645814484506 486802 0.02 220 0.02 220
25 0.2381777886683736 506091 0.02 220 0.02 220
26 0.23480306462485837 525374 0.02 220 0.02 220
27 0.23173876698300683 544651 0.02 220 0.02 220
28 0.2289751367696233 563923 0.02 220 0.02 220
29 0.22649580387776883 583190 0.02 220 0.02 220
30 0.22427951431476167 602452 0.02 220 0.02 220
31 0.2223017315685031 621711 0.02 220 0.02 220
32 0.22053603197132154 640963 0.02 220 0.02 220
33 0.21895530229720392 660211 0.02 220 0.02 220
34 0.2175327466602414 679455 0.02 220 0.02 220
35 0.21624269062583892 698695 0.02 220 0.02 220
36 0.21506116864449457 717929 0.02 220 0.02 220
37 0.21396630064460814 737161 0.02 220 0.02 220
38 0.21293848869420115 756393 0.02 220 0.02 220
39 0.211960478988351 775616 0.02 220 0.02 220
40 0.2110173341914333 794837 0.02 220 0.02 220
41 0.21009635161762744 814051 0.02 220 0.02 220
42 0.20918695067561355 833260 0.02 220 0.02 220
43 0.20828054267441398 852466 0.02 220 0.02 220
44 0.20737038888426068 871669 0.02 220 0.02 220
45 0.20645144857373518 890866 0.02 220 0.02 220
46 0.20552021708622567 910058 0.02 220 0.02 220
47 0.20457455422076848 929246 0.02 220 0.02 220
48 0.2036135044189336 948430 0.02 220 0.02 220
49 0.20263711165523585 967610 0.02 220 0.02 220
50 0.2016462328428099 986785 0.02 220 0.02 220
51 0.20064235379913503 1005960 0.02 220 0.02 220
52 0.199627411575965 1025164 0.02 220 0.02 220
53 0.19860362662680095 1044333 0.02 220 0.02 220
54 0.19757334815408203 1063503 0.02 220 0.02 220
55 0.19653891608263507 1082663 0.02 220 0.02 220
56 0.1955025432333017 1101815 0.02 220 0.02 220
57 0.19446622109457454 1120966 0.02 220 0.02 220
58 0.19343165184822828 1140113 0.02 220 0.02 220
59 0.19240020793212068 1159260 0.02 220 0.02 220
60 0.19137291858822952 1178397 0.02 220 0.02 220
61 0.19035048088703962 1197551 0.02 220 0.02 220
62 0.18933329102987861 1216680 0.02 220 0.02 220
63 0.18832149061957157 1235802 0.02 220 0.02 220
64 0.18731502220481622 1254921 0.02 220 0.02 220
65 0.18631368870969758 1274035 0.02 220 0.02 220
66 0.18531721217782388 1293141 0.02 220 0.02 220
67 0.1843252883426027 1312243 0.02 220 0.02 220
68 0.18333763464315886 1331341 0.02 220 0.02 220
69 0.18235403026893673 1350436 0.02 220 0.02 220
70 0.18137434755507603 1369527 0.02 220 0.02 220
71 0.18039857456535924 1388628 0.02 220 0.02 220
72 0.17942682904109478 1407711 0.02 220 0.02 220
73 0.1784593641313429 1426840 0.02 220 0.02 220
74 0.17749656651277634 1445926 0.02 220 0.02 220
75 0.17653894769322964 1464998 0.02 220 0.02 220
76 0.1755871294817813 1484065 0.02 220 0.02 220
77 0.1746418247871446 1503132 0.02 220 0.02 220
78 0.17370381504814036 1522195 0.02 220 0.02 220
79 0.17277392567514832 1541252 0.02 220 0.02 220
80 0.1718530008671412 1560307 0.02 220 0.02 220
81 0.17094187905833957 1579365 0.02 220 0.02 220
82 0.17004137005314235 1598412 0.02 220 0.02 220
83 0.16915223465580095 1617454 0.02 220 0.02 220
84 0.1682751673294508 1636497 0.02 220 0.02 220
85 0.16741078216478358 1655529 0.02 220 0.02 220
86 0.16655960222972432 1674558 0.02 220 0.02 220
87 0.16572205222132338 1693581 0.02 220 0.02 220
88 0.16489845424757055 1712603 0.02 220 0.02 220
89 0.16408902651670154 1731619 0.02 220 0.02 220
90 0.16329388468670678 1750632 0.02 220 0.02 220
91 0.16251304561213187 1769642 0.02 220 0.02 220
92 0.16174643320876672 1788648 0.02 220 0.02 220
93 0.16099388613658974 1807650 0.02 220 0.02 220
94 0.16025516697952852 1826649 0.02 220 0.02 220
95 0.15952997258188067 1845644 0.02 220 0.02 220
96 0.15881794518967415 1864638 0.02 220 0.02 220
97 0.1581186840433555 1883629 0.02 220 0.02 220
98 0.15743175707649623 1902616 0.02 220 0.02 220
99 0.15675671239334343 1921599 0.02 220 0.02 220
