0 0.9567208793048803 21224 0.02 240 0.02 240
1 0.9472976494218129 42429 0.02 240 0.02 240
2 0.9175191483771135 63612 0.02 240 0.02 240
3 0.8162141779574316 84855 0.02 240 0.02 240
4 0.6825513624362464 106052 0.02 240 0.02 240
5 0.5852855733777353 127242 0.02 240 0.02 240
6 0.5157958603919202 148421 0.02 240 0.02 240
7 0.4657802913736675 169582 0.02 240 0.02 240
8 0.42624883365666505 190738 0.02 240 0.02 240
9 0.39263772185230406 211873 0.02 240 0.02 240
10 0.3643349785060728 233010 0.02 240 0.02 240
11 0.341515061011718 254121 0.02 240 0.02 240
12 0.32352757437637525 275223 0.02 240 0.02 240
13 0.309221650086283 296312 0.02 240 0.02 240
14 0.2975387646959827 317403 0.02 240 0.02 240
15 0.28773296344821203 338474 0.02 240 0.02 240
16 0.2793257725127956 359541 0.02 240 0.02 240
17 0.2720118413391333 380600 0.02 240 0.02 240
18 0.2655919615176353 401653 0.02 240 0.02 240
19 0.2599318121963062 422697 0.02 240 0.02 240
20 0.2549358579818063 443737 0.02 240 0.02 240
21 0.25053067458140443 464768 0.02 240 0.02 240
22 0.24665476322989052 485791 0.02 240 0.02 240
23 0.24325292768906734 506808 0.02 240 0.02 240
24 0.24027371217938084 527818 0.02 240 0.02 240
25 0.2376686111185104 548823 0.02 240 0.02 240
26 0.23539199191827967 569820 0.02 240 0.02 240
27 0.23340105100052788 590810 0.02 240 0.02 240
28 0.23165556922253308 611794 0.02 240 0.02 240
29 0.2301175563547556 632781 0.02 240 0.02 240
30 0.22875097575872586 653752 0.02 240 0.02 240
31 0.22752167899563905 674717 0.02 240 0.02 240
32 0.2263975781018567 695675 0.02 240 0.02 240
33 0.2253490158890496 716653 0.02 240 0.02 240
34 0.22434926674697378 737620 0.02 240 0.02 240
35 0.22337508602328623 758592 0.02 240 0.02 240
36 0.22240720880926654 779571 0.02 240 0.02 240
37 0.2214306858371225 800503 0.02 240 0.02 240
38 0.22043495525202417 821429 0.02 240 0.02 240
39 0.21941359749642414 842349 0.02 240 0.02 240
40 0.21836379777995854 863261 0.02 240 0.02 240
41 0.21728561649805825 884166 0.02 240 0.02 240
42 0.21618120790607703 905066 0.02 240 0.02 240
43 0.21505411451445428 925958 0.02 240 0.02 240
44 0.2139087105620172 946845 0.02 240 0.02 240
45 0.21274980326525855 967726 0.02 240 0.02 240
46 0.21158235504729503 988601 0.02 240 0.02 240
47 0.2104112767460305 1009469 0.02 240 0.02 240
48 0.20924125495419016 1030332 0.02 240 0.02 240
49 0.20807659990305552 1051190 0.02 240 0.02 240
50 0.20692111873177982 1072040 0.02 240 0.02 240
51 0.20577802567703202 1092884 0.02 240 0.02 240
52 0.20464989686392693 1113722 0.02 240 0.02 240
53 0.20353866859469183 1134554 0.02 240 0.02 240
54 0.2024456701368743 1155379 0.02 240 0.02 240
55 0.20137167831660155 1176200 0.02 240 0.02 240
56 0.20031698200146572 1197023 0.02 240 0.02 240
57 0.19928144810670287 1217828 0.02 240 0.02 240
58 0.19826458486578669 1238628 0.02 240 0.02 240
59 0.19726560115505842 1259422 0.02 240 0.02 240
60 0.1962834620763876 1280210 0.02 240 0.02 240
61 0.1953169411128247 1300998 0.02 240 0.02 240
62 0.19436466873845754 1321776 0.02 240 0.02 240
63 0.19342517705658585 1342549 0.02 240 0.02 240
64 0.19249694014148946 1363316 0.02 240 0.02 240
65 0.1915784101578087 1384078 0.02 240 0.02 240
66 0.1906680497336515 1404835 0.02 240 0.02 240
67 0.18976436122852303 1425586 0.02 240 0.02 240
68 0.18886591340507403 1446333 0.02 240 0.02 240
69 0.1879713656890365 1467074 0.02 240 0.02 240
70 0.1870794898564347 1487814 0.02 240 0.02 240
71 0.18618918876253607 1508557 0.02 240 0.02 240
72 0.18529951168453473 1529293 0.02 240 0.02 240
73 0.18440966597298253 1550015 0.02 240 0.02 240
74 0.18351902493107833 1570744 0.02 240 0.02 240
75 0.18262713208815406 1591458 0.02 240 0.02 240
76 0.181733702237879 1612169 0.02 240 0.02 240
77 0.18083861972955514 1632872 0.02 240 0.02 240
78 0.17994193451572674 1653569 0.02 240 0.02 240
79 0.17904385637792714 1674267 0.02 240 0.02 240
80 0.17814474760137486 1694960 0.02 240 0.02 240
81 0.17724511418969383 1715647 0.02 240 0.02 240
82 0.17634559554989956 1736335 0.02 240 0.02 240
83 0.17544695247970798 1757025 0.02 240 0.02 240
84 0.17455005328198706 1777716 0.02 240 0.02 240
85 0.1736558579199598 1798389 0.02 240 0.02 240
86 0.17276540029391219 1819058 0.02 240 0.02 240
87 0.17187976893183557 1839717 0.02 240 0.02 240
88 0.17100008660239013 1860368 0.02 240 0.02 240
89 0.17012748953829823 1881015 0.02 240 0.02 240
90 0.1692631070656689 1901658 0.02 240 0.02 240
91 0.16840804244312865 1922299 0.02 240 0.02 240
92 0.1675633556149833 1942934 0.02 240 0.02 240
93 0.1667300483902085 1963565 0.02 240 0.02 240
94 0.16590905231331818 1984194 0.02 240 0.02 240
95 0.16510121924779217 2004820 0.02 240 0.02 240
96 0.16430731449862016 2025441 0.02 240 0.02 240
97 0.16352801218996726 2046059 0.02 240 0.02 240
98 0.1627638925915473 2066675 0.02 240 0.02 240
99 0.16201544113164773 2087286 0.02 240 0.02 240
