0 0.7218552003735662 17744 0.09 200
1 0.3562695703845115 35401 0.09 200
2 0.2771229761655839 52990 0.09 200
3 0.24088147912765864 70514 0.09 200
4 0.22301082122566612 87982 0.09 200
5 0.20978963162055386 105404 0.09 200
6 0.19863861753029383 122777 0.09 200
7 0.18928752086497802 140107 0.09 200
8 0.18152166720124346 157388 0.09 200
9 0.17509983599385284 174625 0.09 200
10 0.16980353661097583 191821 0.09 200
11 0.1654278440526976 208977 0.09 200
12 0.1617806755831007 226089 0.09 200
13 0.15869545419314118 243159 0.09 200
14 0.15604108283832324 260190 0.09 200
15 0.15372248874333966 277186 0.09 200
16 0.15167490578959852 294142 0.09 200
17 0.14985576935234585 311058 0.09 200
18 0.14823693991804035 327935 0.09 200
19 0.14679928455334162 344783 0.09 200
20 0.1455298806595786 361594 0.09 200
21 0.14441993662561511 378369 0.09 200
22 0.1434617964925383 395128 0.09 200
23 0.14264567210620546 411856 0.09 200
24 0.141957848723686 428540 0.09 200
25 0.14138116028411063 445186 0.09 200
26 0.14089705243953712 461806 0.09 200
27 0.1404878690729608 478397 0.09 200
28 0.140138310243891 494964 0.09 200
29 0.13983578995658347 511498 0.09 200
30 0.13957003174938587 528007 0.09 200
31 0.1393323917987486 544490 0.09 200
32 0.13911521840366362 560951 0.09 200
33 0.13891133655648835 577391 0.09 200
34 0.13871366616934067 593804 0.09 200
35 0.13851501879018033 610218 0.09 200
36 0.13830815745916689 626590 0.09 200
37 0.13808617605537082 642938 0.09 200
38 0.1378431588157256 659271 0.09 200
39 0.13757495966716132 675581 0.09 200
40 0.13727984894957038 691872 0.09 200
41 0.13695876461303744 708139 0.09 200
42 0.13661500835161006 724389 0.09 200
43 0.13625342499398765 740621 0.09 200
44 0.13587930780988444 756841 0.09 200
45 0.1354973677912902 773043 0.09 200
46 0.13511103700065208 789225 0.09 200
47 0.1347222004847926 805392 0.09 200
48 0.1343312840583187 821547 0.09 200
49 0.13393754771289293 837689 0.09 200
50 0.13353944883324242 853812 0.09 200
51 0.1331349973770321 869942 0.09 200
52 0.13272207739205927 886053 0.09 200
53 0.1322987324097485 902142 0.09 200
54 0.13186340883146658 918214 0.09 200
55 0.13141513757766063 934269 0.09 200
56 0.13095362741059582 950315 0.09 200
57 0.13047925295787746 966353 0.09 200
58 0.1299929439566454 982374 0.09 200
59 0.1294960076239757 998384 0.09 200
60 0.12898993036810927 1014386 0.09 200
61 0.12847620261970846 1030375 0.09 200
62 0.1279561952105194 1046364 0.09 200
63 0.12743109639707406 1062334 0.09 200
64 0.1269019031497842 1078294 0.09 200
65 0.12636945204837835 1094249 0.09 200
66 0.1258344733004578 1110193 0.09 200
67 0.12529765344130003 1126125 0.09 200
68 0.1247596957288422 1142057 0.09 200
69 0.12422137067873998 1157971 0.09 200
70 0.12368355210684948 1173915 0.09 200
71 0.12314723648137049 1189812 0.09 200
72 0.12261354544556467 1205704 0.09 200
73 0.12208371307048772 1221586 0.09 200
74 0.12155906067681273 1237466 0.09 200
75 0.12104096288351578 1253360 0.09 200
76 0.12053080891828293 1269226 0.09 200
77 0.12002996320908851 1285079 0.09 200
78 0.11953972889447576 1300928 0.09 200
79 0.11906131713361189 1316772 0.09 200
80 0.11859582397231988 1332604 0.09 200
81 0.11814421511910493 1348431 0.09 200
82 0.11770731752252586 1364251 0.09 200
83 0.1172858154378378 1380068 0.09 200
84 0.11688024806459074 1395872 0.09 200
85 0.1164910060708779 1411672 0.09 200
86 0.11611832543796931 1427466 0.09 200
87 0.11576227883777448 1443258 0.09 200
88 0.1154227666966736 1459046 0.09 200
89 0.11509951152158397 1474821 0.09 200
90 0.11479205932787279 1490594 0.09 200
91 0.1144997908286598 1506364 0.09 200
92 0.1142219427286746 1522128 0.09 200
93 0.1139576368701172 1537883 0.09 200
94 0.11370591312330014 1553631 0.09 200
95 0.11346576146641643 1569373 0.09 200
96 0.11323614966486498 1585112 0.09 200
97 0.11301604478949859 1600847 0.09 200
98 0.11280442875303784 1616573 0.09 200
99 0.11260030948447834 1632296 0.09 200
