0 0.8569514125751979 19461 0.07 220 0.07 220
1 0.4939029114287154 38900 0.07 220 0.07 220
2 0.342319339086976 58271 0.07 220 0.07 220
3 0.2858415674011317 77594 0.07 220 0.07 220
4 0.25380244890625403 96874 0.07 220 0.07 220
5 0.23438224045534742 116119 0.07 220 0.07 220
6 0.22080102074082403 135327 0.07 220 0.07 220
7 0.21029217110717224 154505 0.07 220 0.07 220
8 0.20172976339495322 173647 0.07 220 0.07 220
9 0.19453966856874372 192758 0.07 220 0.07 220
10 0.1883625123792684 211884 0.07 220 0.07 220
11 0.18295160546298672 230928 0.07 220 0.07 220
12 0.17812441702042753 249942 0.07 220 0.07 220
13 0.17375122562485534 268926 0.07 220 0.07 220
14 0.1697511876258388 287880 0.07 220 0.07 220
15 0.1660801218690547 306849 0.07 220 0.07 220
16 0.1627139536658263 325764 0.07 220 0.07 220
17 0.15963487713934404 344639 0.07 220 0.07 220
18 0.15682395113283817 363488 0.07 220 0.07 220
19 0.15425971974737415 382324 0.07 220 0.07 220
20 0.151919844717838 401127 0.07 220 0.07 220
21 0.1497829467448839 419905 0.07 220 0.07 220
22 0.14782944704881948 438665 0.07 220 0.07 220
23 0.14604142026796274 457402 0.07 220 0.07 220
24 0.14440197709150643 476118 0.07 220 0.07 220
25 0.14289472812787202 494813 0.07 220 0.07 220
26 0.14150367621042195 513489 0.07 220 0.07 220
27 0.14021357711656957 532143 0.07 220 0.07 220
28 0.13901055894735864 550779 0.07 220 0.07 220
29 0.13788274288908112 569395 0.07 220 0.07 220
30 0.1368207015611387 587991 0.07 220 0.07 220
31 0.13581767810673429 606567 0.07 220 0.07 220
32 0.13486952774788466 625124 0.07 220 0.07 220
33 0.13397437056312234 643663 0.07 220 0.07 220
34 0.13313198395039372 662184 0.07 220 0.07 220
35 0.1323430120271637 680688 0.07 220 0.07 220
36 0.1316081148869707 699173 0.07 220 0.07 220
37 0.13092720813726544 717643 0.07 220 0.07 220
38 0.13029893552603794 736095 0.07 220 0.07 220
39 0.12972046613129232 754533 0.07 220 0.07 220
40 0.12918762508332118 772951 0.07 220 0.07 220
41 0.12869528493990023 791358 0.07 220 0.07 220
42 0.1282378952021432 809751 0.07 220 0.07 220
43 0.1278100220493826 828125 0.07 220 0.07 220
44 0.1274067993231636 846488 0.07 220 0.07 220
45 0.12702423524073753 864833 0.07 220 0.07 220
46 0.1266593599682959 883165 0.07 220 0.07 220
47 0.12631022783877754 901485 0.07 220 0.07 220
48 0.12597580307795925 919794 0.07 220 0.07 220
49 0.12565576258420824 938088 0.07 220 0.07 220
50 0.125350248549826 956364 0.07 220 0.07 220
51 0.1250596018255939 974629 0.07 220 0.07 220
52 0.12478410591220955 992881 0.07 220 0.07 220
53 0.12452377046518733 1011121 0.07 220 0.07 220
54 0.12427817951658009 1029348 0.07 220 0.07 220
55 0.12404642092837057 1047565 0.07 220 0.07 220
56 0.12382710016307713 1065768 0.07 220 0.07 220
57 0.12361842662686165 1083960 0.07 220 0.07 220
58 0.1234183493121238 1102159 0.07 220 0.07 220
59 0.1232247136597892 1120328 0.07 220 0.07 220
60 0.12303541394793945 1138487 0.07 220 0.07 220
61 0.1228485228531757 1156642 0.07 220 0.07 220
62 0.12266238874363367 1174785 0.07 220 0.07 220
63 0.12247569889326822 1192917 0.07 220 0.07 220
64 0.12228751170790911 1211040 0.07 220 0.07 220
65 0.12209726315436396 1229195 0.07 220 0.07 220
66 0.12190475264755549 1247299 0.07 220 0.07 220
67 0.12171011268097183 1265394 0.07 220 0.07 220
68 0.12151376534378507 1283480 0.07 220 0.07 220
69 0.12131636812122716 1301556 0.07 220 0.07 220
70 0.12111875128096135 1319619 0.07 220 0.07 220
71 0.12092184968260344 1337675 0.07 220 0.07 220
72 0.12072663274216335 1355726 0.07 220 0.07 220
73 0.12053403710161634 1373767 0.07 220 0.07 220
74 0.12034490683315825 1391796 0.07 220 0.07 220
75 0.12015994544374071 1409817 0.07 220 0.07 220
76 0.11997968253521245 1427831 0.07 220 0.07 220
77 0.1198044560289543 1445855 0.07 220 0.07 220
78 0.1196344088733467 1463852 0.07 220 0.07 220
79 0.1194694975909076 1481842 0.07 220 0.07 220
80 0.1193095091724474 1499826 0.07 220 0.07 220
81 0.11915408271544553 1517806 0.07 220 0.07 220
82 0.11900273266019136 1535776 0.07 220 0.07 220
83 0.11885487124522724 1553740 0.07 220 0.07 220
84 0.11870982864919906 1571696 0.07 220 0.07 220
85 0.118566870048923 1589644 0.07 220 0.07 220
86 0.11842520942497484 1607583 0.07 220 0.07 220
87 0.11828402037462724 1625516 0.07 220 0.07 220
88 0.1181424444792742 1643442 0.07 220 0.07 220
89 0.11799959797319698 1661358 0.07 220 0.07 220
90 0.11785457762962182 1679266 0.07 220 0.07 220
91 0.11770646696211173 1697167 0.07 220 0.07 220
92 0.11755434404808916 1715063 0.07 220 0.07 220
93 0.11739729248317439 1732955 0.07 220 0.07 220
94 0.11723441707420569 1750864 0.07 220 0.07 220
95 0.11706486571395011 1768746 0.07 220 0.07 220
96 0.11688785825019254 1786614 0.07 220 0.07 220
97 0.1167027218992066 1804487 0.07 220 0.07 220
98 0.116508930856189 1822342 0.07 220 0.07 220
99 0.11630614553566931 1840245 0.07 220 0.07 220
