0 0.8726263548301276 14198 0.07 160
1 0.45385360360337573 28349 0.07 160
2 0.314382543755321 42437 0.07 160
3 0.26625844714495406 56478 0.07 160
4 0.24154658340042223 70481 0.07 160
5 0.22678285577581508 84450 0.07 160
6 0.21698415703291787 98393 0.07 160
7 0.20985856709432757 112310 0.07 160
8 0.20412703002873928 126205 0.07 160
9 0.19900698473888273 140074 0.07 160
10 0.19410183628534916 153920 0.07 160
11 0.1893142998899319 167742 0.07 160
12 0.18471089727075582 181543 0.07 160
13 0.18039199905741798 195331 0.07 160
14 0.17642298842932017 209086 0.07 160
15 0.17282373669719198 222824 0.07 160
16 0.1695837432965598 236539 0.07 160
17 0.16667832096245017 250237 0.07 160
18 0.16407784612924806 263920 0.07 160
19 0.16175157500853685 277579 0.07 160
20 0.15966933171066874 291214 0.07 160
21 0.1578028111451299 304834 0.07 160
22 0.15612669800500678 318429 0.07 160
23 0.15461930369382634 332006 0.07 160
24 0.15326257151498374 345571 0.07 160
25 0.15204155492811386 359113 0.07 160
26 0.15094360549637906 372639 0.07 160
27 0.14995751353571352 386150 0.07 160
28 0.1490727820230044 399646 0.07 160
29 0.148279130464733 413123 0.07 160
30 0.14756625099920567 426587 0.07 160
31 0.14692378692469732 440031 0.07 160
32 0.14634147285023097 453470 0.07 160
33 0.14580936173053188 466902 0.07 160
34 0.1453180654687366 480307 0.07 160
35 0.14485894962315998 493701 0.07 160
36 0.14442424235197665 507086 0.07 160
37 0.14400703611183138 520452 0.07 160
38 0.14360117515507706 533804 0.07 160
39 0.1432010352218215 547139 0.07 160
40 0.1428012200029244 560464 0.07 160
41 0.14239622719113454 573775 0.07 160
42 0.14198017343376323 587074 0.07 160
43 0.141546697366116 600362 0.07 160
44 0.14108915596667232 613645 0.07 160
45 0.14060116662891262 626912 0.07 160
46 0.1400774272395873 640168 0.07 160
47 0.13951461406827748 653424 0.07 160
48 0.13891208620086493 666660 0.07 160
49 0.13827217040249926 679891 0.07 160
50 0.13759994876548035 693108 0.07 160
51 0.13690264130207097 706322 0.07 160
52 0.13618877425750736 719529 0.07 160
53 0.13546731928480854 732726 0.07 160
54 0.13474692041834993 745910 0.07 160
55 0.13403526124815734 759097 0.07 160
56 0.13333859707185589 772263 0.07 160
57 0.13266147481955093 785424 0.07 160
58 0.13200665889615812 798576 0.07 160
59 0.1313752577276036 811722 0.07 160
60 0.13076700986845557 824860 0.07 160
61 0.13018065951469734 837992 0.07 160
62 0.12961434512218115 851120 0.07 160
63 0.12906594211751712 864236 0.07 160
64 0.12853332862759925 877349 0.07 160
65 0.12801456764723065 890454 0.07 160
66 0.1275080137501928 903560 0.07 160
67 0.127012358543432 916657 0.07 160
68 0.1265266303987516 929745 0.07 160
69 0.12605016335969832 942823 0.07 160
70 0.12558254858159115 955899 0.07 160
71 0.12512357940871754 968974 0.07 160
72 0.12467319834399142 982036 0.07 160
73 0.12423145106431883 995090 0.07 160
74 0.12379844976004575 1008138 0.07 160
75 0.12337434584482244 1021182 0.07 160
76 0.12295931069517993 1034227 0.07 160
77 0.12255352250055605 1047268 0.07 160
78 0.12215715733319565 1060300 0.07 160
79 0.12177038292232302 1073331 0.07 160
80 0.12139335410403998 1086350 0.07 160
81 0.12102620935597332 1099365 0.07 160
82 0.12066906813423892 1112376 0.07 160
83 0.12032202889706685 1125382 0.07 160
84 0.11998516775364583 1138382 0.07 160
85 0.11965853766511898 1151378 0.07 160
86 0.1193421680929018 1164376 0.07 160
87 0.11903606497100847 1177363 0.07 160
88 0.11874021089002369 1190347 0.07 160
89 0.1184545654203313 1203322 0.07 160
90 0.11817906555905046 1216299 0.07 160
91 0.11791362634206216 1229270 0.07 160
92 0.11765814170458638 1242238 0.07 160
93 0.11741248569185946 1255196 0.07 160
94 0.11717651411320729 1268155 0.07 160
95 0.11695006670145078 1281106 0.07 160
96 0.11673296979103755 1294053 0.07 160
97 0.11652503946863911 1306995 0.07 160
98 0.116326085083188 1319936 0.07 160
99 0.11613591293109446 1332870 0.07 160
