0 0.9543273853559355 3618 0.03 40
1 0.9506427209082096 7231 0.03 40
2 0.9239355963410171 10844 0.03 40
3 0.8273171952209507 14449 0.03 40
4 0.7055987935431071 18043 0.03 40
5 0.5887984512017327 21616 0.03 40
6 0.5135275771840975 25176 0.03 40
7 0.4821412663369375 28718 0.03 40
8 0.4684038203575389 32249 0.03 40
9 0.45473810495402367 35770 0.03 40
10 0.4380624147490449 39287 0.03 40
11 0.41970105641223227 42791 0.03 40
12 0.4018250628756679 46292 0.03 40
13 0.38617108283701124 49780 0.03 40
14 0.3734702320071364 53259 0.03 40
15 0.363259159989405 56731 0.03 40
16 0.354263986231632 60194 0.03 40
17 0.3453036689335586 63647 0.03 40
18 0.33586761602898 67091 0.03 40
19 0.32609939855734965 70526 0.03 40
20 0.31649896922058296 73952 0.03 40
21 0.3075965230614963 77380 0.03 40
22 0.29972419739613687 80792 0.03 40
23 0.29295301172872446 84198 0.03 40
24 0.2871704874892727 87597 0.03 40
25 0.2821864776598979 90989 0.03 40
26 0.2778058003440916 94376 0.03 40
27 0.273869940899776 97757 0.03 40
28 0.27027522381400115 101133 0.03 40
29 0.26696899470263186 104504 0.03 40
30 0.26393029420273134 107870 0.03 40
31 0.26114749563850775 111231 0.03 40
32 0.2586035937572888 114592 0.03 40
33 0.2562729228166494 117944 0.03 40
34 0.25412595241065666 121292 0.03 40
35 0.25213576360350404 124635 0.03 40
36 0.25028164180662965 127974 0.03 40
37 0.24854892380501425 131308 0.03 40
38 0.24692671746013645 134643 0.03 40
39 0.24540543742902923 137973 0.03 40
40 0.2439751825456338 141296 0.03 40
41 0.24262512233869518 144616 0.03 40
42 0.24134364050725524 147932 0.03 40
43 0.24011882021249747 151244 0.03 40
44 0.23893891532846742 154559 0.03 40
45 0.23779266370060143 157864 0.03 40
46 0.23666947688227805 161167 0.03 40
47 0.23555958942312846 164466 0.03 40
48 0.2344542089110288 167762 0.03 40
49 0.23334565477183436 171056 0.03 40
50 0.2322274546802409 174351 0.03 40
51 0.2310943809219053 177638 0.03 40
52 0.2299424337466103 180923 0.03 40
53 0.22876879771804068 184205 0.03 40
54 0.2275717980244642 187487 0.03 40
55 0.22635086386448278 190764 0.03 40
56 0.22510648210751932 194043 0.03 40
57 0.22384011667313244 197315 0.03 40
58 0.22255407995824833 200584 0.03 40
59 0.22125136152878694 203850 0.03 40
60 0.21993543493225912 207116 0.03 40
61 0.21861006784638856 210379 0.03 40
62 0.21727915159194489 213644 0.03 40
63 0.21594655082709815 216902 0.03 40
64 0.21461596639540328 220158 0.03 40
65 0.21329080958731084 223411 0.03 40
66 0.21197409673424483 226662 0.03 40
67 0.2106683780190086 229912 0.03 40
68 0.20937571015292325 233160 0.03 40
69 0.20809767311462582 236406 0.03 40
70 0.20683542226125354 239650 0.03 40
71 0.2055897624412662 242892 0.03 40
72 0.20436123077799015 246133 0.03 40
73 0.20315017780255523 249372 0.03 40
74 0.2019568401762851 252609 0.03 40
75 0.20078140080391127 255845 0.03 40
76 0.19962403362518544 259079 0.03 40
77 0.19848493159042413 262312 0.03 40
78 0.19736431786850475 265543 0.03 40
79 0.19626244208139393 268772 0.03 40
80 0.19517956487256954 272002 0.03 40
81 0.19411593514516723 275229 0.03 40
82 0.19307176472037912 278455 0.03 40
83 0.19204720481693208 281679 0.03 40
84 0.19104232766434695 284902 0.03 40
85 0.19005711507463974 288125 0.03 40
86 0.1890914543554774 291347 0.03 40
87 0.18814514084877745 294567 0.03 40
88 0.18721788570581213 297786 0.03 40
89 0.18630932721260643 301010 0.03 40
90 0.18541904396303277 304226 0.03 40
91 0.18454656835509206 307444 0.03 40
92 0.18369139919501418 310663 0.03 40
93 0.18285301258392536 313875 0.03 40
94 0.18203087067478096 317087 0.03 40
95 0.18122442824959148 320298 0.03 40
96 0.18043313731337798 323509 0.03 40
97 0.17965645001480043 326722 0.03 40
98 0.1788938202321524 329931 0.03 40
99 0.1781447041883579 333138 0.03 40
