0 0.7593982839058849 10666 0.09 120
1 0.4180049004628462 21272 0.09 120
2 0.3076131949262351 31863 0.09 120
3 0.25975148195884795 42401 0.09 120
4 0.2320774092873571 52892 0.09 120
5 0.2152288751694445 63336 0.09 120
6 0.203972922692841 73743 0.09 120
7 0.19599542069992762 84119 0.09 120
8 0.1899217619784023 94461 0.09 120
9 0.18490137222776729 104771 0.09 120
10 0.1805261989980141 115052 0.09 120
11 0.17664288091482577 125309 0.09 120
12 0.17317921353007176 135536 0.09 120
13 0.1700734710745657 145736 0.09 120
14 0.16726577813370827 155916 0.09 120
15 0.16470214664091862 166068 0.09 120
16 0.1623385200390131 176198 0.09 120
17 0.1601436865150693 186310 0.09 120
18 0.1580978598994504 196397 0.09 120
19 0.1561876396182206 206463 0.09 120
20 0.15440146618823614 216510 0.09 120
21 0.15272767320452868 226544 0.09 120
22 0.15115447533825244 236556 0.09 120
23 0.14967051233048856 246549 0.09 120
24 0.14826514898752258 256530 0.09 120
25 0.14692842163748215 266489 0.09 120
26 0.14565083803084575 276434 0.09 120
27 0.14442323174719746 286366 0.09 120
28 0.1432367511456859 296281 0.09 120
29 0.14208297361781777 306182 0.09 120
30 0.140954113438089 316075 0.09 120
31 0.1398432965346179 325955 0.09 120
32 0.13874486381530707 335820 0.09 120
33 0.13765463671022743 345675 0.09 120
34 0.13657006776893657 355523 0.09 120
35 0.1354902266283919 365356 0.09 120
36 0.1344156260323393 375182 0.09 120
37 0.13334794311876064 385003 0.09 120
38 0.13228971126886285 394811 0.09 120
39 0.13124404272730425 404612 0.09 120
40 0.13021440686581714 414404 0.09 120
41 0.12920445187432372 424193 0.09 120
42 0.12821783482021 433972 0.09 120
43 0.1272580279508673 443745 0.09 120
44 0.1263280973904116 453517 0.09 120
45 0.12543048761919454 463278 0.09 120
46 0.12456686634115112 473034 0.09 120
47 0.12373807342157615 482785 0.09 120
48 0.1229441815545578 492532 0.09 120
49 0.12218463967519935 502274 0.09 120
50 0.12145845316413295 512024 0.09 120
51 0.12076435985397123 521759 0.09 120
52 0.12010097704851157 531488 0.09 120
53 0.11946691091346859 541222 0.09 120
54 0.11886083021683937 550948 0.09 120
55 0.11828151115995576 560664 0.09 120
56 0.11772786076903008 570377 0.09 120
57 0.11719892488917759 580087 0.09 120
58 0.11669388454632715 589794 0.09 120
59 0.11621204222302844 599498 0.09 120
60 0.11575279816811129 609197 0.09 120
61 0.11531561678092885 618898 0.09 120
62 0.1148999845223818 628620 0.09 120
63 0.11450536320109796 638315 0.09 120
64 0.11413114474772718 648009 0.09 120
65 0.11377661450724734 657694 0.09 120
66 0.11344092908504602 667376 0.09 120
67 0.11312311235353144 677056 0.09 120
68 0.11282207049968143 686734 0.09 120
69 0.1125366249100484 696413 0.09 120
70 0.11226556032792225 706087 0.09 120
71 0.11200768426120575 715809 0.09 120
72 0.1117618909609615 725477 0.09 120
73 0.11152721906794494 735152 0.09 120
74 0.11130288763842118 744822 0.09 120
75 0.11108829412447899 754483 0.09 120
76 0.11088296416197628 764146 0.09 120
77 0.11068645834069964 773803 0.09 120
78 0.11049826022995524 783460 0.09 120
79 0.1103176804283352 793114 0.09 120
80 0.11014380374098978 802765 0.09 120
81 0.1099754862976532 812422 0.09 120
82 0.10981139375257111 822070 0.09 120
83 0.10965007347051486 831718 0.09 120
84 0.1094900678391391 841367 0.09 120
85 0.10933008011054163 851009 0.09 120
86 0.10916918386436375 860649 0.09 120
87 0.1090070346894299 870288 0.09 120
88 0.10884401907126169 879929 0.09 120
89 0.10868126861400682 889564 0.09 120
90 0.10852048130300336 899196 0.09 120
91 0.10836354646528379 908830 0.09 120
92 0.10821208040683497 918458 0.09 120
93 0.10806707761984256 928086 0.09 120
94 0.10792884321368798 937716 0.09 120
95 0.10779719730705248 947337 0.09 120
96 0.10767179392474638 956958 0.09 120
97 0.10755238490588881 966577 0.09 120
98 0.10743894149785861 976197 0.09 120
99 0.1073316334759985 985816 0.09 120
