0 0.9141162057966798 3614 0.08 40
1 0.5773753782812258 7196 0.08 40
2 0.4647652259489493 10722 0.08 40
3 0.40362611757951744 14208 0.08 40
4 0.36063460426720517 17666 0.08 40
5 0.3270291324922651 21087 0.08 40
6 0.3062347719365982 24479 0.08 40
7 0.29175104545167296 27849 0.08 40
8 0.27984406910627163 31200 0.08 40
9 0.2688903630792983 34533 0.08 40
10 0.25799667108125984 37848 0.08 40
11 0.24704337818552155 41150 0.08 40
12 0.23644587055575667 44441 0.08 40
13 0.22672128314456955 47722 0.08 40
14 0.21812443656924013 50994 0.08 40
15 0.21063374812820398 54258 0.08 40
16 0.2041054150402381 57515 0.08 40
17 0.19837762008543372 60767 0.08 40
18 0.1933107338888797 64014 0.08 40
19 0.18879552194728258 67255 0.08 40
20 0.18474980126778312 70493 0.08 40
21 0.18111047748194342 73727 0.08 40
22 0.17782523895385338 76961 0.08 40
23 0.17484741164461667 80190 0.08 40
24 0.17213443100728293 83416 0.08 40
25 0.169648061719999 86639 0.08 40
26 0.16735468006125837 89862 0.08 40
27 0.1652253243564091 93082 0.08 40
28 0.16323582981295512 96300 0.08 40
29 0.16136672140521144 99517 0.08 40
30 0.15960235636818348 102733 0.08 40
31 0.15792953925646827 105949 0.08 40
32 0.1563362144743678 109163 0.08 40
33 0.15481065478177156 112376 0.08 40
34 0.1533412655137659 115586 0.08 40
35 0.1519169195650414 118795 0.08 40
36 0.15052761539671317 122003 0.08 40
37 0.14916514759629593 125211 0.08 40
38 0.1478233756404426 128416 0.08 40
39 0.14649771700183342 131624 0.08 40
40 0.14518399519298955 134831 0.08 40
41 0.1438775589365672 138037 0.08 40
42 0.1425734842263646 141239 0.08 40
43 0.1412675113749022 144440 0.08 40
44 0.13995689713479076 147642 0.08 40
45 0.13864091061886477 150845 0.08 40
46 0.13732103494068207 154046 0.08 40
47 0.13600084418990507 157245 0.08 40
48 0.13468553502967118 160444 0.08 40
49 0.1333813094274932 163644 0.08 40
50 0.13209486962120548 166842 0.08 40
51 0.13083308521244288 170043 0.08 40
52 0.12960269044222747 173242 0.08 40
53 0.12840985238298705 176439 0.08 40
54 0.1272595987109652 179636 0.08 40
55 0.12615529337929413 182832 0.08 40
56 0.1250984332661002 186031 0.08 40
57 0.12408890290902827 189227 0.08 40
58 0.12312557120072944 192423 0.08 40
59 0.1222069640455589 195618 0.08 40
60 0.12133178802949476 198814 0.08 40
61 0.12049921519151792 202010 0.08 40
62 0.11970894728454036 205207 0.08 40
63 0.11896112306496788 208402 0.08 40
64 0.11825613712952078 211597 0.08 40
65 0.11759442980516778 214792 0.08 40
66 0.11697629338151483 217987 0.08 40
67 0.11640172207409778 221183 0.08 40
68 0.11587031798402786 224382 0.08 40
69 0.11538125797716209 227578 0.08 40
70 0.11493331987880352 230772 0.08 40
71 0.11452495214908397 233967 0.08 40
72 0.11415435780044687 237161 0.08 40
73 0.11381956917738907 240355 0.08 40
74 0.1135185143853911 243553 0.08 40
75 0.1132490930687896 246749 0.08 40
76 0.11300926939579116 249943 0.08 40
77 0.11279716170565851 253136 0.08 40
78 0.11261108238773329 256329 0.08 40
79 0.11244947461293163 259524 0.08 40
80 0.11231072228006683 262723 0.08 40
81 0.1121928862852854 265915 0.08 40
82 0.11209350603955079 269108 0.08 40
83 0.11200961727614449 272300 0.08 40
84 0.11193803731518448 275495 0.08 40
85 0.11187582157653078 278689 0.08 40
86 0.11182070454762824 281888 0.08 40
87 0.11177135623291212 285086 0.08 40
88 0.111727386183143 288279 0.08 40
89 0.11168914544042771 291471 0.08 40
90 0.11165745705523078 294667 0.08 40
91 0.1116334330108569 297858 0.08 40
92 0.11161852506155254 301049 0.08 40
93 0.11161492750163109 304240 0.08 40
94 0.11162640094927133 307438 0.08 40
95 0.11165948630387897 310629 0.08 40
96 0.11172485677214235 313820 0.08 40
97 0.11183821399991421 317010 0.08 40
98 0.11201985945213226 320201 0.08 40
99 0.11229202076569195 323391 0.08 40
