0 0.9550054446674554 5373 0.03 60
1 0.9488770711020308 10744 0.03 60
2 0.913871024364511 16112 0.03 60
3 0.766804765270934 21478 0.03 60
4 0.6124465432878462 26830 0.03 60
5 0.5063157575448035 32162 0.03 60
6 0.43994419954278574 37471 0.03 60
7 0.3956559603437853 42763 0.03 60
8 0.3640134769394666 48043 0.03 60
9 0.3398143734190198 53310 0.03 60
10 0.32046188599351344 58566 0.03 60
11 0.3047711977830168 63812 0.03 60
12 0.2920848269073286 69052 0.03 60
13 0.2818498262686864 74289 0.03 60
14 0.2735234043657525 79512 0.03 60
15 0.26662509093724096 84727 0.03 60
16 0.26078928815144553 89935 0.03 60
17 0.2557723694803606 95137 0.03 60
18 0.25141757204962284 100337 0.03 60
19 0.24761183886451418 105526 0.03 60
20 0.24425901104793815 110713 0.03 60
21 0.24127202012666674 115891 0.03 60
22 0.2385757616357148 121065 0.03 60
23 0.23611043162774745 126234 0.03 60
24 0.23383068530238993 131398 0.03 60
25 0.2317019714142802 136559 0.03 60
26 0.2296969278305873 141713 0.03 60
27 0.2277931703596047 146865 0.03 60
28 0.22597227951050572 152011 0.03 60
29 0.2242194442008355 157152 0.03 60
30 0.22252336540412462 162292 0.03 60
31 0.2208760531013961 167429 0.03 60
32 0.21927222883484587 172563 0.03 60
33 0.21770835929076174 177687 0.03 60
34 0.21618165447270066 182809 0.03 60
35 0.214689372437092 187925 0.03 60
36 0.213228561724197 193036 0.03 60
37 0.21179618623835011 198144 0.03 60
38 0.2103894823332131 203246 0.03 60
39 0.2090063739613231 208347 0.03 60
40 0.20764580465500473 213442 0.03 60
41 0.20630790520533324 218534 0.03 60
42 0.20499396967047676 223620 0.03 60
43 0.20370624430173137 228702 0.03 60
44 0.20244755522381838 233780 0.03 60
45 0.20122082918608286 238852 0.03 60
46 0.20002859150646204 243923 0.03 60
47 0.19887253454018147 248988 0.03 60
48 0.19775322913769447 254050 0.03 60
49 0.1966700109950203 259112 0.03 60
50 0.1956210324320704 264166 0.03 60
51 0.1946034420012523 269215 0.03 60
52 0.19361364280791446 274259 0.03 60
53 0.19264758172871815 279301 0.03 60
54 0.19170103086332588 284341 0.03 60
55 0.1907698352173099 289375 0.03 60
56 0.18985011293762416 294405 0.03 60
57 0.1889384040177302 299433 0.03 60
58 0.18803176980091266 304454 0.03 60
59 0.18712784941879324 309473 0.03 60
60 0.18622488119973205 314491 0.03 60
61 0.1853216975466451 319502 0.03 60
62 0.18441770112539035 324513 0.03 60
63 0.18351282871351624 329518 0.03 60
64 0.18260750711618218 334521 0.03 60
65 0.1817026036354025 339521 0.03 60
66 0.18079937213273256 344517 0.03 60
67 0.17989939500814872 349511 0.03 60
68 0.17900452134889358 354504 0.03 60
69 0.17811680167779165 359498 0.03 60
70 0.1772384196302438 364483 0.03 60
71 0.17637162021384048 369465 0.03 60
72 0.17551863327517297 374444 0.03 60
73 0.17468159021176966 379422 0.03 60
74 0.1738624328863031 384395 0.03 60
75 0.17306281683507546 389365 0.03 60
76 0.1722840159047524 394337 0.03 60
77 0.1715268407839391 399302 0.03 60
78 0.17079158703476477 404265 0.03 60
79 0.17007802695567176 409225 0.03 60
80 0.16938545320526782 414182 0.03 60
81 0.16871277188323497 419137 0.03 60
82 0.16805863143412944 424089 0.03 60
83 0.1674215644098368 429043 0.03 60
84 0.1668001145535405 433991 0.03 60
85 0.16619292403399144 438936 0.03 60
86 0.16559876586522077 443879 0.03 60
87 0.16501652263666672 448824 0.03 60
88 0.16444512901333824 453765 0.03 60
89 0.16388350490465692 458701 0.03 60
90 0.1633305046391997 463634 0.03 60
91 0.16278489684454298 468567 0.03 60
92 0.16224537652808485 473497 0.03 60
93 0.16171060155232145 478424 0.03 60
94 0.16117924271356787 483349 0.03 60
95 0.16065003794556182 488273 0.03 60
96 0.16012184334565915 493195 0.03 60
97 0.15959367514546932 498114 0.03 60
98 0.1590647380852875 503031 0.03 60
99 0.15853443792800515 507947 0.03 60
