0 0.9584854571070941 19452 0.03 220 0.03 220
1 0.926853880165068 38885 0.03 220 0.03 220
2 0.795401843112127 58318 0.03 220 0.03 220
3 0.6440842748341604 77755 0.03 220 0.03 220
4 0.5310115189200318 97180 0.03 220 0.03 220
5 0.43981466693560145 116664 0.03 220 0.03 220
6 0.37691079280962414 136189 0.03 220 0.03 220
7 0.33828893324508935 155701 0.03 220 0.03 220
8 0.31439384326234726 175197 0.03 220 0.03 220
9 0.2978989688150598 194682 0.03 220 0.03 220
10 0.2850956486059854 214153 0.03 220 0.03 220
11 0.2742871172986329 233616 0.03 220 0.03 220
12 0.2647743486506355 253067 0.03 220 0.03 220
13 0.25634606113642905 272509 0.03 220 0.03 220
14 0.24897423662882762 291941 0.03 220 0.03 220
15 0.24264019286596825 311365 0.03 220 0.03 220
16 0.23727431623751266 330777 0.03 220 0.03 220
17 0.2327628631600746 350180 0.03 220 0.03 220
18 0.22897133842348064 369574 0.03 220 0.03 220
19 0.225762379201693 388960 0.03 220 0.03 220
20 0.22300641395695678 408338 0.03 220 0.03 220
21 0.22058811062217176 427721 0.03 220 0.03 220
22 0.21841013767605394 447084 0.03 220 0.03 220
23 0.21639435739609367 466440 0.03 220 0.03 220
24 0.21448078525575057 485799 0.03 220 0.03 220
25 0.21262530617166361 505139 0.03 220 0.03 220
26 0.21079711318255862 524472 0.03 220 0.03 220
27 0.2089763271115889 543802 0.03 220 0.03 220
28 0.2071518596976527 563122 0.03 220 0.03 220
29 0.2053194663381836 582437 0.03 220 0.03 220
30 0.20347995385653408 601742 0.03 220 0.03 220
31 0.20163753420157912 621038 0.03 220 0.03 220
32 0.1997983269267158 640328 0.03 220 0.03 220
33 0.19796903593563628 659614 0.03 220 0.03 220
34 0.19615586201010415 678891 0.03 220 0.03 220
35 0.19436373451938158 698155 0.03 220 0.03 220
36 0.1925959250699671 717412 0.03 220 0.03 220
37 0.19085404209208523 736660 0.03 220 0.03 220
38 0.18913832836999836 755903 0.03 220 0.03 220
39 0.1874481315934007 775138 0.03 220 0.03 220
40 0.18578241126163048 794367 0.03 220 0.03 220
41 0.18414017619352502 813590 0.03 220 0.03 220
42 0.18252079288097417 832804 0.03 220 0.03 220
43 0.18092414687110783 852013 0.03 220 0.03 220
44 0.17935066928339802 871218 0.03 220 0.03 220
45 0.17780125821310105 890411 0.03 220 0.03 220
46 0.1762771323608839 909602 0.03 220 0.03 220
47 0.17477965411755003 928784 0.03 220 0.03 220
48 0.17331015387515758 947959 0.03 220 0.03 220
49 0.17186977901704573 967128 0.03 220 0.03 220
50 0.17045938215289386 986291 0.03 220 0.03 220
51 0.16907945529252372 1005451 0.03 220 0.03 220
52 0.16773011041328997 1024602 0.03 220 0.03 220
53 0.16641110213394145 1043745 0.03 220 0.03 220
54 0.16512188456915003 1062881 0.03 220 0.03 220
55 0.16386169171696202 1082010 0.03 220 0.03 220
56 0.16262962912541798 1101132 0.03 220 0.03 220
57 0.16142476452066118 1120248 0.03 220 0.03 220
58 0.16024620682020146 1139359 0.03 220 0.03 220
59 0.1590931662392413 1158464 0.03 220 0.03 220
60 0.15796499221262017 1177565 0.03 220 0.03 220
61 0.1568611896033006 1196659 0.03 220 0.03 220
62 0.1557814164167931 1215747 0.03 220 0.03 220
63 0.15472546772271126 1234838 0.03 220 0.03 220
64 0.15369325082528065 1253916 0.03 220 0.03 220
65 0.15268475625110747 1272988 0.03 220 0.03 220
66 0.1517000281972969 1292055 0.03 220 0.03 220
67 0.15073913700900218 1311117 0.03 220 0.03 220
68 0.14980215524049456 1330173 0.03 220 0.03 220
69 0.14888913801267703 1349235 0.03 220 0.03 220
70 0.1480001077548265 1368285 0.03 220 0.03 220
71 0.14713504300490302 1387329 0.03 220 0.03 220
72 0.14629387071238695 1406366 0.03 220 0.03 220
73 0.1454764614028182 1425399 0.03 220 0.03 220
74 0.1446826265853854 1444424 0.03 220 0.03 220
75 0.1439121178771265 1463449 0.03 220 0.03 220
76 0.14316462744468866 1482463 0.03 220 0.03 220
77 0.14243978949525588 1501473 0.03 220 0.03 220
78 0.14173718265590168 1520476 0.03 220 0.03 220
79 0.14105633314795898 1539475 0.03 220 0.03 220
80 0.14039671868505277 1558470 0.03 220 0.03 220
81 0.13975777300755723 1577461 0.03 220 0.03 220
82 0.13913889092875253 1596466 0.03 220 0.03 220
83 0.13853943372822294 1615452 0.03 220 0.03 220
84 0.13795873470244463 1634430 0.03 220 0.03 220
85 0.13739610468016716 1653408 0.03 220 0.03 220
86 0.13685083733239833 1672380 0.03 220 0.03 220
87 0.13632221414856246 1691347 0.03 220 0.03 220
88 0.13580950900360017 1710310 0.03 220 0.03 220
89 0.13531199229707974 1729269 0.03 220 0.03 220
90 0.1348289346980155 1748222 0.03 220 0.03 220
91 0.1343596105732841 1767172 0.03 220 0.03 220
92 0.1339033012102377 1786119 0.03 220 0.03 220
93 0.13345929796303108 1805056 0.03 220 0.03 220
94 0.1330269054552974 1823992 0.03 220 0.03 220
95 0.1326054449572467 1842923 0.03 220 0.03 220
96 0.13219425802190138 1861848 0.03 220 0.03 220
97 0.13179271041356627 1880770 0.03 220 0.03 220
98 0.13140019629489033 1899690 0.03 220 0.03 220
99 0.13101614256338973 1918606 0.03 220 0.03 220
