0 0.9560839058659446 10654 0.03 120
1 0.9435836123378394 21303 0.03 120
2 0.858495573238833 31945 0.03 120
3 0.6959287790546359 42590 0.03 120
4 0.5885232995713092 53222 0.03 120
5 0.5121331921644962 63835 0.03 120
6 0.4489612309614329 74435 0.03 120
7 0.399012969419233 85019 0.03 120
8 0.36121503466521215 95588 0.03 120
9 0.33362727923151553 106145 0.03 120
10 0.3142636451624137 116684 0.03 120
11 0.3000890891938601 127212 0.03 120
12 0.2885209342488084 137728 0.03 120
13 0.2780762117665324 148227 0.03 120
14 0.2682016764108918 158714 0.03 120
15 0.2589681260327585 169187 0.03 120
16 0.25066623472927313 179648 0.03 120
17 0.24344490132834384 190113 0.03 120
18 0.2372166529340916 200551 0.03 120
19 0.231774012564242 210996 0.03 120
20 0.22692287309184003 221411 0.03 120
21 0.22254031920481163 231823 0.03 120
22 0.2185708974852063 242224 0.03 120
23 0.21499566810453566 252611 0.03 120
24 0.2117986070232414 262989 0.03 120
25 0.20894805252400972 273359 0.03 120
26 0.20639639396210743 283726 0.03 120
27 0.20408890113095024 294081 0.03 120
28 0.20197278979411215 304429 0.03 120
29 0.20000298136091035 314773 0.03 120
30 0.19814442705177338 325107 0.03 120
31 0.19637198192417374 335439 0.03 120
32 0.1946689220030357 345764 0.03 120
33 0.19302497000578786 356079 0.03 120
34 0.19143438002521018 366388 0.03 120
35 0.1898943367412828 376690 0.03 120
36 0.18840371347315246 386990 0.03 120
37 0.18696213204215997 397281 0.03 120
38 0.18556925778021763 407567 0.03 120
39 0.1842242971737038 417850 0.03 120
40 0.18292569595283784 428126 0.03 120
41 0.18167103784580824 438395 0.03 120
42 0.18045712254565638 448664 0.03 120
43 0.17928017481110914 458923 0.03 120
44 0.17813612198276466 469178 0.03 120
45 0.1770208796586499 479427 0.03 120
46 0.1759306000243129 489677 0.03 120
47 0.17486185669157303 499917 0.03 120
48 0.17381175788248068 510152 0.03 120
49 0.1727779930616471 520387 0.03 120
50 0.17175882573487442 530614 0.03 120
51 0.17075304789626353 540837 0.03 120
52 0.16975991103591023 551059 0.03 120
53 0.16877904617370726 561274 0.03 120
54 0.16781038218160432 571484 0.03 120
55 0.1668540684684448 581691 0.03 120
56 0.1659104054024525 591898 0.03 120
57 0.16497978387384848 602105 0.03 120
58 0.16406263421183784 612301 0.03 120
59 0.16315938417622122 622496 0.03 120
60 0.16227042571364692 632684 0.03 120
61 0.16139609026908894 642869 0.03 120
62 0.16053663235860882 653055 0.03 120
63 0.15969222070116043 663233 0.03 120
64 0.15886293559660966 673407 0.03 120
65 0.15804877072924353 683580 0.03 120
66 0.15724963746336032 693753 0.03 120
67 0.15646537007828915 703919 0.03 120
68 0.15569573111631396 714097 0.03 120
69 0.15494041678909093 724261 0.03 120
70 0.15419906291979896 734434 0.03 120
71 0.15347125204615325 744589 0.03 120
72 0.15275652210895746 754741 0.03 120
73 0.152054376761226 764889 0.03 120
74 0.1513642969417842 775036 0.03 120
75 0.15068575309952623 785179 0.03 120
76 0.15001821737753 795325 0.03 120
77 0.14936117514143124 805464 0.03 120
78 0.1487141353965472 815599 0.03 120
79 0.14807663981532004 825736 0.03 120
80 0.1474482702452332 835868 0.03 120
81 0.14682865466970663 845997 0.03 120
82 0.1462174716539894 856123 0.03 120
83 0.14561445333849335 866248 0.03 120
84 0.14501938705805842 876369 0.03 120
85 0.14443211567815725 886489 0.03 120
86 0.14385253675315568 896610 0.03 120
87 0.1432806006280525 906725 0.03 120
88 0.14271630762148801 916837 0.03 120
89 0.14215970444087392 926950 0.03 120
90 0.14161087998725927 937059 0.03 120
91 0.14106996070583153 947166 0.03 120
92 0.14053710562700225 957270 0.03 120
93 0.14001250122359854 967371 0.03 120
94 0.13949635618418177 977470 0.03 120
95 0.13898889617441043 987567 0.03 120
96 0.13849035863187156 997666 0.03 120
97 0.1380009876188787 1007760 0.03 120
98 0.13752102874527974 1017854 0.03 120
99 0.13705072417074518 1027948 0.03 120
