0 0.8952894910456818 8909 0.07 100
1 0.5557264951899356 17795 0.07 100
2 0.3805469716887419 26625 0.07 100
3 0.3072238420034724 35468 0.07 100
4 0.27133722818969935 44277 0.07 100
5 0.24981060998386853 53058 0.07 100
6 0.2361678436427628 61822 0.07 100
7 0.22712793082951474 70939 0.07 100
8 0.2205572544210888 79655 0.07 100
9 0.2151576065866342 88355 0.07 100
10 0.2102612717245643 97036 0.07 100
11 0.20560482957932183 105696 0.07 100
12 0.20113238607387088 114338 0.07 100
13 0.1968659078593807 122964 0.07 100
14 0.1928378990036082 131574 0.07 100
15 0.18906819414397105 140172 0.07 100
16 0.18556373540973983 148751 0.07 100
17 0.18232345466782304 157320 0.07 100
18 0.17934088041552934 165869 0.07 100
19 0.17660495833461023 174405 0.07 100
20 0.17410086777955652 182930 0.07 100
21 0.1718111491543817 191439 0.07 100
22 0.1697166071653284 199933 0.07 100
23 0.16779668466290815 208415 0.07 100
24 0.16602950503613859 216884 0.07 100
25 0.1643920014534875 225341 0.07 100
26 0.16286043018056176 233791 0.07 100
27 0.16141131082086418 242227 0.07 100
28 0.16002263641085737 250658 0.07 100
29 0.15867505923549632 259074 0.07 100
30 0.15735272426210103 267478 0.07 100
31 0.15604356650821447 275878 0.07 100
32 0.15473910237825897 284267 0.07 100
33 0.15343388706372232 292644 0.07 100
34 0.1521248488720574 301013 0.07 100
35 0.15081067122331776 309373 0.07 100
36 0.14949131318640516 317725 0.07 100
37 0.14816768114367046 326074 0.07 100
38 0.14684141596706365 334411 0.07 100
39 0.1455147470505403 342743 0.07 100
40 0.14419037456676387 351066 0.07 100
41 0.14287135912940585 359383 0.07 100
42 0.1415610131840673 367699 0.07 100
43 0.14026279676120182 376011 0.07 100
44 0.13898022230320373 384310 0.07 100
45 0.1377167718358962 392604 0.07 100
46 0.13647582740533248 400891 0.07 100
47 0.13526061391829006 409174 0.07 100
48 0.13407415263082548 417455 0.07 100
49 0.13291922320633168 425730 0.07 100
50 0.13179833203682975 434000 0.07 100
51 0.13071368408852038 442265 0.07 100
52 0.12966715511220267 450527 0.07 100
53 0.12866026139858766 458792 0.07 100
54 0.12769412604684227 467048 0.07 100
55 0.12676944395029435 475299 0.07 100
56 0.12588645153345346 483547 0.07 100
57 0.12504491019639735 491791 0.07 100
58 0.12424411276787073 500032 0.07 100
59 0.12348291908048976 508276 0.07 100
60 0.12275982075284196 516512 0.07 100
61 0.12207302878940901 524746 0.07 100
62 0.1214205733701496 532976 0.07 100
63 0.12080040431601845 541204 0.07 100
64 0.12021048236931518 549434 0.07 100
65 0.119648854164139 557663 0.07 100
66 0.11911370676440856 565884 0.07 100
67 0.11860340084650005 574103 0.07 100
68 0.11811648500585474 582320 0.07 100
69 0.11765169672591037 590534 0.07 100
70 0.11720795706356349 598749 0.07 100
71 0.11678436483880912 606959 0.07 100
72 0.11638019196039207 615167 0.07 100
73 0.11599487626735677 623373 0.07 100
74 0.11562800489100972 631578 0.07 100
75 0.11527928203556115 639784 0.07 100
76 0.11494848069714672 647989 0.07 100
77 0.11463538618041152 656188 0.07 100
78 0.11433974611506724 664386 0.07 100
79 0.11406124242156249 672583 0.07 100
80 0.11379949348106824 680777 0.07 100
81 0.11355408254790636 688975 0.07 100
82 0.1133245975002683 697167 0.07 100
83 0.11311066295032951 705359 0.07 100
84 0.11291194982273563 713549 0.07 100
85 0.11272815650027952 721737 0.07 100
86 0.11255896467778707 729926 0.07 100
87 0.11240397898440525 738117 0.07 100
88 0.11226266164465848 746301 0.07 100
89 0.11213427281576743 754484 0.07 100
90 0.11201782467998421 762667 0.07 100
91 0.11191205347813352 770848 0.07 100
92 0.1118154094079385 779032 0.07 100
93 0.11172606012996687 787212 0.07 100
94 0.1116418990464797 795396 0.07 100
95 0.11156054731615674 803574 0.07 100
96 0.11147934719811561 811750 0.07 100
97 0.11139537265779355 819929 0.07 100
98 0.11130552299679743 828107 0.07 100
99 0.1112067757422418 836281 0.07 100
