0 0.9495700013459506 1857 0.08 20
1 0.7016957861129297 3703 0.08 20
2 0.5212271619425592 5507 0.08 20
3 0.4587597792618698 7275 0.08 20
4 0.412676963672226 9020 0.08 20
5 0.37480416523539345 10748 0.08 20
6 0.3445075706033213 12462 0.08 20
7 0.32145627607850974 14163 0.08 20
8 0.3056895436926534 15857 0.08 20
9 0.29442322635386153 17538 0.08 20
10 0.28557734805662244 19216 0.08 20
11 0.2783076259666073 20881 0.08 20
12 0.2720690136093397 22539 0.08 20
13 0.26657653441031465 24193 0.08 20
14 0.26171408584492034 25842 0.08 20
15 0.25741644532195274 27486 0.08 20
16 0.2536100730160059 29125 0.08 20
17 0.2501114876908154 30760 0.08 20
18 0.24674990251408954 32393 0.08 20
19 0.2435057989929573 34021 0.08 20
20 0.2404338285823534 35646 0.08 20
21 0.2375906181322185 37268 0.08 20
22 0.2349925355375424 38886 0.08 20
23 0.23263963236472016 40502 0.08 20
24 0.23048671123004458 42116 0.08 20
25 0.22842609145078321 43727 0.08 20
26 0.22638800846415064 45336 0.08 20
27 0.22442067315740827 46942 0.08 20
28 0.22262724305707327 48546 0.08 20
29 0.22106502614035323 50147 0.08 20
30 0.21972350647404779 51745 0.08 20
31 0.2185687138223886 53341 0.08 20
32 0.21755052511459613 54934 0.08 20
33 0.2166150616095018 56524 0.08 20
34 0.21572647637879955 58112 0.08 20
35 0.2148643232051559 59698 0.08 20
36 0.21403325192830586 61284 0.08 20
37 0.21325332821488804 62865 0.08 20
38 0.21254048046209187 64445 0.08 20
39 0.21189719138635102 66022 0.08 20
40 0.21130696514421046 67598 0.08 20
41 0.2107447279729683 69171 0.08 20
42 0.210200363981419 70742 0.08 20
43 0.20968878108334732 72313 0.08 20
44 0.20924177736212474 73880 0.08 20
45 0.2088896255576017 75446 0.08 20
46 0.20864056749903526 77011 0.08 20
47 0.20848001078515946 78575 0.08 20
48 0.20838660420770014 80137 0.08 20
49 0.20834279148702717 81696 0.08 20
50 0.20833551670957545 83257 0.08 20
51 0.2083538390046358 84815 0.08 20
52 0.2083883289730019 86372 0.08 20
53 0.20843182487855572 87927 0.08 20
54 0.2084737996902983 89482 0.08 20
55 0.20849648953573557 91036 0.08 20
56 0.20847688191705466 92588 0.08 20
57 0.20838512106047022 94141 0.08 20
58 0.20821134676924274 95692 0.08 20
59 0.20799209621168926 97241 0.08 20
60 0.20776353956784901 98790 0.08 20
61 0.2075281722996393 100338 0.08 20
62 0.20727783554453114 101885 0.08 20
63 0.20699234678062356 103432 0.08 20
64 0.2066683937471141 104978 0.08 20
65 0.2063388006768441 106524 0.08 20
66 0.2060078726488422 108068 0.08 20
67 0.20563916092692258 109612 0.08 20
68 0.20518605026035416 111156 0.08 20
69 0.20462684913154863 112699 0.08 20
70 0.20397953033002608 114242 0.08 20
71 0.20328225391793453 115784 0.08 20
72 0.2025707577251519 117325 0.08 20
73 0.20187397998662265 118875 0.08 20
74 0.20123034326476513 120416 0.08 20
75 0.20068375948985664 121956 0.08 20
76 0.20019869340828964 123497 0.08 20
77 0.19960676042533948 125037 0.08 20
78 0.198796125298378 126576 0.08 20
79 0.19782380445056924 128117 0.08 20
80 0.196778084128906 129657 0.08 20
81 0.1957473525524174 131197 0.08 20
82 0.19480458430913578 132737 0.08 20
83 0.19404788113654134 134276 0.08 20
84 0.19345672343762269 135816 0.08 20
85 0.1927768901531147 137355 0.08 20
86 0.19184691132639672 138895 0.08 20
87 0.19075240299855725 140435 0.08 20
88 0.1898667471563011 141977 0.08 20
89 0.18923420586418455 143518 0.08 20
90 0.18866222865157864 145058 0.08 20
91 0.18812922468853155 146598 0.08 20
92 0.18771585232680968 148140 0.08 20
93 0.1874467060473372 149682 0.08 20
94 0.18728488962223122 151223 0.08 20
95 0.18716286072208183 152764 0.08 20
96 0.18723409891061324 154306 0.08 20
97 0.18756081175695413 155850 0.08 20
98 0.18798580951105517 157392 0.08 20
99 0.18828712776145345 158935 0.08 20
