0 0.6653498168217888 23102 0.09 260 0.09 260
1 0.3034220030852159 46095 0.09 260 0.09 260
2 0.23999915383252318 68986 0.09 260 0.09 260
3 0.2148900490296735 91702 0.09 260 0.09 260
4 0.19959612767567442 114305 0.09 260 0.09 260
5 0.18854867583747573 136832 0.09 260 0.09 260
6 0.18013417079223468 159297 0.09 260 0.09 260
7 0.17378053255119988 181711 0.09 260 0.09 260
8 0.16894655136336553 204077 0.09 260 0.09 260
9 0.16515716712989129 226392 0.09 260 0.09 260
10 0.16207192608510151 248659 0.09 260 0.09 260
11 0.1594785216726382 270890 0.09 260 0.09 260
12 0.15725889262473874 293069 0.09 260 0.09 260
13 0.15535173459476415 315207 0.09 260 0.09 260
14 0.15371911554983786 337303 0.09 260 0.09 260
15 0.15232393502537617 359368 0.09 260 0.09 260
16 0.15112377534255328 381379 0.09 260 0.09 260
17 0.15007771423067245 403349 0.09 260 0.09 260
18 0.14915486415462945 425278 0.09 260 0.09 260
19 0.14833679459510454 447168 0.09 260 0.09 260
20 0.1476138865765269 469026 0.09 260 0.09 260
21 0.14697954101911828 490829 0.09 260 0.09 260
22 0.1464255168640694 512594 0.09 260 0.09 260
23 0.14593973853982714 534317 0.09 260 0.09 260
24 0.14550658744886477 556002 0.09 260 0.09 260
25 0.14510895143989905 577647 0.09 260 0.09 260
26 0.1447309145929624 599265 0.09 260 0.09 260
27 0.14436000349037353 620830 0.09 260 0.09 260
28 0.1439883144710146 642359 0.09 260 0.09 260
29 0.14361237679301253 663851 0.09 260 0.09 260
30 0.14323204412727703 685307 0.09 260 0.09 260
31 0.14284895425595476 706725 0.09 260 0.09 260
32 0.14246511965262298 728106 0.09 260 0.09 260
33 0.14208203310913906 749452 0.09 260 0.09 260
34 0.1417003924882288 770765 0.09 260 0.09 260
35 0.14132029755351086 792045 0.09 260 0.09 260
36 0.1409416364500255 813293 0.09 260 0.09 260
37 0.14056437401376634 834511 0.09 260 0.09 260
38 0.14018854475027626 855687 0.09 260 0.09 260
39 0.1398138988806756 876837 0.09 260 0.09 260
40 0.13943931789489697 897952 0.09 260 0.09 260
41 0.1390622592426752 919044 0.09 260 0.09 260
42 0.1386785294141882 940094 0.09 260 0.09 260
43 0.13828256244516487 961113 0.09 260 0.09 260
44 0.13786814438066383 982103 0.09 260 0.09 260
45 0.13742932340030325 1003063 0.09 260 0.09 260
46 0.13696120705112302 1024000 0.09 260 0.09 260
47 0.136460465203816 1044908 0.09 260 0.09 260
48 0.1359255176191498 1065800 0.09 260 0.09 260
49 0.1353564865254853 1086652 0.09 260 0.09 260
50 0.13475501386113753 1107478 0.09 260 0.09 260
51 0.13412401432159912 1128289 0.09 260 0.09 260
52 0.13346740061199125 1149066 0.09 260 0.09 260
53 0.13278979705874389 1169820 0.09 260 0.09 260
54 0.13209625261224378 1190549 0.09 260 0.09 260
55 0.13139196639621695 1211259 0.09 260 0.09 260
56 0.13068204103758568 1231985 0.09 260 0.09 260
57 0.1299712776886464 1252676 0.09 260 0.09 260
58 0.12926402201314452 1273318 0.09 260 0.09 260
59 0.12856406417720614 1293937 0.09 260 0.09 260
60 0.12787458992514142 1314537 0.09 260 0.09 260
61 0.1271981753619509 1335116 0.09 260 0.09 260
62 0.12653681557467422 1355679 0.09 260 0.09 260
63 0.1258919765825982 1376233 0.09 260 0.09 260
64 0.12526466087802496 1396758 0.09 260 0.09 260
65 0.12465547847433364 1417265 0.09 260 0.09 260
66 0.12406471740761349 1437757 0.09 260 0.09 260
67 0.12349240963193742 1458232 0.09 260 0.09 260
68 0.12293838994632991 1478700 0.09 260 0.09 260
69 0.12240234688377606 1499142 0.09 260 0.09 260
70 0.12188386538035045 1519582 0.09 260 0.09 260
71 0.12138246159055317 1539994 0.09 260 0.09 260
72 0.12089761051402541 1560391 0.09 260 0.09 260
73 0.12042876724014372 1580783 0.09 260 0.09 260
74 0.11997538267587096 1601157 0.09 260 0.09 260
75 0.11953691464548892 1621512 0.09 260 0.09 260
76 0.11911283524768566 1641854 0.09 260 0.09 260
77 0.11870263530422426 1662183 0.09 260 0.09 260
78 0.11830582662167917 1682510 0.09 260 0.09 260
79 0.11792194264402481 1702817 0.09 260 0.09 260
80 0.11755053794998181 1723107 0.09 260 0.09 260
81 0.11719118696533967 1743399 0.09 260 0.09 260
82 0.1168434822034696 1763666 0.09 260 0.09 260
83 0.11650703229872963 1783932 0.09 260 0.09 260
84 0.11618146004898648 1804177 0.09 260 0.09 260
85 0.11586640063282161 1824410 0.09 260 0.09 260
86 0.11556150011388587 1844657 0.09 260 0.09 260
87 0.11526641429038179 1864898 0.09 260 0.09 260
88 0.11498080789466648 1885123 0.09 260 0.09 260
89 0.11470435410090238 1905320 0.09 260 0.09 260
90 0.11443673426259061 1925506 0.09 260 0.09 260
91 0.11417763778112211 1945681 0.09 260 0.09 260
92 0.1139267620036542 1965847 0.09 260 0.09 260
93 0.11368381206337966 1986002 0.09 260 0.09 260
94 0.11344850060398196 2006149 0.09 260 0.09 260
95 0.11322054736651121 2026288 0.09 260 0.09 260
96 0.11299967865333337 2046416 0.09 260 0.09 260
97 0.11278562671304856 2066535 0.09 260 0.09 260
98 0.1125781291074639 2086646 0.09 260 0.09 260
99 0.1123769281252289 2106750 0.09 260 0.09 260
