0 0.9535030807331033 8923 0.01 100
1 0.9524768400576992 17822 0.01 100
2 0.9510784143841522 26720 0.01 100
3 0.9489776771320878 35619 0.01 100
4 0.9454916006024088 44517 0.01 100
5 0.9389875918612297 53418 0.01 100
6 0.9251466253781176 62317 0.01 100
7 0.8949605581953577 71216 0.01 100
8 0.845580206267466 80113 0.01 100
9 0.7913265423371397 89010 0.01 100
10 0.7427803075608366 97911 0.01 100
11 0.7011061239927638 106806 0.01 100
12 0.666286583324567 115699 0.01 100
13 0.6368601061293626 124594 0.01 100
14 0.6109175559698958 133480 0.01 100
15 0.5870969992046889 142360 0.01 100
16 0.564695846242112 151240 0.01 100
17 0.543403991623391 160112 0.01 100
18 0.523018024600563 168979 0.01 100
19 0.5033450329408251 177841 0.01 100
20 0.4842550871929028 186701 0.01 100
21 0.465757798938648 195560 0.01 100
22 0.4480132756704168 204410 0.01 100
23 0.43124808437250045 213256 0.01 100
24 0.41563605998937986 222097 0.01 100
25 0.40124057065483837 230935 0.01 100
26 0.3880323646066179 239768 0.01 100
27 0.375931058318589 248600 0.01 100
28 0.36483735690769487 257424 0.01 100
29 0.35465224593588124 266243 0.01 100
30 0.3452857995463768 275058 0.01 100
31 0.33665898563499214 283870 0.01 100
32 0.3287026051199476 292691 0.01 100
33 0.3213559119538663 301496 0.01 100
34 0.3145653491282917 310296 0.01 100
35 0.3082831900880594 319094 0.01 100
36 0.30246616118466285 327888 0.01 100
37 0.29707431322877187 336679 0.01 100
38 0.2920702971574616 345470 0.01 100
39 0.28741901670301157 354256 0.01 100
40 0.2830875428694505 363039 0.01 100
41 0.27904517593123707 371818 0.01 100
42 0.27526356965444687 380594 0.01 100
43 0.2717168555351854 389372 0.01 100
44 0.2683817208564311 398144 0.01 100
45 0.2652374109575009 406916 0.01 100
46 0.2622656452033204 415682 0.01 100
47 0.259450454008691 424445 0.01 100
48 0.25677795672029646 433209 0.01 100
49 0.2542361055595063 441968 0.01 100
50 0.25181442013238337 450723 0.01 100
51 0.24950373245868485 459476 0.01 100
52 0.24729595636576393 468226 0.01 100
53 0.24518388911026276 476974 0.01 100
54 0.24316104809208552 485723 0.01 100
55 0.24122154175479532 494467 0.01 100
56 0.2393599711764593 503214 0.01 100
57 0.2375713573288448 511953 0.01 100
58 0.23585108838111823 520690 0.01 100
59 0.23419488155788773 529428 0.01 100
60 0.23259875470523475 538165 0.01 100
61 0.2310590036619239 546895 0.01 100
62 0.22957218261013723 555622 0.01 100
63 0.22813508565791615 564348 0.01 100
64 0.2267447288644062 573072 0.01 100
65 0.22539833265367554 581799 0.01 100
66 0.2240933050055342 590520 0.01 100
67 0.2228272259557131 599241 0.01 100
68 0.22159783384302345 607957 0.01 100
69 0.22040301351474373 616682 0.01 100
70 0.2192407864594616 625400 0.01 100
71 0.2181093026634754 634117 0.01 100
72 0.21700683391275571 642826 0.01 100
73 0.21593176826832047 651533 0.01 100
74 0.2148826054853487 660237 0.01 100
75 0.21385795318694015 668940 0.01 100
76 0.2128565236230472 677644 0.01 100
77 0.21187713084483487 686344 0.01 100
78 0.21091868811611342 695044 0.01 100
79 0.20998020537957227 703740 0.01 100
80 0.2090607866043232 712435 0.01 100
81 0.20815962686503398 721134 0.01 100
82 0.20727600903890367 729828 0.01 100
83 0.2064093000497684 738517 0.01 100
84 0.20555894663313476 747205 0.01 100
85 0.2047244706369029 755891 0.01 100
86 0.20390546390678085 764576 0.01 100
87 0.20310158283088015 773264 0.01 100
88 0.20231254263430096 781945 0.01 100
89 0.20153811152211076 790625 0.01 100
90 0.20077810476920813 799303 0.01 100
91 0.20003237884964942 807980 0.01 100
92 0.19930082568778293 816659 0.01 100
93 0.19858336710064597 825336 0.01 100
94 0.19787994948690152 834008 0.01 100
95 0.1971905388033361 842727 0.01 100
96 0.19651511585657797 851452 0.01 100
97 0.19585367192566452 860173 0.01 100
98 0.19520620472110298 868892 0.01 100
99 0.19457271467803086 877610 0.01 100
