0 0.9500779749855242 1927 0.02 20
1 0.9498268148312365 3806 0.02 20
2 0.9493275263652422 5666 0.02 20
3 0.9481431101320135 7526 0.02 20
4 0.944563013391232 9386 0.02 20
5 0.9293203652127728 11248 0.02 20
6 0.8862505839585587 13112 0.02 20
7 0.8269631996286368 14964 0.02 20
8 0.76239471526776 16809 0.02 20
9 0.7085492342205938 18643 0.02 20
10 0.6614038048899543 20471 0.02 20
11 0.6132197680498251 22292 0.02 20
12 0.5682840056071361 24152 0.02 20
13 0.5330122539340397 25956 0.02 20
14 0.5079125075543262 27749 0.02 20
15 0.4912245470605895 29535 0.02 20
16 0.480937901854486 31316 0.02 20
17 0.4750022118434415 33090 0.02 20
18 0.4717285074927775 34859 0.02 20
19 0.4697872434469272 36622 0.02 20
20 0.468170471775895 38379 0.02 20
21 0.4662156312555896 40131 0.02 20
22 0.4635667038471141 41877 0.02 20
23 0.4600752457919941 43616 0.02 20
24 0.45574642894295375 45351 0.02 20
25 0.45069771263138564 47078 0.02 20
26 0.4450981404221689 48800 0.02 20
27 0.4391310652277577 50516 0.02 20
28 0.432969737804388 52226 0.02 20
29 0.4267465054131522 53933 0.02 20
30 0.4205342782323806 55634 0.02 20
31 0.4143539005988879 57330 0.02 20
32 0.4081920684375587 59022 0.02 20
33 0.40201754024189496 60711 0.02 20
34 0.3957993073869002 62395 0.02 20
35 0.38952221909110785 64076 0.02 20
36 0.3831892603063312 65755 0.02 20
37 0.37681105589286523 67430 0.02 20
38 0.37040177952360526 69104 0.02 20
39 0.36399071913033587 70774 0.02 20
40 0.3576314580393382 72442 0.02 20
41 0.3513919353815345 74107 0.02 20
42 0.34532669079635253 75770 0.02 20
43 0.3394578704979162 77430 0.02 20
44 0.3337882583250564 79089 0.02 20
45 0.3283342116514606 80746 0.02 20
46 0.32312635583961397 82400 0.02 20
47 0.31817448792987413 84053 0.02 20
48 0.3134600148412459 85705 0.02 20
49 0.30895642110452776 87354 0.02 20
50 0.3046445127252197 89002 0.02 20
51 0.3005116811587125 90649 0.02 20
52 0.2965448454818847 92294 0.02 20
53 0.29272879692257353 93938 0.02 20
54 0.28904859316663434 95583 0.02 20
55 0.28549280328695786 97225 0.02 20
56 0.28205602037854743 98866 0.02 20
57 0.278739045589362 100507 0.02 20
58 0.2755463947193094 102147 0.02 20
59 0.27248305064995404 103786 0.02 20
60 0.2695526823959678 105424 0.02 20
61 0.2667574715529095 107061 0.02 20
62 0.26409814876810417 108698 0.02 20
63 0.26157332084972956 110334 0.02 20
64 0.25917869911791114 111970 0.02 20
65 0.2569074835196665 113606 0.02 20
66 0.2547519818207516 115240 0.02 20
67 0.2527052917241486 116875 0.02 20
68 0.250762310958642 118509 0.02 20
69 0.24892007877068623 120142 0.02 20
70 0.24717765017664664 121775 0.02 20
71 0.24553568634251274 123409 0.02 20
72 0.24399583915511608 125041 0.02 20
73 0.2425599307693238 126672 0.02 20
74 0.24122899978111415 128303 0.02 20
75 0.2400024460598367 129934 0.02 20
76 0.2388775549764672 131565 0.02 20
77 0.2378495207667709 133195 0.02 20
78 0.2369118541370094 134827 0.02 20
79 0.2360569546637455 136455 0.02 20
80 0.2352766882205127 138084 0.02 20
81 0.23456290559791684 139712 0.02 20
82 0.23390787654164885 141340 0.02 20
83 0.23330460999763675 142967 0.02 20
84 0.2327470348536538 144597 0.02 20
85 0.232230040418549 146229 0.02 20
86 0.2317494068240243 147855 0.02 20
87 0.2313016750005796 149480 0.02 20
88 0.23088400708097773 151106 0.02 20
89 0.23049407376793643 152732 0.02 20
90 0.23012998372463264 154356 0.02 20
91 0.22979025019400304 155981 0.02 20
92 0.22947377627508386 157610 0.02 20
93 0.22917983352589177 159235 0.02 20
94 0.22890801119579707 160858 0.02 20
95 0.22865812863544158 162481 0.02 20
96 0.22843012747025718 164104 0.02 20
97 0.22822397891094456 165727 0.02 20
98 0.2280396408425795 167349 0.02 20
99 0.22787707807703886 168976 0.02 20
