0 0.956617731184246 26692 0.01 300 0.01 300
1 0.9539961187592523 53318 0.01 300 0.01 300
2 0.9503324779137097 79946 0.01 300 0.01 300
3 0.9446586691395602 106576 0.01 300 0.01 300
4 0.9349213444927608 133203 0.01 300 0.01 300
5 0.9167933220148617 159833 0.01 300 0.01 300
6 0.883773496084742 186460 0.01 300 0.01 300
7 0.8345218858165684 213091 0.01 300 0.01 300
8 0.7789504939088078 239730 0.01 300 0.01 300
9 0.7233149650985405 266378 0.01 300 0.01 300
10 0.6730072134475603 293031 0.01 300 0.01 300
11 0.6321701890772989 319682 0.01 300 0.01 300
12 0.5998326437718159 346333 0.01 300 0.01 300
13 0.5729225789728879 372979 0.01 300 0.01 300
14 0.5489852899377891 399623 0.01 300 0.01 300
15 0.5267560332027986 426260 0.01 300 0.01 300
16 0.5057671152146771 452892 0.01 300 0.01 300
17 0.48591929230817676 479518 0.01 300 0.01 300
18 0.4673377739931656 506141 0.01 300 0.01 300
19 0.4503290125566928 532759 0.01 300 0.01 300
20 0.4351904416509543 559370 0.01 300 0.01 300
21 0.42199016665354505 585979 0.01 300 0.01 300
22 0.4105262488039097 612582 0.01 300 0.01 300
23 0.4004342715627398 639178 0.01 300 0.01 300
24 0.39131540902482603 665770 0.01 300 0.01 300
25 0.38282107311857216 692356 0.01 300 0.01 300
26 0.374689910414406 718939 0.01 300 0.01 300
27 0.3667525454923883 745513 0.01 300 0.01 300
28 0.3589185800073339 772081 0.01 300 0.01 300
29 0.3511561000462834 798645 0.01 300 0.01 300
30 0.3434708829932455 825204 0.01 300 0.01 300
31 0.33588974362757656 851760 0.01 300 0.01 300
32 0.3284495095703469 878310 0.01 300 0.01 300
33 0.32119072295877404 904858 0.01 300 0.01 300
34 0.31415420510717457 931403 0.01 300 0.01 300
35 0.30737892137775347 957942 0.01 300 0.01 300
36 0.30090022046007897 984478 0.01 300 0.01 300
37 0.2947479925015265 1011009 0.01 300 0.01 300
38 0.2889447157224803 1037536 0.01 300 0.01 300
39 0.28350378741699345 1064062 0.01 300 0.01 300
40 0.2784287081442142 1090583 0.01 300 0.01 300
41 0.273713459722533 1117106 0.01 300 0.01 300
42 0.2693439787193854 1143618 0.01 300 0.01 300
43 0.26530028980136316 1170125 0.01 300 0.01 300
44 0.2615587812162902 1196629 0.01 300 0.01 300
45 0.25809422745786814 1223131 0.01 300 0.01 300
46 0.25488135982357746 1249629 0.01 300 0.01 300
47 0.2518959523371728 1276122 0.01 300 0.01 300
48 0.24911548932106142 1302611 0.01 300 0.01 300
49 0.24651951714885706 1329096 0.01 300 0.01 300
50 0.24408977890660571 1355579 0.01 300 0.01 300
51 0.24181020901778275 1382057 0.01 300 0.01 300
52 0.23966684042891004 1408533 0.01 300 0.01 300
53 0.2376476572497311 1435005 0.01 300 0.01 300
54 0.23574241283949723 1461473 0.01 300 0.01 300
55 0.23394242626896078 1487939 0.01 300 0.01 300
56 0.23224036687864993 1514399 0.01 300 0.01 300
57 0.2306300354372024 1540856 0.01 300 0.01 300
58 0.22910614988111147 1567313 0.01 300 0.01 300
59 0.22766414306184532 1593765 0.01 300 0.01 300
60 0.22629997902554574 1620215 0.01 300 0.01 300
61 0.2250099930388246 1646665 0.01 300 0.01 300
62 0.223790758915138 1673106 0.01 300 0.01 300
63 0.22263898532485932 1699546 0.01 300 0.01 300
64 0.22155144087089573 1725985 0.01 300 0.01 300
65 0.22052490598475646 1752422 0.01 300 0.01 300
66 0.2195561483288576 1778851 0.01 300 0.01 300
67 0.21864191749749118 1805284 0.01 300 0.01 300
68 0.21777895441910938 1831707 0.01 300 0.01 300
69 0.21696401092066267 1858129 0.01 300 0.01 300
70 0.21619387531108628 1884546 0.01 300 0.01 300
71 0.21546540044836568 1910962 0.01 300 0.01 300
72 0.2147755314567428 1937375 0.01 300 0.01 300
73 0.21412133096818525 1963794 0.01 300 0.01 300
74 0.21350000041642178 1990200 0.01 300 0.01 300
75 0.21290889648060787 2016603 0.01 300 0.01 300
76 0.21234554224724117 2043005 0.01 300 0.01 300
77 0.21180763303469316 2069405 0.01 300 0.01 300
78 0.2112930371139629 2095797 0.01 300 0.01 300
79 0.21079979177475766 2122197 0.01 300 0.01 300
80 0.2103260953413615 2148584 0.01 300 0.01 300
81 0.2098702958501444 2174971 0.01 300 0.01 300
82 0.2094308771694084 2201352 0.01 300 0.01 300
83 0.20900644337866106 2227735 0.01 300 0.01 300
84 0.20859570223105742 2254114 0.01 300 0.01 300
85 0.20819744849995522 2280487 0.01 300 0.01 300
86 0.20781054795729237 2306862 0.01 300 0.01 300
87 0.20743392264726931 2333233 0.01 300 0.01 300
88 0.20706653800473745 2359601 0.01 300 0.01 300
89 0.2067073922279839 2385967 0.01 300 0.01 300
90 0.20635550815795342 2412326 0.01 300 0.01 300
91 0.20600992775136365 2438705 0.01 300 0.01 300
92 0.20566970907714757 2465059 0.01 300 0.01 300
93 0.20533392562727792 2491412 0.01 300 0.01 300
94 0.20500166762529196 2517759 0.01 300 0.01 300
95 0.2046720449448006 2544012 0.01 300 0.01 300
96 0.20434419121689404 2570145 0.01 300 0.01 300
97 0.20401726870568884 2596275 0.01 300 0.01 300
98 0.2036904735587352 2622401 0.01 300 0.01 300
99 0.2033630410854026 2648524 0.01 300 0.01 300
