0 0.9591808679002499 24881 0.02 280 0.02 280
1 0.9517412781310324 49653 0.02 280 0.02 280
2 0.9302853070028803 74332 0.02 280 0.02 280
3 0.8616645883157538 99015 0.02 280 0.02 280
4 0.7454141794208826 123715 0.02 280 0.02 280
5 0.6340353248494325 148415 0.02 280 0.02 280
6 0.5461056237752611 173110 0.02 280 0.02 280
7 0.47890914134135926 197797 0.02 280 0.02 280
8 0.4277890163418094 222471 0.02 280 0.02 280
9 0.39047864828959505 247135 0.02 280 0.02 280
10 0.3617983796280535 271790 0.02 280 0.02 280
11 0.3383795444854143 296439 0.02 280 0.02 280
12 0.31911201032321296 321074 0.02 280 0.02 280
13 0.30341097865544286 345700 0.02 280 0.02 280
14 0.2906192404879047 370327 0.02 280 0.02 280
15 0.28011942958955716 394942 0.02 280 0.02 280
16 0.27140967039403 419543 0.02 280 0.02 280
17 0.2640945774753761 444135 0.02 280 0.02 280
18 0.2578669765761491 468716 0.02 280 0.02 280
19 0.252491637989712 493290 0.02 280 0.02 280
20 0.24778958659069047 517860 0.02 280 0.02 280
21 0.24362489818544752 542424 0.02 280 0.02 280
22 0.2398949329100921 566978 0.02 280 0.02 280
23 0.23652313665331154 591527 0.02 280 0.02 280
24 0.23345317694409498 616105 0.02 280 0.02 280
25 0.2306436606224895 640640 0.02 280 0.02 280
26 0.22806328470734918 665172 0.02 280 0.02 280
27 0.22568666438350155 689698 0.02 280 0.02 280
28 0.22349117168698868 714216 0.02 280 0.02 280
29 0.22145496431684764 738727 0.02 280 0.02 280
30 0.2195561325013502 763236 0.02 280 0.02 280
31 0.21777269114551454 787738 0.02 280 0.02 280
32 0.21608306907582445 812233 0.02 280 0.02 280
33 0.21446678564352048 836723 0.02 280 0.02 280
34 0.21290509862810753 861219 0.02 280 0.02 280
35 0.21138150128750238 885698 0.02 280 0.02 280
36 0.20988201682271249 910172 0.02 280 0.02 280
37 0.2083952867332138 934648 0.02 280 0.02 280
38 0.20691248223995182 959108 0.02 280 0.02 280
39 0.20542708742897997 983561 0.02 280 0.02 280
40 0.2039346088873732 1008012 0.02 280 0.02 280
41 0.20243226109956425 1032454 0.02 280 0.02 280
42 0.2009186639878368 1056899 0.02 280 0.02 280
43 0.19939357350257061 1081331 0.02 280 0.02 280
44 0.1978576519528344 1105764 0.02 280 0.02 280
45 0.19631227453948583 1130181 0.02 280 0.02 280
46 0.19475936380466916 1154594 0.02 280 0.02 280
47 0.1932012442178857 1179001 0.02 280 0.02 280
48 0.1916405128532095 1203399 0.02 280 0.02 280
49 0.19007992613918492 1227800 0.02 280 0.02 280
50 0.1885223045634855 1252187 0.02 280 0.02 280
51 0.1869704562398957 1276567 0.02 280 0.02 280
52 0.18542711754924546 1300941 0.02 280 0.02 280
53 0.1838949067673487 1325312 0.02 280 0.02 280
54 0.1823762862628992 1349681 0.02 280 0.02 280
55 0.18087353057913874 1374038 0.02 280 0.02 280
56 0.17938870035780516 1398401 0.02 280 0.02 280
57 0.17792362417335228 1422751 0.02 280 0.02 280
58 0.1764798909791875 1447092 0.02 280 0.02 280
59 0.1750588548882841 1471429 0.02 280 0.02 280
60 0.17366165195210106 1495763 0.02 280 0.02 280
61 0.172289226332237 1520091 0.02 280 0.02 280
62 0.17094236160559356 1544413 0.02 280 0.02 280
63 0.16962171240220678 1568730 0.02 280 0.02 280
64 0.16832783219215788 1593053 0.02 280 0.02 280
65 0.16706119448108547 1617363 0.02 280 0.02 280
66 0.16582220642254467 1641668 0.02 280 0.02 280
67 0.16461121541483498 1665970 0.02 280 0.02 280
68 0.16342851029749317 1690265 0.02 280 0.02 280
69 0.16227431919640928 1714557 0.02 280 0.02 280
70 0.16114880596883155 1738844 0.02 280 0.02 280
71 0.1600520667571958 1763129 0.02 280 0.02 280
72 0.15898412758252561 1787417 0.02 280 0.02 280
73 0.15794494336507534 1811694 0.02 280 0.02 280
74 0.15693439835612863 1835966 0.02 280 0.02 280
75 0.15595230773618382 1860234 0.02 280 0.02 280
76 0.15499842006318953 1884500 0.02 280 0.02 280
77 0.15407242029202606 1908762 0.02 280 0.02 280
78 0.15317393317669914 1933020 0.02 280 0.02 280
79 0.15230252696190605 1957282 0.02 280 0.02 280
80 0.15145771733966823 1981532 0.02 280 0.02 280
81 0.15063897167660872 2005778 0.02 280 0.02 280
82 0.14984571351012524 2030020 0.02 280 0.02 280
83 0.1490773272786976 2054259 0.02 280 0.02 280
84 0.14833316320882123 2078494 0.02 280 0.02 280
85 0.1476125422441525 2102727 0.02 280 0.02 280
86 0.1469147608833417 2126965 0.02 280 0.02 280
87 0.14623909579773473 2151191 0.02 280 0.02 280
88 0.14558480812806354 2175413 0.02 280 0.02 280
89 0.144951147403945 2199631 0.02 280 0.02 280
90 0.1443373550812729 2223848 0.02 280 0.02 280
91 0.14374266773920352 2248059 0.02 280 0.02 280
92 0.14316632001118496 2272270 0.02 280 0.02 280
93 0.14260754733820752 2296474 0.02 280 0.02 280
94 0.1420655886268193 2320675 0.02 280 0.02 280
95 0.141539688873533 2344872 0.02 280 0.02 280
96 0.14102910178767006 2369064 0.02 280 0.02 280
97 0.14053309241376724 2393252 0.02 280 0.02 280
98 0.14005093972839142 2417440 0.02 280 0.02 280
99 0.1395819391682012 2441622 0.02 280 0.02 280
