0 0.9571742418366876 12427 0.03 140
1 0.9426549033959456 24861 0.03 140
2 0.8623218994391307 37278 0.03 140
3 0.6935713988209334 49766 0.03 140
4 0.5612303328954935 62257 0.03 140
5 0.477024480076265 74729 0.03 140
6 0.42154798859355597 87182 0.03 140
7 0.38231583285904286 99622 0.03 140
8 0.3516229472406105 112046 0.03 140
9 0.3258558557717704 124458 0.03 140
10 0.30446791756462754 136859 0.03 140
11 0.28729060358553077 149245 0.03 140
12 0.27390358710336105 161624 0.03 140
13 0.2636551576145977 173987 0.03 140
14 0.2557033631950967 186347 0.03 140
15 0.24928023213000966 198693 0.03 140
16 0.24383363349627432 211032 0.03 140
17 0.2390075492278098 223361 0.03 140
18 0.23458722908606286 235683 0.03 140
19 0.23045256840873735 248000 0.03 140
20 0.2265430052432114 260305 0.03 140
21 0.222832110955286 272604 0.03 140
22 0.21930995063549358 284896 0.03 140
23 0.21597188285480792 297181 0.03 140
24 0.21281264333405958 309463 0.03 140
25 0.20982430071503122 321733 0.03 140
26 0.2069965576068935 334001 0.03 140
27 0.2043180720997995 346259 0.03 140
28 0.20177786011063362 358508 0.03 140
29 0.19936626933325916 370750 0.03 140
30 0.19707537903082462 382985 0.03 140
31 0.19489891157101497 395217 0.03 140
32 0.1928318449859537 407439 0.03 140
33 0.19086992740089737 419656 0.03 140
34 0.18900925065288235 431866 0.03 140
35 0.18724597066431922 444072 0.03 140
36 0.18557619022095587 456274 0.03 140
37 0.18399596556896056 468467 0.03 140
38 0.18250137281782833 480658 0.03 140
39 0.18108857309535134 492841 0.03 140
40 0.1797538376234223 505017 0.03 140
41 0.1784935230605818 517188 0.03 140
42 0.17730401235105311 529358 0.03 140
43 0.1761816494344105 541523 0.03 140
44 0.175122695594858 553680 0.03 140
45 0.17412332457416624 565833 0.03 140
46 0.1731796592353827 577981 0.03 140
47 0.17228784020707316 590125 0.03 140
48 0.17144410960572637 602268 0.03 140
49 0.17064489121571894 614402 0.03 140
50 0.16988685152223393 626537 0.03 140
51 0.16916693215094925 638663 0.03 140
52 0.1684823516211675 650783 0.03 140
53 0.16783058089341502 662899 0.03 140
54 0.16720930149970656 675015 0.03 140
55 0.1666163565178249 687127 0.03 140
56 0.16604970366830596 699231 0.03 140
57 0.16550737730064485 711336 0.03 140
58 0.16498746296856093 723432 0.03 140
59 0.16448808539707177 735525 0.03 140
60 0.16400740834676453 747617 0.03 140
61 0.16354364339086344 759700 0.03 140
62 0.16309506397599424 771784 0.03 140
63 0.16266002122022358 783861 0.03 140
64 0.16223695847825398 795933 0.03 140
65 0.16182442251247653 808000 0.03 140
66 0.16142106995212904 820068 0.03 140
67 0.16102566850153463 832130 0.03 140
68 0.16063709304256124 844189 0.03 140
69 0.16025431735518222 856240 0.03 140
70 0.159876402627765 868289 0.03 140
71 0.15950248420495838 880334 0.03 140
72 0.15913175809177696 892380 0.03 140
73 0.1587634685940717 904417 0.03 140
74 0.15839689816463726 916457 0.03 140
75 0.15803136010969657 928487 0.03 140
76 0.15766619437353793 940514 0.03 140
77 0.15730076623148975 952537 0.03 140
78 0.15693446743125158 964571 0.03 140
79 0.1565667191492635 976590 0.03 140
80 0.156196976066447 988603 0.03 140
81 0.15582473089407553 1000613 0.03 140
82 0.1554495187670205 1012621 0.03 140
83 0.1550709210419332 1024624 0.03 140
84 0.15468856817304788 1036626 0.03 140
85 0.15430214147744162 1048623 0.03 140
86 0.15391137373906036 1060622 0.03 140
87 0.1535160487315568 1072612 0.03 140
88 0.1531159998556024 1084597 0.03 140
89 0.15271110817372976 1096579 0.03 140
90 0.15230130016923146 1108563 0.03 140
91 0.15188654554219713 1120542 0.03 140
92 0.15146685528170808 1132521 0.03 140
93 0.15104228012847581 1144489 0.03 140
94 0.15061290939143754 1156455 0.03 140
95 0.15017886993845303 1168416 0.03 140
96 0.1497403250794931 1180386 0.03 140
97 0.14929747302542679 1192344 0.03 140
98 0.14885054464629896 1204302 0.03 140
99 0.14839980036196979 1216251 0.03 140
