0 0.8425472899291714 21251 0.07 240 0.07 240
1 0.44959815940379194 42441 0.07 240 0.07 240
2 0.31784684082006376 63539 0.07 240 0.07 240
3 0.2718758640135339 84586 0.07 240 0.07 240
4 0.2484457364485642 105591 0.07 240 0.07 240
5 0.2334778905149575 126559 0.07 240 0.07 240
6 0.2221281689340246 147490 0.07 240 0.07 240
7 0.21284013778914698 168384 0.07 240 0.07 240
8 0.20518862201329674 189241 0.07 240 0.07 240
9 0.19888928035982792 210071 0.07 240 0.07 240
10 0.1935975442396104 230864 0.07 240 0.07 240
11 0.18900863943582055 251626 0.07 240 0.07 240
12 0.18491939869528026 272359 0.07 240 0.07 240
13 0.1812096525862743 293063 0.07 240 0.07 240
14 0.17780658340653363 313739 0.07 240 0.07 240
15 0.17466294270691826 334385 0.07 240 0.07 240
16 0.17174717359599714 355004 0.07 240 0.07 240
17 0.1690379510790032 375597 0.07 240 0.07 240
18 0.16651974842827555 396211 0.07 240 0.07 240
19 0.16417921103083224 416761 0.07 240 0.07 240
20 0.1620028107878134 437289 0.07 240 0.07 240
21 0.1599759616002052 457786 0.07 240 0.07 240
22 0.158083405428639 478257 0.07 240 0.07 240
23 0.15631036817549396 498702 0.07 240 0.07 240
24 0.154643863375622 519126 0.07 240 0.07 240
25 0.15307363815361852 539530 0.07 240 0.07 240
26 0.15159254898681343 559911 0.07 240 0.07 240
27 0.1501964588542633 580270 0.07 240 0.07 240
28 0.14888388455524154 600604 0.07 240 0.07 240
29 0.14765555827928437 620917 0.07 240 0.07 240
30 0.1465139214449776 641211 0.07 240 0.07 240
31 0.1454624843330715 661484 0.07 240 0.07 240
32 0.14450498529608685 681735 0.07 240 0.07 240
33 0.14364431595791663 701968 0.07 240 0.07 240
34 0.1428812573550102 722178 0.07 240 0.07 240
35 0.14221324683400352 742372 0.07 240 0.07 240
36 0.1416335834734916 762544 0.07 240 0.07 240
37 0.14113145957774917 782698 0.07 240 0.07 240
38 0.14069289029319532 802893 0.07 240 0.07 240
39 0.14030221933510062 823011 0.07 240 0.07 240
40 0.13994369938245618 843115 0.07 240 0.07 240
41 0.13960274895565564 863200 0.07 240 0.07 240
42 0.13926672300446472 883270 0.07 240 0.07 240
43 0.13892523489711026 903321 0.07 240 0.07 240
44 0.13857016708177217 923357 0.07 240 0.07 240
45 0.1381955220927884 943374 0.07 240 0.07 240
46 0.13779723312757738 963380 0.07 240 0.07 240
47 0.13737300328351892 983373 0.07 240 0.07 240
48 0.1369221918732546 1003341 0.07 240 0.07 240
49 0.13644572628683294 1023292 0.07 240 0.07 240
50 0.13594599679975963 1043229 0.07 240 0.07 240
51 0.13542669292977963 1063150 0.07 240 0.07 240
52 0.13489255961178437 1083055 0.07 240 0.07 240
53 0.13434907916391325 1102954 0.07 240 0.07 240
54 0.13380210840008666 1122830 0.07 240 0.07 240
55 0.13325751117444343 1142690 0.07 240 0.07 240
56 0.1327208244782342 1162539 0.07 240 0.07 240
57 0.13219698598210805 1182372 0.07 240 0.07 240
58 0.13169013859786288 1202192 0.07 240 0.07 240
59 0.13120351663681298 1222001 0.07 240 0.07 240
60 0.13073940913272175 1241795 0.07 240 0.07 240
61 0.13029918861667136 1261573 0.07 240 0.07 240
62 0.12988338843613845 1281339 0.07 240 0.07 240
63 0.1294918098244187 1301090 0.07 240 0.07 240
64 0.1291236424800614 1320830 0.07 240 0.07 240
65 0.12877758871053693 1340553 0.07 240 0.07 240
66 0.12845198766481658 1360268 0.07 240 0.07 240
67 0.1281449384125096 1380029 0.07 240 0.07 240
68 0.1278544178575792 1399711 0.07 240 0.07 240
69 0.1275783859284606 1419381 0.07 240 0.07 240
70 0.12731487062799776 1439039 0.07 240 0.07 240
71 0.12706202941797387 1458692 0.07 240 0.07 240
72 0.12681818796130276 1478329 0.07 240 0.07 240
73 0.1265818600571109 1497953 0.07 240 0.07 240
74 0.1263517533871203 1517567 0.07 240 0.07 240
75 0.12612676526061786 1537169 0.07 240 0.07 240
76 0.12590597169852405 1556759 0.07 240 0.07 240
77 0.1256886123486333 1576338 0.07 240 0.07 240
78 0.12547407299171254 1595905 0.07 240 0.07 240
79 0.12526186676995563 1615461 0.07 240 0.07 240
80 0.12505161471368242 1635004 0.07 240 0.07 240
81 0.12484302565932456 1654535 0.07 240 0.07 240
82 0.12463587529235172 1674056 0.07 240 0.07 240
83 0.12442998391219177 1693566 0.07 240 0.07 240
84 0.12422519272548807 1713065 0.07 240 0.07 240
85 0.124021339116617 1732554 0.07 240 0.07 240
86 0.1238182323790348 1752032 0.07 240 0.07 240
87 0.12361563256490368 1771505 0.07 240 0.07 240
88 0.12341323597291669 1790965 0.07 240 0.07 240
89 0.12321067087105644 1810419 0.07 240 0.07 240
90 0.12300750610352633 1829862 0.07 240 0.07 240
91 0.12280327338596739 1849297 0.07 240 0.07 240
92 0.12259750171285805 1868722 0.07 240 0.07 240
93 0.12238975976354091 1888138 0.07 240 0.07 240
94 0.1221796998820042 1907552 0.07 240 0.07 240
95 0.12196709570719849 1926952 0.07 240 0.07 240
96 0.12175186565313384 1946340 0.07 240 0.07 240
97 0.12153407677026022 1965722 0.07 240 0.07 240
98 0.12131392781054709 1985095 0.07 240 0.07 240
99 0.12109171528674184 2004458 0.07 240 0.07 240
