0 0.9484307568145133 26513 0.060000000000000005 300 0.06 300
1 0.5765928833704805 52979 0.060000000000000005 300 0.06 300
2 0.3870890852822391 79370 0.060000000000000005 300 0.06 300
3 0.3107402987823758 105709 0.060000000000000005 300 0.06 300
4 0.27243233123985744 132009 0.060000000000000005 300 0.06 300
5 0.2487347035904737 158269 0.060000000000000005 300 0.06 300
6 0.23226782716654912 184492 0.060000000000000005 300 0.06 300
7 0.22056142380244634 210688 0.060000000000000005 300 0.06 300
8 0.21195346239975843 236854 0.060000000000000005 300 0.06 300
9 0.20508399195602955 262986 0.060000000000000005 300 0.06 300
10 0.19917033274327892 289092 0.060000000000000005 300 0.06 300
11 0.19385689927916178 315166 0.060000000000000005 300 0.06 300
12 0.18898773869251162 341214 0.060000000000000005 300 0.06 300
13 0.18448206859638255 367229 0.060000000000000005 300 0.06 300
14 0.180291389819908 393218 0.060000000000000005 300 0.06 300
15 0.176387381277531 419180 0.060000000000000005 300 0.06 300
16 0.17275591774669014 445112 0.060000000000000005 300 0.06 300
17 0.16939224528568694 471019 0.060000000000000005 300 0.06 300
18 0.16629616400805533 496898 0.060000000000000005 300 0.06 300
19 0.1634673569051589 522756 0.060000000000000005 300 0.06 300
20 0.16090175204858104 548598 0.060000000000000005 300 0.06 300
21 0.15858959998440436 574410 0.060000000000000005 300 0.06 300
22 0.15651544201694295 600198 0.060000000000000005 300 0.06 300
23 0.15465945135081835 625961 0.060000000000000005 300 0.06 300
24 0.15299925712305354 651704 0.060000000000000005 300 0.06 300
25 0.15151157389872147 677423 0.060000000000000005 300 0.06 300
26 0.1501734148273893 703125 0.060000000000000005 300 0.06 300
27 0.1489629687807568 728800 0.060000000000000005 300 0.06 300
28 0.14786027197207002 754459 0.060000000000000005 300 0.06 300
29 0.14684771882969588 780099 0.060000000000000005 300 0.06 300
30 0.14591038102246906 805716 0.060000000000000005 300 0.06 300
31 0.14503610501143333 831320 0.060000000000000005 300 0.06 300
32 0.1442154051344327 856900 0.060000000000000005 300 0.06 300
33 0.1434412038636518 882463 0.060000000000000005 300 0.06 300
34 0.14270847606061465 908011 0.060000000000000005 300 0.06 300
35 0.14201384224230437 933543 0.060000000000000005 300 0.06 300
36 0.14135514220085457 959057 0.060000000000000005 300 0.06 300
37 0.14073101243209435 984565 0.060000000000000005 300 0.06 300
38 0.14014048904129084 1010043 0.060000000000000005 300 0.06 300
39 0.13958265854431123 1035512 0.060000000000000005 300 0.06 300
40 0.13905637847736524 1060960 0.060000000000000005 300 0.06 300
41 0.13856008571625492 1086391 0.060000000000000005 300 0.06 300
42 0.13809170217945332 1111799 0.060000000000000005 300 0.06 300
43 0.13764863618104778 1137218 0.060000000000000005 300 0.06 300
44 0.13722786641043508 1162594 0.060000000000000005 300 0.06 300
45 0.1368260882187522 1187963 0.060000000000000005 300 0.06 300
46 0.13643989961395112 1213320 0.060000000000000005 300 0.06 300
47 0.13606600467583918 1238655 0.060000000000000005 300 0.06 300
48 0.13570141209886796 1263976 0.060000000000000005 300 0.06 300
49 0.13534360561578135 1289279 0.060000000000000005 300 0.06 300
50 0.13499066306265453 1314585 0.060000000000000005 300 0.06 300
51 0.1346413048299999 1339858 0.060000000000000005 300 0.06 300
52 0.1342948624368234 1365123 0.060000000000000005 300 0.06 300
53 0.13395117316236752 1390370 0.060000000000000005 300 0.06 300
54 0.133610422869033 1415621 0.060000000000000005 300 0.06 300
55 0.13327297027466223 1440846 0.060000000000000005 300 0.06 300
56 0.13293918722999112 1466056 0.060000000000000005 300 0.06 300
57 0.1326093405170782 1491260 0.060000000000000005 300 0.06 300
58 0.13228352556917025 1516447 0.060000000000000005 300 0.06 300
59 0.13196164795110016 1541624 0.060000000000000005 300 0.06 300
60 0.13164343965631348 1566796 0.060000000000000005 300 0.06 300
61 0.13132849556933224 1591949 0.060000000000000005 300 0.06 300
62 0.13101631852065176 1617090 0.060000000000000005 300 0.06 300
63 0.13070636576268288 1642218 0.060000000000000005 300 0.06 300
64 0.13039809304269928 1667337 0.060000000000000005 300 0.06 300
65 0.13009099412287542 1692441 0.060000000000000005 300 0.06 300
66 0.12978463411495575 1717537 0.060000000000000005 300 0.06 300
67 0.12947867512001976 1742621 0.060000000000000005 300 0.06 300
68 0.129172892895317 1767694 0.060000000000000005 300 0.06 300
69 0.12886718377561598 1792761 0.060000000000000005 300 0.06 300
70 0.12856156180496756 1817810 0.060000000000000005 300 0.06 300
71 0.12825614685327646 1842851 0.060000000000000005 300 0.06 300
72 0.12795114526460513 1867881 0.060000000000000005 300 0.06 300
73 0.1276468252020694 1892904 0.060000000000000005 300 0.06 300
74 0.1273434892429079 1917917 0.060000000000000005 300 0.06 300
75 0.1270414468966362 1942912 0.060000000000000005 300 0.06 300
76 0.1267409895639069 1967899 0.060000000000000005 300 0.06 300
77 0.12644237005300815 1992875 0.060000000000000005 300 0.06 300
78 0.1261457881854915 2017837 0.060000000000000005 300 0.06 300
79 0.12585138333547957 2042800 0.060000000000000005 300 0.06 300
80 0.12555923404929525 2067741 0.060000000000000005 300 0.06 300
81 0.12526936426194804 2092675 0.060000000000000005 300 0.06 300
82 0.12498175511575779 2117596 0.060000000000000005 300 0.06 300
83 0.12469636101092843 2142510 0.060000000000000005 300 0.06 300
84 0.12441312826746614 2167411 0.060000000000000005 300 0.06 300
85 0.1241320146290547 2192303 0.060000000000000005 300 0.06 300
86 0.12385300777379282 2217209 0.060000000000000005 300 0.06 300
87 0.1235761410132516 2242078 0.060000000000000005 300 0.06 300
88 0.12330150448088512 2266941 0.060000000000000005 300 0.06 300
89 0.12302925036895627 2291790 0.060000000000000005 300 0.06 300
90 0.1227595912052049 2316633 0.060000000000000005 300 0.06 300
91 0.12249279078249901 2341465 0.060000000000000005 300 0.06 300
92 0.12222914814492165 2366386 0.060000000000000005 300 0.06 300
93 0.12196897591929572 2391400 0.060000000000000005 300 0.06 300
94 0.12171257513590529 2416404 0.060000000000000005 300 0.06 300
95 0.12146020934188492 2441398 0.060000000000000005 300 0.06 300
96 0.12121208110832488 2466384 0.060000000000000005 300 0.06 300
97 0.12096831384815955 2491358 0.060000000000000005 300 0.06 300
98 0.12072894117399194 2516326 0.060000000000000005 300 0.06 300
99 0.12049390493445454 2541283 0.060000000000000005 300 0.06 300
