0 0.7544136202066747 22987 0.08 260 0.08 260
1 0.3546102061904456 45883 0.08 260 0.08 260
2 0.26568475021332566 68696 0.08 260 0.08 260
3 0.23087560204011284 91440 0.08 260 0.08 260
4 0.21225031469579078 114129 0.08 260 0.08 260
5 0.19951059422182454 136750 0.08 260 0.08 260
6 0.1898223949336159 159313 0.08 260 0.08 260
7 0.18219954633746313 181828 0.08 260 0.08 260
8 0.17616007603399245 204304 0.08 260 0.08 260
9 0.17130829975697087 226731 0.08 260 0.08 260
10 0.1673268346356153 249123 0.08 260 0.08 260
11 0.16398841021471766 271482 0.08 260 0.08 260
12 0.1611394656173278 293806 0.08 260 0.08 260
13 0.15867655523799068 316095 0.08 260 0.08 260
14 0.15652714259853281 338352 0.08 260 0.08 260
15 0.15463775086287937 360576 0.08 260 0.08 260
16 0.15296779754694076 382771 0.08 260 0.08 260
17 0.1514858090968275 404934 0.08 260 0.08 260
18 0.15016629122884015 427067 0.08 260 0.08 260
19 0.14898725260156268 449168 0.08 260 0.08 260
20 0.1479289921692387 471240 0.08 260 0.08 260
21 0.1469742181741824 493284 0.08 260 0.08 260
22 0.14610874465174645 515301 0.08 260 0.08 260
23 0.14532182301685978 537287 0.08 260 0.08 260
24 0.14460572393728208 559273 0.08 260 0.08 260
25 0.14395482906921395 581197 0.08 260 0.08 260
26 0.14336461744486168 603092 0.08 260 0.08 260
27 0.14283071405665368 624961 0.08 260 0.08 260
28 0.14234804812065072 646801 0.08 260 0.08 260
29 0.14191022031451805 668620 0.08 260 0.08 260
30 0.14150923347882463 690400 0.08 260 0.08 260
31 0.14113569579774332 712154 0.08 260 0.08 260
32 0.1407794851429165 733878 0.08 260 0.08 260
33 0.14043073890940716 755585 0.08 260 0.08 260
34 0.14008095247355626 777257 0.08 260 0.08 260
35 0.13972394293112267 798902 0.08 260 0.08 260
36 0.13935645672450556 820520 0.08 260 0.08 260
37 0.13897826727102194 842112 0.08 260 0.08 260
38 0.1385917241633235 863687 0.08 260 0.08 260
39 0.13820086282537863 885231 0.08 260 0.08 260
40 0.13781031148453027 906750 0.08 260 0.08 260
41 0.13742427904222615 928242 0.08 260 0.08 260
42 0.13704584871680764 949720 0.08 260 0.08 260
43 0.13667667325021068 971165 0.08 260 0.08 260
44 0.13631703488723904 992591 0.08 260 0.08 260
45 0.13596614986865574 1013991 0.08 260 0.08 260
46 0.13562257711479458 1035368 0.08 260 0.08 260
47 0.13528461711884654 1056729 0.08 260 0.08 260
48 0.13495063210991137 1078059 0.08 260 0.08 260
49 0.13461926009535377 1099371 0.08 260 0.08 260
50 0.1342895228467805 1120661 0.08 260 0.08 260
51 0.13396084071072353 1141929 0.08 260 0.08 260
52 0.1336329702982744 1163180 0.08 260 0.08 260
53 0.13330588098590954 1184415 0.08 260 0.08 260
54 0.13297958779802327 1205617 0.08 260 0.08 260
55 0.13265396391085646 1226802 0.08 260 0.08 260
56 0.13232856428743403 1247966 0.08 260 0.08 260
57 0.13200249774965864 1269118 0.08 260 0.08 260
58 0.1316743815683662 1290240 0.08 260 0.08 260
59 0.13134239673670098 1311341 0.08 260 0.08 260
60 0.1310044366649126 1332427 0.08 260 0.08 260
61 0.13065831685557333 1353493 0.08 260 0.08 260
62 0.13030199902014974 1374554 0.08 260 0.08 260
63 0.12993378519652626 1395579 0.08 260 0.08 260
64 0.1295524525372668 1416587 0.08 260 0.08 260
65 0.12915731922551035 1437577 0.08 260 0.08 260
66 0.12874824845673477 1458554 0.08 260 0.08 260
67 0.12832560656872644 1479521 0.08 260 0.08 260
68 0.12789019336343416 1500459 0.08 260 0.08 260
69 0.12744315994050323 1521382 0.08 260 0.08 260
70 0.12698592478298346 1542290 0.08 260 0.08 260
71 0.12652009441728726 1563186 0.08 260 0.08 260
72 0.1260473916738809 1584062 0.08 260 0.08 260
73 0.12556959256915143 1604923 0.08 260 0.08 260
74 0.1250884718586376 1625773 0.08 260 0.08 260
75 0.12460575699573191 1646609 0.08 260 0.08 260
76 0.12412309022488034 1667432 0.08 260 0.08 260
77 0.12364199860491573 1688236 0.08 260 0.08 260
78 0.1231638717666394 1709037 0.08 260 0.08 260
79 0.12268994711708223 1729814 0.08 260 0.08 260
80 0.12222130202680903 1750583 0.08 260 0.08 260
81 0.1217588523212537 1771338 0.08 260 0.08 260
82 0.1213033561932477 1792075 0.08 260 0.08 260
83 0.12085542250237843 1812808 0.08 260 0.08 260
84 0.12041552235067518 1833521 0.08 260 0.08 260
85 0.11998400282836298 1854226 0.08 260 0.08 260
86 0.11956110189931338 1874919 0.08 260 0.08 260
87 0.11914696352687891 1895599 0.08 260 0.08 260
88 0.1187416523080958 1916274 0.08 260 0.08 260
89 0.11834516706963924 1936932 0.08 260 0.08 260
90 0.1179574530667134 1957583 0.08 260 0.08 260
91 0.11757841260285393 1978221 0.08 260 0.08 260
92 0.11720791404297565 1998849 0.08 260 0.08 260
93 0.11684579931377935 2019479 0.08 260 0.08 260
94 0.11649189006761208 2040081 0.08 260 0.08 260
95 0.11614599272659405 2060675 0.08 260 0.08 260
96 0.11580790262912323 2081259 0.08 260 0.08 260
97 0.11547740748149138 2101834 0.08 260 0.08 260
98 0.11515429028410971 2122428 0.08 260 0.08 260
99 0.11483833186294318 2142979 0.08 260 0.08 260
