0 0.967125479940642 26722 0.05 300 0.05 300
1 0.6876538034120434 53412 0.05 300 0.05 300
2 0.4880494323826575 80062 0.05 300 0.05 300
3 0.37732201698055406 106656 0.05 300 0.05 300
4 0.3203208765101376 133211 0.05 300 0.05 300
5 0.285082655597728 159734 0.05 300 0.05 300
6 0.2617978435833989 186229 0.05 300 0.05 300
7 0.24543261522954374 212700 0.05 300 0.05 300
8 0.23336174196938736 239150 0.05 300 0.05 300
9 0.22410284191294508 265574 0.05 300 0.05 300
10 0.2167429917136932 291979 0.05 300 0.05 300
11 0.21065906341631227 318361 0.05 300 0.05 300
12 0.20543827092110703 344721 0.05 300 0.05 300
13 0.2008199994180788 371065 0.05 300 0.05 300
14 0.1966389171454294 397388 0.05 300 0.05 300
15 0.19278447358875944 423687 0.05 300 0.05 300
16 0.189178631843258 449963 0.05 300 0.05 300
17 0.1857659331909458 476222 0.05 300 0.05 300
18 0.1825091039389266 502459 0.05 300 0.05 300
19 0.17938614005285977 528679 0.05 300 0.05 300
20 0.17638740071819412 554881 0.05 300 0.05 300
21 0.17351232254838067 581059 0.05 300 0.05 300
22 0.17076599437786377 607248 0.05 300 0.05 300
23 0.16815613595516402 633392 0.05 300 0.05 300
24 0.16569086841988806 659520 0.05 300 0.05 300
25 0.1633773009326597 685628 0.05 300 0.05 300
26 0.16122069815461207 711720 0.05 300 0.05 300
27 0.15922399742823032 737797 0.05 300 0.05 300
28 0.15738755704143712 763858 0.05 300 0.05 300
29 0.1557090935477779 789904 0.05 300 0.05 300
30 0.1541838045719945 815933 0.05 300 0.05 300
31 0.1528046766587814 841950 0.05 300 0.05 300
32 0.15156294895488095 867953 0.05 300 0.05 300
33 0.15044866916974167 893936 0.05 300 0.05 300
34 0.14945126263655348 919920 0.05 300 0.05 300
35 0.1485600400191658 945873 0.05 300 0.05 300
36 0.1477645854447571 971815 0.05 300 0.05 300
37 0.14705499396499205 997743 0.05 300 0.05 300
38 0.1464219645037291 1023659 0.05 300 0.05 300
39 0.14585678758347695 1049563 0.05 300 0.05 300
40 0.14535128049037788 1075451 0.05 300 0.05 300
41 0.1448977150002264 1101329 0.05 300 0.05 300
42 0.14448876455099072 1127193 0.05 300 0.05 300
43 0.14411747919454482 1153047 0.05 300 0.05 300
44 0.1437772832759963 1178890 0.05 300 0.05 300
45 0.14346198419319298 1204719 0.05 300 0.05 300
46 0.14316578030442242 1230541 0.05 300 0.05 300
47 0.14288325999267865 1256343 0.05 300 0.05 300
48 0.14260938913668295 1282135 0.05 300 0.05 300
49 0.14233948859765744 1307910 0.05 300 0.05 300
50 0.14206920627472674 1333679 0.05 300 0.05 300
51 0.14179449044669612 1359435 0.05 300 0.05 300
52 0.1415115731362312 1385176 0.05 300 0.05 300
53 0.14121697380358614 1410913 0.05 300 0.05 300
54 0.14090753342094187 1436632 0.05 300 0.05 300
55 0.14058048523792835 1462343 0.05 300 0.05 300
56 0.14023356077966911 1488040 0.05 300 0.05 300
57 0.1398651193973439 1513732 0.05 300 0.05 300
58 0.1394742803724433 1539410 0.05 300 0.05 300
59 0.13906103163190633 1565078 0.05 300 0.05 300
60 0.13862629037793522 1590737 0.05 300 0.05 300
61 0.13817189789681106 1616381 0.05 300 0.05 300
62 0.1377005413717535 1642017 0.05 300 0.05 300
63 0.13721560707037575 1667644 0.05 300 0.05 300
64 0.1367209795112554 1693257 0.05 300 0.05 300
65 0.13622080847335527 1718864 0.05 300 0.05 300
66 0.13571926901800951 1744459 0.05 300 0.05 300
67 0.13522033879000073 1770048 0.05 300 0.05 300
68 0.13472761227203076 1795625 0.05 300 0.05 300
69 0.13424416461295083 1821195 0.05 300 0.05 300
70 0.13377246977135562 1846755 0.05 300 0.05 300
71 0.13331437060153364 1872320 0.05 300 0.05 300
72 0.1328710932792793 1897863 0.05 300 0.05 300
73 0.13244329556597464 1923396 0.05 300 0.05 300
74 0.13203113766068028 1949019 0.05 300 0.05 300
75 0.1316343652219383 1974538 0.05 300 0.05 300
76 0.13125239588144938 2000045 0.05 300 0.05 300
77 0.13088440266288692 2025546 0.05 300 0.05 300
78 0.13052938979665504 2051038 0.05 300 0.05 300
79 0.13018625827813773 2076524 0.05 300 0.05 300
80 0.12985386003509353 2102000 0.05 300 0.05 300
81 0.12953104069038807 2127471 0.05 300 0.05 300
82 0.12921667163592535 2152935 0.05 300 0.05 300
83 0.1289096725453303 2178388 0.05 300 0.05 300
84 0.12860902565767474 2203837 0.05 300 0.05 300
85 0.12831378326993056 2229276 0.05 300 0.05 300
86 0.1280230699546639 2254709 0.05 300 0.05 300
87 0.12773608109587067 2280137 0.05 300 0.05 300
88 0.12745207938797737 2305554 0.05 300 0.05 300
89 0.12717039091865995 2330986 0.05 300 0.05 300
90 0.12689040229756385 2356389 0.05 300 0.05 300
91 0.12661155996365897 2381787 0.05 300 0.05 300
92 0.12633337230862146 2406982 0.05 300 0.05 300
93 0.12605541464661013 2432170 0.05 300 0.05 300
94 0.1257773364381414 2457343 0.05 300 0.05 300
95 0.12549886965222157 2482505 0.05 300 0.05 300
96 0.12521983682803292 2507675 0.05 300 0.05 300
97 0.12494015733334046 2532823 0.05 300 0.05 300
98 0.12465985051102736 2557968 0.05 300 0.05 300
99 0.12437903480278033 2583104 0.05 300 0.05 300
