0 0.9554935596265739 8916 0.02 100
1 0.9516804482452126 17820 0.02 100
2 0.9399727150269046 26725 0.02 100
3 0.8871151289111355 35632 0.02 100
4 0.7796840262516164 44590 0.02 100
5 0.6891868203214886 53537 0.02 100
6 0.6244697304981311 62479 0.02 100
7 0.5728872470830955 71409 0.02 100
8 0.5279184949706034 80330 0.02 100
9 0.4866193982531738 89246 0.02 100
10 0.4482614887506447 98160 0.02 100
11 0.4145008182948735 107052 0.02 100
12 0.3863493773032604 115935 0.02 100
13 0.3630787575136768 124808 0.02 100
14 0.3435528516218781 133673 0.02 100
15 0.3269361755874527 142533 0.02 100
16 0.3126930239063836 151382 0.02 100
17 0.3004483326290708 160285 0.02 100
18 0.2898929371845707 169121 0.02 100
19 0.28075024397291 177951 0.02 100
20 0.2727726370490059 186782 0.02 100
21 0.26574591218952087 195603 0.02 100
22 0.25949289311555884 204416 0.02 100
23 0.2538730349942057 213225 0.02 100
24 0.24877816234569422 222027 0.02 100
25 0.2441260889845481 230825 0.02 100
26 0.23985397500641953 239623 0.02 100
27 0.2359126754767763 248412 0.02 100
28 0.23226259712886935 257197 0.02 100
29 0.22887100291294632 265976 0.02 100
30 0.2257103980475409 274751 0.02 100
31 0.22275757469441332 283527 0.02 100
32 0.21999298515218899 292298 0.02 100
33 0.21740024673149047 301061 0.02 100
34 0.21496569260022327 309820 0.02 100
35 0.2126779472648159 318576 0.02 100
36 0.21052752692952145 327327 0.02 100
37 0.20850646608967316 336078 0.02 100
38 0.20660797062281253 344822 0.02 100
39 0.2048260995772728 353563 0.02 100
40 0.2031554810090927 362300 0.02 100
41 0.20159106905238325 371033 0.02 100
42 0.20012794883465754 379767 0.02 100
43 0.19876119314353133 388497 0.02 100
44 0.19748577090083697 397220 0.02 100
45 0.19629650359124096 405940 0.02 100
46 0.195188062641547 414657 0.02 100
47 0.19415499877674378 423374 0.02 100
48 0.19319179365977332 432090 0.02 100
49 0.19229292448536398 440798 0.02 100
50 0.1914529333521259 449504 0.02 100
51 0.19066649485454354 458207 0.02 100
52 0.18992847711696795 466907 0.02 100
53 0.18923399319879944 475606 0.02 100
54 0.1885784412782166 484306 0.02 100
55 0.18795753319561073 492999 0.02 100
56 0.1873673117979203 501688 0.02 100
57 0.18680415810255693 510375 0.02 100
58 0.1862647896406769 519058 0.02 100
59 0.18574625148938245 527742 0.02 100
60 0.18524590150486683 536422 0.02 100
61 0.18476139117063128 545103 0.02 100
62 0.18429064332806183 553778 0.02 100
63 0.18383182790826383 562450 0.02 100
64 0.18338333666749385 571122 0.02 100
65 0.18294375785587919 579792 0.02 100
66 0.18251185171147022 588457 0.02 100
67 0.18208652764396738 597119 0.02 100
68 0.18166682392247935 605778 0.02 100
69 0.18125189057859392 614434 0.02 100
70 0.18084097605950464 623093 0.02 100
71 0.18043341791240625 631746 0.02 100
72 0.18002863746697925 640395 0.02 100
73 0.17962613814153847 649042 0.02 100
74 0.1792255066757566 657687 0.02 100
75 0.1788264163359286 666331 0.02 100
76 0.17842863098637465 674976 0.02 100
77 0.17803200889413548 683613 0.02 100
78 0.1776365052327913 692249 0.02 100
79 0.17724217245231608 700882 0.02 100
80 0.17684915794752445 709513 0.02 100
81 0.17645769874470166 718144 0.02 100
82 0.17606811319705898 726770 0.02 100
83 0.1756807899098859 735394 0.02 100
84 0.17529617429576674 744015 0.02 100
85 0.17491475329060308 752634 0.02 100
86 0.17453703884976046 761252 0.02 100
87 0.17416355089743085 769870 0.02 100
88 0.17379480042410203 778482 0.02 100
89 0.1734312734152058 787093 0.02 100
90 0.17307341624460376 795701 0.02 100
91 0.17272162307678326 804307 0.02 100
92 0.1723762256932718 812916 0.02 100
93 0.1720374859991358 821518 0.02 100
94 0.1717055912866649 830122 0.02 100
95 0.17138065215030554 838720 0.02 100
96 0.1710627027749235 847317 0.02 100
97 0.17075170317376714 855911 0.02 100
98 0.17044754284821595 864507 0.02 100
99 0.1701500452936372 873097 0.02 100
