0 0.9417129181909837 3614 0.07 40
1 0.6613740229236714 7210 0.07 40
2 0.502571902474753 10755 0.07 40
3 0.4368998888552484 14262 0.07 40
4 0.3934749593297814 17744 0.07 40
5 0.35956824154873673 21199 0.07 40
6 0.32860832229466375 24626 0.07 40
7 0.3079969223587382 28028 0.07 40
8 0.2946519356617 31407 0.07 40
9 0.2845128719577448 34769 0.07 40
10 0.27560303708290707 38114 0.07 40
11 0.26720182252148617 41451 0.07 40
12 0.2589330677868437 44768 0.07 40
13 0.2506503875680245 48073 0.07 40
14 0.24242424219523162 51367 0.07 40
15 0.23444247355214337 54651 0.07 40
16 0.2269068497375734 57926 0.07 40
17 0.21994507711514172 61194 0.07 40
18 0.21359386704752886 64456 0.07 40
19 0.20782676763816027 67716 0.07 40
20 0.20259021821499618 70969 0.07 40
21 0.19782673435318143 74214 0.07 40
22 0.19348356199570219 77455 0.07 40
23 0.18951433075576815 80692 0.07 40
24 0.1858781450495796 83925 0.07 40
25 0.18253819661843412 87158 0.07 40
26 0.17946099411510089 90386 0.07 40
27 0.1766162450658989 93612 0.07 40
28 0.17397691742107382 96835 0.07 40
29 0.1715190114442075 100056 0.07 40
30 0.1692209625242962 103276 0.07 40
31 0.16706300314001324 106497 0.07 40
32 0.1650268893139387 109713 0.07 40
33 0.16309612928782818 112929 0.07 40
34 0.16125652694771583 116144 0.07 40
35 0.15949674983021206 119361 0.07 40
36 0.15780864280974413 122581 0.07 40
37 0.1561870009273183 125797 0.07 40
38 0.1546286684631707 129010 0.07 40
39 0.15313115477071335 132222 0.07 40
40 0.1516912211647002 135434 0.07 40
41 0.1503039470471725 138647 0.07 40
42 0.14896260223618218 141859 0.07 40
43 0.1476593037846255 145073 0.07 40
44 0.1463860348086947 148285 0.07 40
45 0.14513532254192643 151496 0.07 40
46 0.14390011482060774 154708 0.07 40
47 0.14267346364969682 157920 0.07 40
48 0.14144927400561755 161132 0.07 40
49 0.1402239699625697 164344 0.07 40
50 0.13899750356748633 167557 0.07 40
51 0.13777296107121284 170769 0.07 40
52 0.13655532736021514 173983 0.07 40
53 0.13535021388552462 177195 0.07 40
54 0.13416299759386086 180408 0.07 40
55 0.13299844263214716 183621 0.07 40
56 0.1318606797285478 186834 0.07 40
57 0.13075336876278215 190047 0.07 40
58 0.12967987672175654 193261 0.07 40
59 0.12864334922818516 196474 0.07 40
60 0.1276466412027434 199688 0.07 40
61 0.12669215239600917 202902 0.07 40
62 0.1257816477388088 206116 0.07 40
63 0.12491613407433766 209330 0.07 40
64 0.1240958301958194 212544 0.07 40
65 0.12332022703821194 215758 0.07 40
66 0.12258820966557132 218976 0.07 40
67 0.12189820963397602 222191 0.07 40
68 0.12124836901254339 225405 0.07 40
69 0.12063671394866185 228620 0.07 40
70 0.12006134397773109 231834 0.07 40
71 0.11952063320638846 235048 0.07 40
72 0.11901340694204976 238267 0.07 40
73 0.11853901377773365 241484 0.07 40
74 0.11809719908842886 244699 0.07 40
75 0.11768775346749187 247914 0.07 40
76 0.11731005031112078 251128 0.07 40
77 0.1169626902012471 254342 0.07 40
78 0.11664343123606968 257561 0.07 40
79 0.11634944471791461 260777 0.07 40
80 0.11607780675892386 263990 0.07 40
81 0.11582604863247795 267204 0.07 40
82 0.11559255662921397 270418 0.07 40
83 0.11537667922373973 273633 0.07 40
84 0.11517852885547329 276852 0.07 40
85 0.11499861911651517 280068 0.07 40
86 0.11483765370048689 283282 0.07 40
87 0.11469683514832148 286497 0.07 40
88 0.11457875731422695 289714 0.07 40
89 0.11448826955836952 292928 0.07 40
90 0.1144319653922487 296147 0.07 40
91 0.11441496809542548 299362 0.07 40
92 0.1144357387447735 302576 0.07 40
93 0.11448439866919362 305790 0.07 40
94 0.11455084399207786 309007 0.07 40
95 0.11463560832928377 312223 0.07 40
96 0.11474831540491133 315438 0.07 40
97 0.11489624357289802 318653 0.07 40
98 0.11508165649601759 321869 0.07 40
99 0.11530717459969568 325085 0.07 40
