0 0.7198449561351346 21382 0.08 240 0.08 240
1 0.377347167076374 42664 0.08 240 0.08 240
2 0.2849354896715179 63863 0.08 240 0.08 240
3 0.2501881504902895 85004 0.08 240 0.08 240
4 0.23103864226395826 106093 0.08 240 0.08 240
5 0.21725923944373962 127130 0.08 240 0.08 240
6 0.20658204839939248 148145 0.08 240 0.08 240
7 0.19825796419472405 169092 0.08 240 0.08 240
8 0.19158565294858548 189993 0.08 240 0.08 240
9 0.18601732889659053 210881 0.08 240 0.08 240
10 0.18122318765650963 231715 0.08 240 0.08 240
11 0.1770373928714992 252505 0.08 240 0.08 240
12 0.1733775920129611 273271 0.08 240 0.08 240
13 0.17018506466017547 293991 0.08 240 0.08 240
14 0.1673974939990807 314679 0.08 240 0.08 240
15 0.16494482190102622 335313 0.08 240 0.08 240
16 0.1627555441644699 355912 0.08 240 0.08 240
17 0.1607649418485447 376479 0.08 240 0.08 240
18 0.15892133875423875 397013 0.08 240 0.08 240
19 0.1571892960417052 417516 0.08 240 0.08 240
20 0.15554972339281248 437988 0.08 240 0.08 240
21 0.1539971250481786 458430 0.08 240 0.08 240
22 0.1525347358365052 478843 0.08 240 0.08 240
23 0.15116915865929098 499226 0.08 240 0.08 240
24 0.14990620303357913 519581 0.08 240 0.08 240
25 0.14874869486603332 539908 0.08 240 0.08 240
26 0.14769587561728206 560210 0.08 240 0.08 240
27 0.14674343111673285 580485 0.08 240 0.08 240
28 0.1458834862294862 600734 0.08 240 0.08 240
29 0.14510468485357214 620955 0.08 240 0.08 240
30 0.14439293074760018 641149 0.08 240 0.08 240
31 0.14373306547882023 661317 0.08 240 0.08 240
32 0.1431110693055887 681459 0.08 240 0.08 240
33 0.1425159429639407 701594 0.08 240 0.08 240
34 0.14194056883713363 721684 0.08 240 0.08 240
35 0.14138139905164468 741749 0.08 240 0.08 240
36 0.14083737751233855 761793 0.08 240 0.08 240
37 0.14030872849791193 781811 0.08 240 0.08 240
38 0.13979607803029725 801806 0.08 240 0.08 240
39 0.1393000340262855 821777 0.08 240 0.08 240
40 0.13882109265951814 841725 0.08 240 0.08 240
41 0.13835966276965508 861656 0.08 240 0.08 240
42 0.1379160600609593 881564 0.08 240 0.08 240
43 0.13749042381769955 901448 0.08 240 0.08 240
44 0.1370825838408666 921309 0.08 240 0.08 240
45 0.13669193271490931 941152 0.08 240 0.08 240
46 0.1363173487907297 960973 0.08 240 0.08 240
47 0.13595719022643937 980771 0.08 240 0.08 240
48 0.1356093574408243 1000548 0.08 240 0.08 240
49 0.13527140697555187 1020305 0.08 240 0.08 240
50 0.13494069307173004 1040041 0.08 240 0.08 240
51 0.13461451250097256 1059758 0.08 240 0.08 240
52 0.13429023280491428 1079459 0.08 240 0.08 240
53 0.133965392429403 1099140 0.08 240 0.08 240
54 0.13363777007809058 1118805 0.08 240 0.08 240
55 0.13330542725854502 1138452 0.08 240 0.08 240
56 0.13296673142163776 1158085 0.08 240 0.08 240
57 0.13262036750169579 1177701 0.08 240 0.08 240
58 0.13226534383655655 1197302 0.08 240 0.08 240
59 0.13190099545092232 1216885 0.08 240 0.08 240
60 0.13152698466546245 1236453 0.08 240 0.08 240
61 0.1311432969019467 1256006 0.08 240 0.08 240
62 0.13075022891469532 1275548 0.08 240 0.08 240
63 0.13034836746816716 1295074 0.08 240 0.08 240
64 0.12993855819011307 1314579 0.08 240 0.08 240
65 0.12952186617690428 1334070 0.08 240 0.08 240
66 0.12909953115927597 1353547 0.08 240 0.08 240
67 0.12867292021660412 1373250 0.08 240 0.08 240
68 0.1282434801983746 1392701 0.08 240 0.08 240
69 0.12781269065548495 1412141 0.08 240 0.08 240
70 0.12738201690014817 1431567 0.08 240 0.08 240
71 0.12695286240912876 1450985 0.08 240 0.08 240
72 0.12652652042123247 1470392 0.08 240 0.08 240
73 0.1261041260662737 1489786 0.08 240 0.08 240
74 0.125686612145541 1509169 0.08 240 0.08 240
75 0.1252746730897715 1528539 0.08 240 0.08 240
76 0.12486874213684392 1547898 0.08 240 0.08 240
77 0.12446898620643236 1567245 0.08 240 0.08 240
78 0.1240753214005872 1586592 0.08 240 0.08 240
79 0.12368744977333321 1605918 0.08 240 0.08 240
80 0.12330491528636398 1625233 0.08 240 0.08 240
81 0.12292717405865311 1644539 0.08 240 0.08 240
82 0.1225536715821642 1663840 0.08 240 0.08 240
83 0.12218391804701535 1683125 0.08 240 0.08 240
84 0.12181755277960538 1702400 0.08 240 0.08 240
85 0.12145439027442351 1721667 0.08 240 0.08 240
86 0.12109444319190912 1740925 0.08 240 0.08 240
87 0.12073792136172845 1760174 0.08 240 0.08 240
88 0.12038520942048754 1779414 0.08 240 0.08 240
89 0.12003682848436581 1798647 0.08 240 0.08 240
90 0.11969338878004099 1817870 0.08 240 0.08 240
91 0.1193555402856435 1837086 0.08 240 0.08 240
92 0.11902392721996277 1856293 0.08 240 0.08 240
93 0.11869914999268337 1875489 0.08 240 0.08 240
94 0.11838173572476762 1894677 0.08 240 0.08 240
95 0.11807211656543525 1913858 0.08 240 0.08 240
96 0.11777061424463368 1933031 0.08 240 0.08 240
97 0.11747742937152494 1952198 0.08 240 0.08 240
98 0.11719263436186034 1971356 0.08 240 0.08 240
99 0.11691616922196127 1990507 0.08 240 0.08 240
