0 0.9536818994181377 1858 0.05 20
1 0.9413822255711143 3715 0.05 20
2 0.8021322096306622 5564 0.05 20
3 0.6421380568060296 7391 0.05 20
4 0.535191259940011 9198 0.05 20
5 0.4928568988356065 10978 0.05 20
6 0.4729314655091662 12742 0.05 20
7 0.45367251278110104 14493 0.05 20
8 0.431112287450171 16231 0.05 20
9 0.4078775942682939 17956 0.05 20
10 0.38592227052246847 19671 0.05 20
11 0.3656076838853022 21373 0.05 20
12 0.346824849321376 23068 0.05 20
13 0.32950218924416436 24756 0.05 20
14 0.31383150556925915 26438 0.05 20
15 0.3002104152993362 28116 0.05 20
16 0.2891814326202321 29790 0.05 20
17 0.2807294423028235 31466 0.05 20
18 0.27405983380982274 33133 0.05 20
19 0.2685624156444136 34798 0.05 20
20 0.2639540832582598 36462 0.05 20
21 0.26008325983821795 38122 0.05 20
22 0.2568235758872177 39780 0.05 20
23 0.2540635364929566 41438 0.05 20
24 0.25169755778661673 43097 0.05 20
25 0.2496267747334543 44749 0.05 20
26 0.24776599664985763 46398 0.05 20
27 0.24604833169088233 48046 0.05 20
28 0.2444266942400516 49692 0.05 20
29 0.24287138538880057 51337 0.05 20
30 0.24136949089876733 52981 0.05 20
31 0.23992621973197853 54625 0.05 20
32 0.23855434114148033 56265 0.05 20
33 0.23725303483083574 57903 0.05 20
34 0.2360042153212265 59540 0.05 20
35 0.2347841335233328 61176 0.05 20
36 0.23357235402346865 62811 0.05 20
37 0.23236465169832124 64444 0.05 20
38 0.23116948819605043 66083 0.05 20
39 0.2299879821164882 67713 0.05 20
40 0.228819290487782 69341 0.05 20
41 0.22767490167105212 70968 0.05 20
42 0.22657416151860868 72594 0.05 20
43 0.22553758222670733 74218 0.05 20
44 0.22459336391049817 75840 0.05 20
45 0.22377254006288128 77462 0.05 20
46 0.22309027144670057 79081 0.05 20
47 0.22254895576004344 80699 0.05 20
48 0.22215160646536442 82315 0.05 20
49 0.22190576099461745 83930 0.05 20
50 0.22181828367402728 85543 0.05 20
51 0.22188608982132166 87155 0.05 20
52 0.22209520514195838 88765 0.05 20
53 0.22243658339711833 90374 0.05 20
54 0.22291123525937426 91981 0.05 20
55 0.2235087006994101 93588 0.05 20
56 0.22418804485759533 95192 0.05 20
57 0.22489064212585747 96794 0.05 20
58 0.22557408529528272 98394 0.05 20
59 0.22623019189195157 99993 0.05 20
60 0.22687750487277697 101590 0.05 20
61 0.22754228526390277 103185 0.05 20
62 0.22824415280399016 104777 0.05 20
63 0.2289997395408853 106367 0.05 20
64 0.2298343357998166 107958 0.05 20
65 0.23077674364337317 109544 0.05 20
66 0.2318507304289509 111127 0.05 20
67 0.23308857158536261 112709 0.05 20
68 0.23451696132893501 114288 0.05 20
69 0.23603725856054378 115864 0.05 20
70 0.2374887016658629 117439 0.05 20
71 0.23888894502469965 119010 0.05 20
72 0.2404618539603257 120579 0.05 20
73 0.24237793921874262 122147 0.05 20
74 0.2448030657341878 123710 0.05 20
75 0.24768609784448453 125272 0.05 20
76 0.2506929863529862 126832 0.05 20
77 0.2534700723675249 128389 0.05 20
78 0.2561471814952577 129942 0.05 20
79 0.2583233963789166 131492 0.05 20
80 0.25961993247951276 133040 0.05 20
81 0.26006675171123694 134586 0.05 20
82 0.2601096337761494 136128 0.05 20
83 0.25975708283322174 137668 0.05 20
84 0.2589796666925453 139206 0.05 20
85 0.2578873900800497 140741 0.05 20
86 0.25668005878357203 142275 0.05 20
87 0.2553312323759409 143807 0.05 20
88 0.25383977785604284 145336 0.05 20
89 0.25231179326160347 146864 0.05 20
90 0.2506545627153902 148390 0.05 20
91 0.24878721434006884 149914 0.05 20
92 0.24697708813245145 151438 0.05 20
93 0.2453888353618873 152962 0.05 20
94 0.2439313299207647 154484 0.05 20
95 0.24257749862421404 156004 0.05 20
96 0.2413892763746517 157523 0.05 20
97 0.24033468606008213 159040 0.05 20
98 0.23933497095149506 160557 0.05 20
99 0.23832201282465343 162073 0.05 20
