0 0.9570473369429788 24896 0.01 280 0.01 280
1 0.9548465186231805 49727 0.01 280 0.01 280
2 0.9519391956565854 74564 0.01 280 0.01 280
3 0.9477192709593556 99391 0.01 280 0.01 280
4 0.9410314656283393 124235 0.01 280 0.01 280
5 0.9294707659995309 149066 0.01 280 0.01 280
6 0.9081656376476734 173899 0.01 280 0.01 280
7 0.8707564414725922 198731 0.01 280 0.01 280
8 0.8174398586214692 223570 0.01 280 0.01 280
9 0.7586315102140097 248418 0.01 280 0.01 280
10 0.7019414949046039 273277 0.01 280 0.01 280
11 0.6492744147384621 298140 0.01 280 0.01 280
12 0.6018806267648975 323002 0.01 280 0.01 280
13 0.5604550088464972 347864 0.01 280 0.01 280
14 0.5244889949803648 372729 0.01 280 0.01 280
15 0.4930084977380893 397583 0.01 280 0.01 280
16 0.46535435235299505 422436 0.01 280 0.01 280
17 0.4412433179507876 447283 0.01 280 0.01 280
18 0.4203606798371409 472123 0.01 280 0.01 280
19 0.40215919209505757 496958 0.01 280 0.01 280
20 0.38601287436483617 521793 0.01 280 0.01 280
21 0.3714201794045841 546623 0.01 280 0.01 280
22 0.35807932112356633 571444 0.01 280 0.01 280
23 0.34585478378125767 596262 0.01 280 0.01 280
24 0.3347020650798624 621075 0.01 280 0.01 280
25 0.3245978849518857 645885 0.01 280 0.01 280
26 0.31549881617221737 670691 0.01 280 0.01 280
27 0.30733144409077895 695491 0.01 280 0.01 280
28 0.3000023998865519 720288 0.01 280 0.01 280
29 0.2934131070746834 745087 0.01 280 0.01 280
30 0.28747038223682747 769875 0.01 280 0.01 280
31 0.28209127978614446 794660 0.01 280 0.01 280
32 0.27720395482272986 819438 0.01 280 0.01 280
33 0.2727466535121533 844214 0.01 280 0.01 280
34 0.2686661992146526 868988 0.01 280 0.01 280
35 0.2649165962520901 893772 0.01 280 0.01 280
36 0.2614579175649864 918538 0.01 280 0.01 280
37 0.2582554452050008 943303 0.01 280 0.01 280
38 0.2552789858286705 968061 0.01 280 0.01 280
39 0.2525022988693858 992815 0.01 280 0.01 280
40 0.2499026023405255 1017565 0.01 280 0.01 280
41 0.24746014005621578 1042313 0.01 280 0.01 280
42 0.24515780231630904 1067057 0.01 280 0.01 280
43 0.24298079434632094 1091810 0.01 280 0.01 280
44 0.24091634724640273 1116550 0.01 280 0.01 280
45 0.23895346672509005 1141297 0.01 280 0.01 280
46 0.23708271556145366 1166030 0.01 280 0.01 280
47 0.23529602609247663 1190761 0.01 280 0.01 280
48 0.23358653881788125 1215487 0.01 280 0.01 280
49 0.23194846260975216 1240209 0.01 280 0.01 280
50 0.23037695140228462 1264930 0.01 280 0.01 280
51 0.2288679920114787 1289732 0.01 280 0.01 280
52 0.22741829813924536 1314481 0.01 280 0.01 280
53 0.22602520669457257 1339241 0.01 280 0.01 280
54 0.22468657416844368 1363977 0.01 280 0.01 280
55 0.2234006726374984 1388720 0.01 280 0.01 280
56 0.22216608669115032 1413446 0.01 280 0.01 280
57 0.22098161386676307 1438173 0.01 280 0.01 280
58 0.21984617184945027 1463007 0.01 280 0.01 280
59 0.21875871571177247 1487725 0.01 280 0.01 280
60 0.21771816793057727 1512443 0.01 280 0.01 280
61 0.2167233630019468 1537169 0.01 280 0.01 280
62 0.21577300738701294 1561868 0.01 280 0.01 280
63 0.21486565445114164 1586558 0.01 280 0.01 280
64 0.2139996931513534 1611247 0.01 280 0.01 280
65 0.21317334856996734 1636027 0.01 280 0.01 280
66 0.21238469201855548 1660708 0.01 280 0.01 280
67 0.2116316583315935 1685389 0.01 280 0.01 280
68 0.2109120680872485 1710067 0.01 280 0.01 280
69 0.2102236527682561 1734746 0.01 280 0.01 280
70 0.20956408123812678 1759417 0.01 280 0.01 280
71 0.2089309862917641 1784087 0.01 280 0.01 280
72 0.20832199039347285 1808757 0.01 280 0.01 280
73 0.20773473000623122 1833420 0.01 280 0.01 280
74 0.20716687812996243 1858083 0.01 280 0.01 280
75 0.20661616480596667 1882744 0.01 280 0.01 280
76 0.20608039542412737 1907401 0.01 280 0.01 280
77 0.20555746670954986 1932058 0.01 280 0.01 280
78 0.20504538028712035 1956711 0.01 280 0.01 280
79 0.20454225374375581 1981361 0.01 280 0.01 280
80 0.20404632914018395 2006010 0.01 280 0.01 280
81 0.2035559789712442 2030655 0.01 280 0.01 280
82 0.2030697096340118 2055297 0.01 280 0.01 280
83 0.20258616252992828 2079937 0.01 280 0.01 280
84 0.20210411299238887 2104577 0.01 280 0.01 280
85 0.20162246728655758 2129226 0.01 280 0.01 280
86 0.20114025796796645 2153859 0.01 280 0.01 280
87 0.20065663790794505 2178492 0.01 280 0.01 280
88 0.20017087329766015 2203122 0.01 280 0.01 280
89 0.19968233593157494 2227747 0.01 280 0.01 280
90 0.19919049504955028 2252374 0.01 280 0.01 280
91 0.19869490898884842 2276998 0.01 280 0.01 280
92 0.19819521686627378 2301619 0.01 280 0.01 280
93 0.19769113047863995 2326237 0.01 280 0.01 280
94 0.19718242657770693 2350853 0.01 280 0.01 280
95 0.19666893964392995 2375466 0.01 280 0.01 280
96 0.19615055525204939 2400021 0.01 280 0.01 280
97 0.19562720409098677 2424462 0.01 280 0.01 280
98 0.19509885667153604 2448912 0.01 280 0.01 280
99 0.19456551872872765 2473348 0.01 280 0.01 280
