0 0.9541464423938811 10673 0.01 120
1 0.9531474731313544 21321 0.01 120
2 0.9518301467053971 31962 0.01 120
3 0.9499424169673496 42605 0.01 120
4 0.9470173199447552 53246 0.01 120
5 0.9420867863679778 63886 0.01 120
6 0.9329286661694258 74530 0.01 120
7 0.9144695243848905 85171 0.01 120
8 0.8790399724404654 95810 0.01 120
9 0.8262832162324208 106447 0.01 120
10 0.7706512457197128 117087 0.01 120
11 0.7218122079091597 127728 0.01 120
12 0.6796439150812745 138362 0.01 120
13 0.6425241266642752 148995 0.01 120
14 0.6095549606286033 159622 0.01 120
15 0.5803020353346737 170245 0.01 120
16 0.5542419352674648 180864 0.01 120
17 0.5305761182874285 191479 0.01 120
18 0.5085625367785521 202090 0.01 120
19 0.4878182682988931 212697 0.01 120
20 0.4682880954343607 223305 0.01 120
21 0.4500528233504449 233905 0.01 120
22 0.43318374831437045 244501 0.01 120
23 0.4176838618027625 255097 0.01 120
24 0.4034892303422401 265686 0.01 120
25 0.39048848478040415 276271 0.01 120
26 0.3785411834407266 286852 0.01 120
27 0.3675039270175209 297428 0.01 120
28 0.3572626571012397 308000 0.01 120
29 0.3477526893659855 318567 0.01 120
30 0.338954376816551 329133 0.01 120
31 0.3308703626503842 339690 0.01 120
32 0.32350028511538326 350245 0.01 120
33 0.3168248453310827 360797 0.01 120
34 0.3108015727455208 371340 0.01 120
35 0.3053688481343551 381880 0.01 120
36 0.3004536223423008 392417 0.01 120
37 0.2959792891917678 402948 0.01 120
38 0.2918719056595326 413483 0.01 120
39 0.2880642728578616 424011 0.01 120
40 0.2844980048333725 434535 0.01 120
41 0.28112403268544095 445055 0.01 120
42 0.2779021879203209 455570 0.01 120
43 0.27480047425299425 466085 0.01 120
44 0.27179439561417246 476592 0.01 120
45 0.2688664360708882 487098 0.01 120
46 0.2660056133225849 497597 0.01 120
47 0.2632069628759387 508097 0.01 120
48 0.2604708224230927 518589 0.01 120
49 0.2578018519253705 529081 0.01 120
50 0.2552078161960019 539570 0.01 120
51 0.25269823328527424 550051 0.01 120
52 0.250283027142014 560540 0.01 120
53 0.24797131867904393 571018 0.01 120
54 0.2457704610250909 581489 0.01 120
55 0.24368538302724116 591957 0.01 120
56 0.24171825542325848 602421 0.01 120
57 0.2398684461523125 612883 0.01 120
58 0.23813269866346773 623341 0.01 120
59 0.2365054576814371 633795 0.01 120
60 0.23497927698681742 644251 0.01 120
61 0.23354526184029176 654699 0.01 120
62 0.23219351407457703 665152 0.01 120
63 0.23091355738571492 675597 0.01 120
64 0.2296947272963375 686036 0.01 120
65 0.22852651793636122 696472 0.01 120
66 0.22739888523060753 706906 0.01 120
67 0.22630250986770847 717338 0.01 120
68 0.2252290218904897 727765 0.01 120
69 0.22417118390876434 738190 0.01 120
70 0.22312302580538654 748616 0.01 120
71 0.22207992332925264 759034 0.01 120
72 0.22103861629484778 769450 0.01 120
73 0.21999716717294535 779865 0.01 120
74 0.218954865271925 790274 0.01 120
75 0.2179120843682873 800681 0.01 120
76 0.2168701030727869 811085 0.01 120
77 0.21583089867634977 821489 0.01 120
78 0.2147969273867329 831890 0.01 120
79 0.21377090612094926 842287 0.01 120
80 0.2127556118355671 852685 0.01 120
81 0.21175371247486566 863076 0.01 120
82 0.21076763892214756 873464 0.01 120
83 0.20979950108002318 883854 0.01 120
84 0.2088510451819576 894238 0.01 120
85 0.20792364510198189 904618 0.01 120
86 0.2070183183680861 914996 0.01 120
87 0.20613575756347904 925376 0.01 120
88 0.20527636914102812 935751 0.01 120
89 0.20444031364744014 946122 0.01 120
90 0.20362754339465236 956498 0.01 120
91 0.20283783539458267 966864 0.01 120
92 0.20207081874871002 977232 0.01 120
93 0.20132599663985326 987595 0.01 120
94 0.20060276366112464 997962 0.01 120
95 0.1999004195135179 1008319 0.01 120
96 0.19921818018680326 1018982 0.01 120
97 0.19855518767476255 1029339 0.01 120
98 0.1979105191176442 1039695 0.01 120
99 0.19728319605234979 1050043 0.01 120
