0 0.7928161460349205 7189 0.09 80
1 0.4128915561704887 14309 0.09 80
2 0.31494776039543604 21347 0.09 80
3 0.27034023024318893 28328 0.09 80
4 0.24418754633206952 35263 0.09 80
5 0.22550159975826545 42162 0.09 80
6 0.21142744566951502 49035 0.09 80
7 0.20066399657556544 55876 0.09 80
8 0.19232422542537542 62696 0.09 80
9 0.18581575436110995 69499 0.09 80
10 0.18056224741547044 76281 0.09 80
11 0.176129751408312 83047 0.09 80
12 0.17231075138603977 89802 0.09 80
13 0.1690381027446873 96539 0.09 80
14 0.166280634956201 103263 0.09 80
15 0.1639918781131044 109969 0.09 80
16 0.16210220698413774 116665 0.09 80
17 0.16052873916687885 123349 0.09 80
18 0.1591866070720485 130020 0.09 80
19 0.1579969715017492 136679 0.09 80
20 0.15689246314437663 143327 0.09 80
21 0.15582059293917497 149963 0.09 80
22 0.1547448533308956 156588 0.09 80
23 0.15364362162527428 163203 0.09 80
24 0.15250765494257068 169808 0.09 80
25 0.151337033319203 176405 0.09 80
26 0.15013806718166825 182991 0.09 80
27 0.148920477976995 189569 0.09 80
28 0.14769513119117453 196144 0.09 80
29 0.1464724997798104 202708 0.09 80
30 0.14526183278964389 209263 0.09 80
31 0.14407085169629605 215810 0.09 80
32 0.1429057556968787 222351 0.09 80
33 0.14177132500852946 228887 0.09 80
34 0.1406709577377378 235415 0.09 80
35 0.13960659339180526 241939 0.09 80
36 0.13857860376934278 248458 0.09 80
37 0.1375857703907274 254973 0.09 80
38 0.1366254069739788 261482 0.09 80
39 0.13569362042365773 267988 0.09 80
40 0.1347857110511568 274493 0.09 80
41 0.13389675180427213 280993 0.09 80
42 0.13302236655270222 287489 0.09 80
43 0.13215962307617685 293985 0.09 80
44 0.13130781829694083 300482 0.09 80
45 0.13046884164414738 306976 0.09 80
46 0.12964686882696322 313463 0.09 80
47 0.12884745583787555 319948 0.09 80
48 0.12807647185823562 326433 0.09 80
49 0.12733927145359736 332916 0.09 80
50 0.1266401091240881 339397 0.09 80
51 0.12598169936842057 345877 0.09 80
52 0.1253651300630793 352357 0.09 80
53 0.12479027012686926 358835 0.09 80
54 0.12425620070907163 365311 0.09 80
55 0.12376095232328058 371788 0.09 80
56 0.12330053614432661 378265 0.09 80
57 0.12286840753855376 384739 0.09 80
58 0.12245645166720535 391212 0.09 80
59 0.1220570994478677 397688 0.09 80
60 0.12166530808755084 404166 0.09 80
61 0.12127930582142389 410637 0.09 80
62 0.12089981704668326 417107 0.09 80
63 0.12052851916325323 423576 0.09 80
64 0.12016680082600852 430044 0.09 80
65 0.11981531703156151 436513 0.09 80
66 0.11947414062681556 442979 0.09 80
67 0.11914308728236643 449445 0.09 80
68 0.11882195159681513 455910 0.09 80
69 0.1185106016414028 462372 0.09 80
70 0.11820897918279907 468834 0.09 80
71 0.11791706201577182 475300 0.09 80
72 0.11763482280467458 481759 0.09 80
73 0.11736219893714303 488219 0.09 80
74 0.11709907744160764 494681 0.09 80
75 0.11684529498981945 501142 0.09 80
76 0.11660065146437179 507604 0.09 80
77 0.11636493431311205 514060 0.09 80
78 0.11613794925780367 520515 0.09 80
79 0.11591955101468873 526970 0.09 80
80 0.11570966597545049 533427 0.09 80
81 0.11550829779546205 539881 0.09 80
82 0.11531550699799294 546335 0.09 80
83 0.11513135743030704 552788 0.09 80
84 0.1149558260738406 559240 0.09 80
85 0.11478867860045319 565692 0.09 80
86 0.11462932113078309 572145 0.09 80
87 0.11447664815448974 578596 0.09 80
88 0.1143289159575316 585046 0.09 80
89 0.11418367814035454 591496 0.09 80
90 0.11403782290342404 597953 0.09 80
91 0.11388774823151766 604406 0.09 80
92 0.11372969590962907 610857 0.09 80
93 0.11356023102574138 617307 0.09 80
94 0.11337679985156053 623756 0.09 80
95 0.11317824800909763 630206 0.09 80
96 0.1129651711222069 636655 0.09 80
97 0.11274000877587935 643106 0.09 80
98 0.11250683507313744 649555 0.09 80
99 0.11227082616385052 656004 0.09 80
