0 0.8205717872167606 8917 0.08 100
1 0.47695319000420705 17782 0.08 100
2 0.33249527562731673 26583 0.08 100
3 0.2805234812396697 35336 0.08 100
4 0.25321227966588705 44055 0.08 100
5 0.23687405623920307 52750 0.08 100
6 0.22611979089084386 61413 0.08 100
7 0.21793150380568538 70048 0.08 100
8 0.2108950813398025 78659 0.08 100
9 0.20454281111889072 87247 0.08 100
10 0.1987901059409919 95816 0.08 100
11 0.19362896962356257 104364 0.08 100
12 0.18903645973512676 112888 0.08 100
13 0.18496869386155454 121392 0.08 100
14 0.18136907277743922 129879 0.08 100
15 0.17817618587015893 138345 0.08 100
16 0.1753303401761063 146795 0.08 100
17 0.17277745544372267 155224 0.08 100
18 0.17046969486660157 163636 0.08 100
19 0.1683637899795541 172031 0.08 100
20 0.1664191651623657 180411 0.08 100
21 0.16459756674191456 188784 0.08 100
22 0.1628643416363665 197133 0.08 100
23 0.16119032867438382 205469 0.08 100
24 0.15955307151316017 213791 0.08 100
25 0.15793664806333166 222101 0.08 100
26 0.15633049903150634 230399 0.08 100
27 0.15472816198702224 238690 0.08 100
28 0.15312642438637353 246967 0.08 100
29 0.1515247751656041 255237 0.08 100
30 0.1499247993657392 263492 0.08 100
31 0.1483293682754509 271738 0.08 100
32 0.1467417755033603 279984 0.08 100
33 0.1451650833646636 288211 0.08 100
34 0.1436018536286813 296429 0.08 100
35 0.14205426349485398 304641 0.08 100
36 0.14052446825381998 312845 0.08 100
37 0.1390150161603439 321042 0.08 100
38 0.13752914689123774 329235 0.08 100
39 0.13607088495858308 337419 0.08 100
40 0.13464492957889454 345596 0.08 100
41 0.13325640036818823 353767 0.08 100
42 0.13191050818609895 361934 0.08 100
43 0.13061219998185172 370100 0.08 100
44 0.12936580719251653 378257 0.08 100
45 0.12817472720628525 386409 0.08 100
46 0.12704117895455183 394556 0.08 100
47 0.12596607598247664 402701 0.08 100
48 0.12494904215854062 410840 0.08 100
49 0.12398856455603528 418981 0.08 100
50 0.12308225106804155 427115 0.08 100
51 0.12222714564148478 435244 0.08 100
52 0.12142005077258718 443372 0.08 100
53 0.12065781231551528 451496 0.08 100
54 0.11993753532790467 459624 0.08 100
55 0.11925672087651296 467745 0.08 100
56 0.1186133364322432 475861 0.08 100
57 0.11800584563490706 483975 0.08 100
58 0.11743321746200996 492086 0.08 100
59 0.11689491039969885 500196 0.08 100
60 0.11639079869084176 508308 0.08 100
61 0.11592100058976794 516419 0.08 100
62 0.11548559938143209 524523 0.08 100
63 0.11508430097788075 532623 0.08 100
64 0.11471610902486933 540727 0.08 100
65 0.11437910328458939 548826 0.08 100
66 0.11407039757880844 556922 0.08 100
67 0.11378633639511197 565016 0.08 100
68 0.1135229368263518 573108 0.08 100
69 0.11327648439033317 581201 0.08 100
70 0.11304410009969276 589290 0.08 100
71 0.1128240870312728 597377 0.08 100
72 0.11261595434599357 605464 0.08 100
73 0.11242014538099583 613548 0.08 100
74 0.11223758739312822 621632 0.08 100
75 0.11206920186519571 629717 0.08 100
76 0.11191548559707384 637797 0.08 100
77 0.11177622702528062 645876 0.08 100
78 0.11165036714312043 653955 0.08 100
79 0.11153594181794833 662035 0.08 100
80 0.11142998607973784 670116 0.08 100
81 0.11132834421672708 678193 0.08 100
82 0.1112255583819961 686270 0.08 100
83 0.11111520948595449 694349 0.08 100
84 0.11099097782077623 702424 0.08 100
85 0.11084829018261229 710496 0.08 100
86 0.11068604023586069 718575 0.08 100
87 0.11050771343006179 726647 0.08 100
88 0.11032132025226551 734716 0.08 100
89 0.11013794513016122 742787 0.08 100
90 0.10996941765359397 750856 0.08 100
91 0.10982607508903672 758927 0.08 100
92 0.10971535883459252 766994 0.08 100
93 0.10964134484099043 775060 0.08 100
94 0.10960486520808824 783131 0.08 100
95 0.10960387686527824 791204 0.08 100
96 0.10963398194245424 799267 0.08 100
97 0.10968924179952995 807333 0.08 100
98 0.10976356945768109 815452 0.08 100
99 0.10985319437776092 823568 0.08 100
