0 0.9561300778307756 15967 0.03 180
1 0.9203899316097258 31898 0.03 180
2 0.8148712302706272 47822 0.03 180
3 0.6617236379803313 63749 0.03 180
4 0.5210345754891872 79663 0.03 180
5 0.43117326381989635 95550 0.03 180
6 0.3786535401637391 111416 0.03 180
7 0.3461943466816113 127267 0.03 180
8 0.3242138906945296 143095 0.03 180
9 0.30696182076658224 158907 0.03 180
10 0.29229011996635823 174706 0.03 180
11 0.27965347729187395 190487 0.03 180
12 0.26897018566290215 206254 0.03 180
13 0.2601607909680717 222013 0.03 180
14 0.25296478550051116 237762 0.03 180
15 0.24700077561017206 253503 0.03 180
16 0.24190502309323916 269226 0.03 180
17 0.23740362509711094 284941 0.03 180
18 0.23331021565525992 300646 0.03 180
19 0.2294957673378758 316338 0.03 180
20 0.22586653497507492 332023 0.03 180
21 0.22235912391431725 347702 0.03 180
22 0.21894256907403148 363367 0.03 180
23 0.21561440215729893 379023 0.03 180
24 0.21238728314629596 394672 0.03 180
25 0.20927283016732104 410312 0.03 180
26 0.2062715529489414 425941 0.03 180
27 0.20337308139163382 441566 0.03 180
28 0.20056344677358065 457178 0.03 180
29 0.19783221284127603 472782 0.03 180
30 0.19517543512765081 488382 0.03 180
31 0.19259496753289945 503969 0.03 180
32 0.1900961923477872 519550 0.03 180
33 0.18768572666499952 535132 0.03 180
34 0.18536969099076525 550702 0.03 180
35 0.18315256595419802 566258 0.03 180
36 0.18103655546654182 581808 0.03 180
37 0.1790214180073988 597347 0.03 180
38 0.1771047204581143 612882 0.03 180
39 0.1752824021892529 628404 0.03 180
40 0.17354947913175733 643925 0.03 180
41 0.17190071295923648 659434 0.03 180
42 0.1703311185554426 674931 0.03 180
43 0.1688362569440099 690420 0.03 180
44 0.16741232846208254 705903 0.03 180
45 0.166056118089032 721374 0.03 180
46 0.1647648492683504 736840 0.03 180
47 0.16353599321043255 752301 0.03 180
48 0.16236707389574384 767750 0.03 180
49 0.16125550392178223 783193 0.03 180
50 0.16019847638880494 798631 0.03 180
51 0.15919292302588484 814059 0.03 180
52 0.15823553352506609 829487 0.03 180
53 0.15732282010095192 844913 0.03 180
54 0.1564512065930208 860323 0.03 180
55 0.1556171225035044 875728 0.03 180
56 0.15481708724577592 891128 0.03 180
57 0.15404777617674378 906520 0.03 180
58 0.15330606573142885 921908 0.03 180
59 0.15258905905743364 937289 0.03 180
60 0.15189409574840582 952673 0.03 180
61 0.15121875000540339 968048 0.03 180
62 0.15056082140387692 983413 0.03 180
63 0.1499183218504905 998772 0.03 180
64 0.1492894614994805 1014131 0.03 180
65 0.14867263548407475 1029482 0.03 180
66 0.14806641242428512 1044827 0.03 180
67 0.14746952491849824 1060172 0.03 180
68 0.14688086169407563 1075509 0.03 180
69 0.1462994608024515 1090841 0.03 180
70 0.14572450316641458 1106176 0.03 180
71 0.1451553058628132 1121500 0.03 180
72 0.14459131468887917 1136819 0.03 180
73 0.14403209575952178 1152139 0.03 180
74 0.14347732607572863 1167449 0.03 180
75 0.14292678316529703 1182756 0.03 180
76 0.14238033401380953 1198063 0.03 180
77 0.14183792357310418 1213362 0.03 180
78 0.14129956316011577 1228669 0.03 180
79 0.1407653190486099 1243963 0.03 180
80 0.14023530151980104 1259266 0.03 180
81 0.13970965458544105 1274553 0.03 180
82 0.13918854653824575 1289834 0.03 180
83 0.13867216142713723 1305111 0.03 180
84 0.13816069150427787 1320386 0.03 180
85 0.13765433065009894 1335655 0.03 180
86 0.1371532687525243 1350926 0.03 180
87 0.13665768699666353 1366199 0.03 180
88 0.13616775400997547 1381459 0.03 180
89 0.1356836228033389 1396714 0.03 180
90 0.1352054284485603 1411970 0.03 180
91 0.134733286435634 1427219 0.03 180
92 0.1342672916567506 1442471 0.03 180
93 0.13380751796717713 1457723 0.03 180
94 0.13335401827459023 1472964 0.03 180
95 0.13290682510769045 1488201 0.03 180
96 0.1324659516118052 1503439 0.03 180
97 0.13203139291408017 1518670 0.03 180
98 0.1316031277946081 1533900 0.03 180
99 0.13118112059336443 1549133 0.03 180
