0 0.9635095245389954 21203 0.04 240 0.04 240
1 0.7905608293209091 42400 0.04 240 0.04 240
2 0.5651418442320749 63573 0.04 240 0.04 240
3 0.44400318902292096 84711 0.04 240 0.04 240
4 0.36709872799596915 105814 0.04 240 0.04 240
5 0.3212357505140419 126894 0.04 240 0.04 240
6 0.2937381717688027 147954 0.04 240 0.04 240
7 0.2751668232327457 168987 0.04 240 0.04 240
8 0.26159742890802745 190002 0.04 240 0.04 240
9 0.2513362518551767 211009 0.04 240 0.04 240
10 0.24345895817715082 231992 0.04 240 0.04 240
11 0.23733460641022913 252958 0.04 240 0.04 240
12 0.23248273006865736 273917 0.04 240 0.04 240
13 0.2285252673384331 294862 0.04 240 0.04 240
14 0.2251646661026248 315787 0.04 240 0.04 240
15 0.22217552966761564 336697 0.04 240 0.04 240
16 0.21939999677025981 357592 0.04 240 0.04 240
17 0.21673787023930988 378473 0.04 240 0.04 240
18 0.2141312416661864 399340 0.04 240 0.04 240
19 0.21154951191684332 420197 0.04 240 0.04 240
20 0.20897930348527854 441044 0.04 240 0.04 240
21 0.20641841633089383 461876 0.04 240 0.04 240
22 0.20387083029512224 482688 0.04 240 0.04 240
23 0.2013420736827711 503486 0.04 240 0.04 240
24 0.19883619569299485 524278 0.04 240 0.04 240
25 0.19635499652671387 545051 0.04 240 0.04 240
26 0.19389892550353185 565812 0.04 240 0.04 240
27 0.19146854572511515 586559 0.04 240 0.04 240
28 0.18906570524076272 607298 0.04 240 0.04 240
29 0.18669411149681248 628023 0.04 240 0.04 240
30 0.18435942158613727 648739 0.04 240 0.04 240
31 0.18206906501931555 669450 0.04 240 0.04 240
32 0.17983193243483747 690152 0.04 240 0.04 240
33 0.1776579666227991 710835 0.04 240 0.04 240
34 0.17555765852281083 731510 0.04 240 0.04 240
35 0.17354146863286482 752173 0.04 240 0.04 240
36 0.17161922037445723 772829 0.04 240 0.04 240
37 0.1697995137905611 793471 0.04 240 0.04 240
38 0.1680891774394745 814105 0.04 240 0.04 240
39 0.166492728359213 834738 0.04 240 0.04 240
40 0.16501177644378257 855354 0.04 240 0.04 240
41 0.16364432971574164 875961 0.04 240 0.04 240
42 0.16238406028916968 896560 0.04 240 0.04 240
43 0.1612197690973851 917149 0.04 240 0.04 240
44 0.16013545025055778 937733 0.04 240 0.04 240
45 0.15911132310918658 958310 0.04 240 0.04 240
46 0.15812586190085412 978878 0.04 240 0.04 240
47 0.15715836565851857 999437 0.04 240 0.04 240
48 0.1561913103540882 1019988 0.04 240 0.04 240
49 0.15521183344171033 1040530 0.04 240 0.04 240
50 0.15421212800557912 1061065 0.04 240 0.04 240
51 0.1531889580449798 1081593 0.04 240 0.04 240
52 0.15214271017290507 1102116 0.04 240 0.04 240
53 0.15107635753495458 1122627 0.04 240 0.04 240
54 0.14999455571124665 1143131 0.04 240 0.04 240
55 0.148902939864796 1163637 0.04 240 0.04 240
56 0.14780760209599317 1184128 0.04 240 0.04 240
57 0.14671469760330585 1204612 0.04 240 0.04 240
58 0.14563013534236188 1225088 0.04 240 0.04 240
59 0.1445593302445068 1245557 0.04 240 0.04 240
60 0.14350701373848598 1266019 0.04 240 0.04 240
61 0.14247710952641315 1286478 0.04 240 0.04 240
62 0.14147268130142343 1306931 0.04 240 0.04 240
63 0.14049595177667462 1327377 0.04 240 0.04 240
64 0.13954838299771455 1347815 0.04 240 0.04 240
65 0.13863080052612584 1368250 0.04 240 0.04 240
66 0.1377435406994512 1388684 0.04 240 0.04 240
67 0.13688660074205128 1409104 0.04 240 0.04 240
68 0.13605977481357992 1429526 0.04 240 0.04 240
69 0.13526276383695374 1449931 0.04 240 0.04 240
70 0.1344952524666081 1470329 0.04 240 0.04 240
71 0.13375695266770282 1490721 0.04 240 0.04 240
72 0.13304761952527164 1511108 0.04 240 0.04 240
73 0.13236704943646016 1531488 0.04 240 0.04 240
74 0.13171507160831133 1551866 0.04 240 0.04 240
75 0.1310915399258478 1572234 0.04 240 0.04 240
76 0.13049632545040507 1592600 0.04 240 0.04 240
77 0.129929303574791 1612961 0.04 240 0.04 240
78 0.1293903274654787 1633313 0.04 240 0.04 240
79 0.12887918215886968 1653660 0.04 240 0.04 240
80 0.12839552050227562 1674001 0.04 240 0.04 240
81 0.12793879029418614 1694337 0.04 240 0.04 240
82 0.12750816809977386 1714666 0.04 240 0.04 240
83 0.1271025165479519 1735020 0.04 240 0.04 240
84 0.1267203775814533 1755336 0.04 240 0.04 240
85 0.12636000568375094 1775647 0.04 240 0.04 240
86 0.126019435806609 1795952 0.04 240 0.04 240
87 0.12569657384870103 1816260 0.04 240 0.04 240
88 0.12538929485269695 1836563 0.04 240 0.04 240
89 0.1250955354066401 1856853 0.04 240 0.04 240
90 0.1248133705670555 1877138 0.04 240 0.04 240
91 0.12454107020566646 1897420 0.04 240 0.04 240
92 0.1242771337168485 1917697 0.04 240 0.04 240
93 0.12402030488891956 1937968 0.04 240 0.04 240
94 0.12376957036907084 1958234 0.04 240 0.04 240
95 0.12352414577027138 1978495 0.04 240 0.04 240
96 0.1232834533999748 1998753 0.04 240 0.04 240
97 0.12304709512484258 2019001 0.04 240 0.04 240
98 0.12281482323755695 2039243 0.04 240 0.04 240
99 0.12258651150181844 2059483 0.04 240 0.04 240
