0 0.8999405815154441 12432 0.07 140
1 0.526392031245508 24834 0.07 140
2 0.365973124454606 37175 0.07 140
3 0.29135351292393696 49473 0.07 140
4 0.251316652234118 61741 0.07 140
5 0.23000163071144347 73971 0.07 140
6 0.21548401760748523 86174 0.07 140
7 0.20398193977295498 98352 0.07 140
8 0.19464756309055267 110510 0.07 140
9 0.18712516375611876 122641 0.07 140
10 0.18114125693324545 134755 0.07 140
11 0.1764485217325226 146843 0.07 140
12 0.1728105746720464 158913 0.07 140
13 0.17000919856368338 170966 0.07 140
14 0.16785474352202723 183002 0.07 140
15 0.16618867701947657 195032 0.07 140
16 0.16488047478942602 207038 0.07 140
17 0.1638231858873898 219030 0.07 140
18 0.16292956944290599 231006 0.07 140
19 0.1621291323259571 242963 0.07 140
20 0.16136596111117057 254904 0.07 140
21 0.16059727353842168 266834 0.07 140
22 0.15979263894583293 278747 0.07 140
23 0.15893366537887976 290650 0.07 140
24 0.15801369983864857 302533 0.07 140
25 0.15703686802502867 314403 0.07 140
26 0.15601574631161594 326263 0.07 140
27 0.1549673980625581 338128 0.07 140
28 0.1539085398841591 349960 0.07 140
29 0.15285157599853647 361778 0.07 140
30 0.1518031007777108 373580 0.07 140
31 0.1507651662380468 385368 0.07 140
32 0.14973821335387696 397142 0.07 140
33 0.148723950990624 408911 0.07 140
34 0.14772673836318786 420661 0.07 140
35 0.14675287422265026 432403 0.07 140
36 0.14580823956093922 444128 0.07 140
37 0.14489559218669837 455841 0.07 140
38 0.14401301163123378 467541 0.07 140
39 0.14315428634841515 479239 0.07 140
40 0.14231087239704793 490918 0.07 140
41 0.14147432569256418 502591 0.07 140
42 0.14063820974867 514245 0.07 140
43 0.13979904178737868 525888 0.07 140
44 0.13895634210968244 537520 0.07 140
45 0.13811208381694315 549147 0.07 140
46 0.13726986018414591 560759 0.07 140
47 0.1364340171887393 572373 0.07 140
48 0.1356089144946347 583962 0.07 140
49 0.13479840199482226 595542 0.07 140
50 0.13400553247702765 607117 0.07 140
51 0.13323247932482804 618677 0.07 140
52 0.13248059976729012 630231 0.07 140
53 0.1317505791961473 641773 0.07 140
54 0.13104260169331877 653306 0.07 140
55 0.13035650719436226 664831 0.07 140
56 0.12969191182779868 676346 0.07 140
57 0.1290482826035281 687859 0.07 140
58 0.1284249694683016 699358 0.07 140
59 0.12782120609407296 710855 0.07 140
60 0.12723609511410702 722339 0.07 140
61 0.12666859360042457 733815 0.07 140
62 0.12611751084126413 745288 0.07 140
63 0.12558152435469763 756752 0.07 140
64 0.12505921358529223 768219 0.07 140
65 0.12454910574709593 779668 0.07 140
66 0.12404972587129835 791110 0.07 140
67 0.12355964336359677 802545 0.07 140
68 0.12307750962704335 813973 0.07 140
69 0.12260208465726845 825396 0.07 140
70 0.12213225408080959 836813 0.07 140
71 0.12166704096217318 848228 0.07 140
72 0.12120561781870794 859633 0.07 140
73 0.12074732287976485 871037 0.07 140
74 0.12029168098275789 882431 0.07 140
75 0.11983842530606599 893818 0.07 140
76 0.11938751362903832 905200 0.07 140
77 0.11893913312817704 916578 0.07 140
78 0.11849369014861104 927953 0.07 140
79 0.11805178425635628 939321 0.07 140
80 0.11761416816441475 950684 0.07 140
81 0.1171816972083344 962043 0.07 140
82 0.11675527497976064 973397 0.07 140
83 0.11633580587302764 984751 0.07 140
84 0.11592416920115185 996095 0.07 140
85 0.11552122930367843 1007440 0.07 140
86 0.1151278860294063 1018775 0.07 140
87 0.11474514668395266 1030107 0.07 140
88 0.114374170660606 1041436 0.07 140
89 0.1140162233541509 1052759 0.07 140
90 0.11367250242996571 1064081 0.07 140
91 0.11334386890160289 1075397 0.07 140
92 0.11303058947246582 1086708 0.07 140
93 0.11273221841413449 1098017 0.07 140
94 0.11244768648770662 1109321 0.07 140
95 0.11217555434757849 1120625 0.07 140
96 0.11191431045175412 1131921 0.07 140
97 0.11166259975750482 1143217 0.07 140
98 0.11141933372133009 1154506 0.07 140
99 0.11118369648441266 1165819 0.07 140
