0 0.8000288147586804 15965 0.08 180
1 0.3991064954613568 31872 0.08 180
2 0.29408255800890765 47688 0.08 180
3 0.25429668171183617 63443 0.08 180
4 0.2338211442892233 79152 0.08 180
5 0.22152051969015585 94821 0.08 180
6 0.21246814088722943 110446 0.08 180
7 0.20455259949347485 126037 0.08 180
8 0.19710233323583806 141587 0.08 180
9 0.19009646618430612 157100 0.08 180
10 0.1836923698284164 172580 0.08 180
11 0.1780040368434026 188021 0.08 180
12 0.17305744547297555 203432 0.08 180
13 0.16881065150983077 218817 0.08 180
14 0.16518113494590728 234167 0.08 180
15 0.16206912910831234 249489 0.08 180
16 0.1593756017835535 264786 0.08 180
17 0.15701360998016514 280055 0.08 180
18 0.1549131191199209 295336 0.08 180
19 0.1530214342458327 310560 0.08 180
20 0.15130162888399534 325754 0.08 180
21 0.14972998832201317 340929 0.08 180
22 0.1482923356608981 356075 0.08 180
23 0.14697942538546668 371212 0.08 180
24 0.14578256795031044 386316 0.08 180
25 0.14469087235553404 401396 0.08 180
26 0.1436906604115573 416456 0.08 180
27 0.14276656203654792 431500 0.08 180
28 0.14190329489835504 446518 0.08 180
29 0.14108722795969922 461518 0.08 180
30 0.14030724807560616 476504 0.08 180
31 0.1395548984348251 491466 0.08 180
32 0.13882403767300067 506412 0.08 180
33 0.13811032824600783 521343 0.08 180
34 0.13741077560074474 536252 0.08 180
35 0.13672340527233862 551145 0.08 180
36 0.13604705180855092 566025 0.08 180
37 0.13538117958863533 580917 0.08 180
38 0.13472567048675269 595763 0.08 180
39 0.13408057338273222 610599 0.08 180
40 0.13344586971636402 625416 0.08 180
41 0.1328213271792648 640223 0.08 180
42 0.1322064821450055 655012 0.08 180
43 0.13160073662637675 669804 0.08 180
44 0.13100351354259862 684569 0.08 180
45 0.1304144046625445 699317 0.08 180
46 0.12983326469086337 714053 0.08 180
47 0.12926023526423552 728779 0.08 180
48 0.12869570806006914 743490 0.08 180
49 0.1281402495090966 758190 0.08 180
50 0.12759451155569856 772882 0.08 180
51 0.12705914800646892 787561 0.08 180
52 0.12653474864552103 802227 0.08 180
53 0.12602179626914153 816888 0.08 180
54 0.12552064639414431 831535 0.08 180
55 0.12503152598526562 846171 0.08 180
56 0.12455454598578418 860831 0.08 180
57 0.12408972230762133 875448 0.08 180
58 0.12363700071111108 890056 0.08 180
59 0.12319628216909255 904662 0.08 180
60 0.12276744647572212 919252 0.08 180
61 0.12235037280435297 933840 0.08 180
62 0.12194495656941132 948414 0.08 180
63 0.12155112233315293 962997 0.08 180
64 0.12116883269503753 977558 0.08 180
65 0.12079809319386417 992108 0.08 180
66 0.12043895331418841 1006651 0.08 180
67 0.1200915037706576 1021190 0.08 180
68 0.11975587037330834 1035718 0.08 180
69 0.11943220495605143 1050239 0.08 180
70 0.11912067406106844 1064757 0.08 180
71 0.11882144627704753 1079265 0.08 180
72 0.11853467927738069 1093765 0.08 180
73 0.11826050763640023 1108264 0.08 180
74 0.11799903236681097 1122750 0.08 180
75 0.11775031280045654 1137231 0.08 180
76 0.11751436096201057 1151713 0.08 180
77 0.1172911380571171 1166180 0.08 180
78 0.11708055225348997 1180644 0.08 180
79 0.11688245671927702 1195103 0.08 180
80 0.11669664699277717 1209552 0.08 180
81 0.11652285719826294 1224032 0.08 180
82 0.11636075530190577 1238475 0.08 180
83 0.11620993834985247 1252909 0.08 180
84 0.11606992924551772 1267339 0.08 180
85 0.11594017692253923 1281761 0.08 180
86 0.11582006163522733 1296199 0.08 180
87 0.11570890649530634 1310612 0.08 180
88 0.11560599541429077 1325019 0.08 180
89 0.11551059644592336 1339419 0.08 180
90 0.11542198841137659 1353824 0.08 180
91 0.11533948789327901 1368215 0.08 180
92 0.11526247340935503 1382601 0.08 180
93 0.11519040391070792 1396987 0.08 180
94 0.11512282963159413 1411364 0.08 180
95 0.11505939454909844 1425736 0.08 180
96 0.11499983101595872 1440105 0.08 180
97 0.11494394823166974 1454465 0.08 180
98 0.11489161691061155 1468820 0.08 180
99 0.11484275269825206 1483173 0.08 180
