0 0.955815533149087 22963 0.01 260 0.01 260
1 0.9522048395925168 45865 0.01 260 0.01 260
2 0.946158642186888 68774 0.01 260 0.01 260
3 0.9353437528100484 91675 0.01 260 0.01 260
4 0.9199143365007908 114577 0.01 260 0.01 260
5 0.900878645512833 137483 0.01 260 0.01 260
6 0.8721987435549825 160385 0.01 260 0.01 260
7 0.8295346457261653 183291 0.01 260 0.01 260
8 0.7781724107235548 206204 0.01 260 0.01 260
9 0.7248505518171822 229127 0.01 260 0.01 260
10 0.6756121179167508 252050 0.01 260 0.01 260
11 0.6331417712156577 274984 0.01 260 0.01 260
12 0.5963760870698809 297903 0.01 260 0.01 260
13 0.5633389022691603 320820 0.01 260 0.01 260
14 0.532718486278542 343736 0.01 260 0.01 260
15 0.5042494635850598 366648 0.01 260 0.01 260
16 0.47838926558029415 389564 0.01 260 0.01 260
17 0.4555387009142551 412465 0.01 260 0.01 260
18 0.43558159145652003 435361 0.01 260 0.01 260
19 0.4180139579128696 458256 0.01 260 0.01 260
20 0.4022547608512992 481147 0.01 260 0.01 260
21 0.38785761241496053 504036 0.01 260 0.01 260
22 0.3745878290471066 526942 0.01 260 0.01 260
23 0.3623885167782787 549820 0.01 260 0.01 260
24 0.35128164600368317 572703 0.01 260 0.01 260
25 0.3412767745923016 595576 0.01 260 0.01 260
26 0.33233333325040576 618448 0.01 260 0.01 260
27 0.32436654283828414 641310 0.01 260 0.01 260
28 0.3172675381643565 664175 0.01 260 0.01 260
29 0.310920716584235 687027 0.01 260 0.01 260
30 0.30521463331140936 709876 0.01 260 0.01 260
31 0.3000478797286807 732725 0.01 260 0.01 260
32 0.2953318302652774 755570 0.01 260 0.01 260
33 0.290991417064052 778421 0.01 260 0.01 260
34 0.286964588541639 801255 0.01 260 0.01 260
35 0.2832009606388956 824096 0.01 260 0.01 260
36 0.27966011289137654 846930 0.01 260 0.01 260
37 0.2763098663898549 869757 0.01 260 0.01 260
38 0.273124732341554 892579 0.01 260 0.01 260
39 0.2700846003745045 915395 0.01 260 0.01 260
40 0.2671736667171842 938209 0.01 260 0.01 260
41 0.2643795723140584 961020 0.01 260 0.01 260
42 0.2616927116675745 983829 0.01 260 0.01 260
43 0.2591056730927954 1006635 0.01 260 0.01 260
44 0.2566127751854138 1029457 0.01 260 0.01 260
45 0.2542096710064751 1052252 0.01 260 0.01 260
46 0.25189300008738086 1075044 0.01 260 0.01 260
47 0.24966007795307316 1097836 0.01 260 0.01 260
48 0.2475086218420657 1120624 0.01 260 0.01 260
49 0.24543651766630675 1143409 0.01 260 0.01 260
50 0.2434416356480256 1166186 0.01 260 0.01 260
51 0.24152170048244428 1188961 0.01 260 0.01 260
52 0.23967421730034477 1211733 0.01 260 0.01 260
53 0.2378964486408815 1234505 0.01 260 0.01 260
54 0.23618543198656536 1257273 0.01 260 0.01 260
55 0.23453802409531418 1280037 0.01 260 0.01 260
56 0.23295095851881845 1302795 0.01 260 0.01 260
57 0.2314209060288628 1325549 0.01 260 0.01 260
58 0.229944532617708 1348303 0.01 260 0.01 260
59 0.2285185541972223 1371051 0.01 260 0.01 260
60 0.22713978935606957 1393797 0.01 260 0.01 260
61 0.22580521088830763 1416538 0.01 260 0.01 260
62 0.2245119940209743 1439276 0.01 260 0.01 260
63 0.22325755618368814 1462009 0.01 260 0.01 260
64 0.22203958180077857 1484742 0.01 260 0.01 260
65 0.2208560270197365 1507470 0.01 260 0.01 260
66 0.2197051030457129 1530197 0.01 260 0.01 260
67 0.21858524117989206 1552917 0.01 260 0.01 260
68 0.21749504596449806 1575633 0.01 260 0.01 260
69 0.21643324399348116 1598348 0.01 260 0.01 260
70 0.21539863498530973 1621059 0.01 260 0.01 260
71 0.21439004943094264 1643769 0.01 260 0.01 260
72 0.21340631458616235 1666471 0.01 260 0.01 260
73 0.2124462286478201 1689178 0.01 260 0.01 260
74 0.2115085420671437 1711875 0.01 260 0.01 260
75 0.2105919450505658 1734573 0.01 260 0.01 260
76 0.20969506096963278 1757265 0.01 260 0.01 260
77 0.2088164461180882 1779955 0.01 260 0.01 260
78 0.20795459659115423 1802639 0.01 260 0.01 260
79 0.20710796283341784 1825320 0.01 260 0.01 260
80 0.2062749716826576 1848041 0.01 260 0.01 260
81 0.20545405478530554 1870715 0.01 260 0.01 260
82 0.20464368138639616 1893387 0.01 260 0.01 260
83 0.203842392943665 1916058 0.01 260 0.01 260
84 0.20304883688392214 1938736 0.01 260 0.01 260
85 0.2022617970727708 1961402 0.01 260 0.01 260
86 0.20148021908212913 1984061 0.01 260 0.01 260
87 0.20070322896778428 2006717 0.01 260 0.01 260
88 0.19993014489338073 2029369 0.01 260 0.01 260
89 0.19916048148759855 2052032 0.01 260 0.01 260
90 0.19839394727122006 2074681 0.01 260 0.01 260
91 0.19763043584077924 2097331 0.01 260 0.01 260
92 0.19687001175527888 2119971 0.01 260 0.01 260
93 0.19611289224933678 2142609 0.01 260 0.01 260
94 0.1953594259903379 2165255 0.01 260 0.01 260
95 0.1946100701049393 2187892 0.01 260 0.01 260
96 0.19386536661996795 2210523 0.01 260 0.01 260
97 0.19312591930241538 2233150 0.01 260 0.01 260
98 0.1923923716644164 2255853 0.01 260 0.01 260
99 0.19166538665522612 2278551 0.01 260 0.01 260
