0 0.8453761268120777 26538 0.07 300 0.07 300
1 0.4676214790572988 52999 0.07 300 0.07 300
2 0.3212516542577286 79375 0.07 300 0.07 300
3 0.27014230247670123 105690 0.07 300 0.07 300
4 0.24291377363929695 131963 0.07 300 0.07 300
5 0.22508942863024453 158184 0.07 300 0.07 300
6 0.21324087200668176 184362 0.07 300 0.07 300
7 0.20467767552206698 210497 0.07 300 0.07 300
8 0.1975305625738539 236599 0.07 300 0.07 300
9 0.19117076762503024 262651 0.07 300 0.07 300
10 0.18542684610539273 288662 0.07 300 0.07 300
11 0.18022090073662714 314634 0.07 300 0.07 300
12 0.17551680399887398 340566 0.07 300 0.07 300
13 0.17130921016539757 366462 0.07 300 0.07 300
14 0.16759431015065046 392322 0.07 300 0.07 300
15 0.1643477554837929 418144 0.07 300 0.07 300
16 0.16152067653411742 443991 0.07 300 0.07 300
17 0.15904826598505725 469744 0.07 300 0.07 300
18 0.15686230617464667 495470 0.07 300 0.07 300
19 0.15490105193874407 521163 0.07 300 0.07 300
20 0.15311429822352976 546823 0.07 300 0.07 300
21 0.15146473815555522 572457 0.07 300 0.07 300
22 0.14992717211759238 598062 0.07 300 0.07 300
23 0.14848643916419127 623641 0.07 300 0.07 300
24 0.1471346312985311 649190 0.07 300 0.07 300
25 0.14586822739610453 674711 0.07 300 0.07 300
26 0.14468569060824352 700221 0.07 300 0.07 300
27 0.1435857579825195 725692 0.07 300 0.07 300
28 0.1425664059757236 751140 0.07 300 0.07 300
29 0.14162438834651261 776558 0.07 300 0.07 300
30 0.14075522504459373 801954 0.07 300 0.07 300
31 0.13995350378103538 827325 0.07 300 0.07 300
32 0.13921333646961734 852671 0.07 300 0.07 300
33 0.13852881285094673 877995 0.07 300 0.07 300
34 0.1378943288606023 903295 0.07 300 0.07 300
35 0.13730473705777851 928576 0.07 300 0.07 300
36 0.13675534357976085 953836 0.07 300 0.07 300
37 0.1362418230768412 979071 0.07 300 0.07 300
38 0.1357601262090589 1004286 0.07 300 0.07 300
39 0.1353064277967049 1029479 0.07 300 0.07 300
40 0.1348771303272353 1054653 0.07 300 0.07 300
41 0.13446891277117404 1079806 0.07 300 0.07 300
42 0.13407880276571849 1104941 0.07 300 0.07 300
43 0.13370424797331792 1130056 0.07 300 0.07 300
44 0.13334316511835692 1155151 0.07 300 0.07 300
45 0.13299395007758957 1180226 0.07 300 0.07 300
46 0.13265543870018237 1205284 0.07 300 0.07 300
47 0.13232681572259067 1230322 0.07 300 0.07 300
48 0.1320074779394828 1255343 0.07 300 0.07 300
49 0.13169686697418712 1280346 0.07 300 0.07 300
50 0.13139429551631468 1305329 0.07 300 0.07 300
51 0.13109879736110283 1330293 0.07 300 0.07 300
52 0.13080903405705924 1355240 0.07 300 0.07 300
53 0.13052328705756008 1380217 0.07 300 0.07 300
54 0.13023955197409418 1405128 0.07 300 0.07 300
55 0.1299557308029224 1430020 0.07 300 0.07 300
56 0.1296698923086203 1454895 0.07 300 0.07 300
57 0.12938054732137627 1479753 0.07 300 0.07 300
58 0.12908687359139176 1504595 0.07 300 0.07 300
59 0.128788831095121 1529420 0.07 300 0.07 300
60 0.12848713429214625 1554230 0.07 300 0.07 300
61 0.12818308579036755 1579025 0.07 300 0.07 300
62 0.1278783131835681 1603800 0.07 300 0.07 300
63 0.12757447399497346 1628557 0.07 300 0.07 300
64 0.1272729950607925 1653298 0.07 300 0.07 300
65 0.12697489402397324 1678021 0.07 300 0.07 300
66 0.1266807014556836 1702732 0.07 300 0.07 300
67 0.12639047452213864 1727425 0.07 300 0.07 300
68 0.12610387577196572 1752098 0.07 300 0.07 300
69 0.12582028597983658 1776759 0.07 300 0.07 300
70 0.12553892493523588 1801407 0.07 300 0.07 300
71 0.12525896290766964 1826037 0.07 300 0.07 300
72 0.12497961334628374 1850648 0.07 300 0.07 300
73 0.12470020226489296 1875249 0.07 300 0.07 300
74 0.12442021264603162 1899831 0.07 300 0.07 300
75 0.12413930474377179 1924398 0.07 300 0.07 300
76 0.12385731585010887 1948952 0.07 300 0.07 300
77 0.12357424509388659 1973488 0.07 300 0.07 300
78 0.12329022930721537 1998015 0.07 300 0.07 300
79 0.12300551495941409 2022527 0.07 300 0.07 300
80 0.12272042941343332 2047021 0.07 300 0.07 300
81 0.1224353531737738 2071511 0.07 300 0.07 300
82 0.12215069384162563 2095977 0.07 300 0.07 300
83 0.12186686219335002 2120432 0.07 300 0.07 300
84 0.12158425090566886 2144871 0.07 300 0.07 300
85 0.12130321666116303 2169299 0.07 300 0.07 300
86 0.12102406645435163 2193715 0.07 300 0.07 300
87 0.12074704878170385 2218113 0.07 300 0.07 300
88 0.1204723500546482 2242501 0.07 300 0.07 300
89 0.12020009611431645 2266876 0.07 300 0.07 300
90 0.11993035826720742 2291239 0.07 300 0.07 300
91 0.11966316290229649 2315585 0.07 300 0.07 300
92 0.11939850354998584 2339924 0.07 300 0.07 300
93 0.11913635421064302 2364250 0.07 300 0.07 300
94 0.11887668288458021 2388548 0.07 300 0.07 300
95 0.11861946442415441 2412826 0.07 300 0.07 300
96 0.1183646920473414 2437094 0.07 300 0.07 300
97 0.11811238705711997 2461350 0.07 300 0.07 300
98 0.11786260647651516 2485594 0.07 300 0.07 300
99 0.11761544842751825 2509831 0.07 300 0.07 300
