0 0.9491372526309159 1985 0.01 20
1 0.9490581099748966 3845 0.01 20
2 0.9489621971381439 5704 0.01 20
3 0.9488379680910242 7562 0.01 20
4 0.9486682689220597 9422 0.01 20
5 0.9484258020876092 11280 0.01 20
6 0.9480642883412769 13139 0.01 20
7 0.9474994991646782 15000 0.01 20
8 0.9465641145736424 16858 0.01 20
9 0.9448884635849196 18716 0.01 20
10 0.9415661938655888 20577 0.01 20
11 0.9344049599519322 22439 0.01 20
12 0.9203361182070522 24319 0.01 20
13 0.899882382058856 26180 0.01 20
14 0.8749254415510633 28033 0.01 20
15 0.8467050594220346 29881 0.01 20
16 0.8161013471975767 31726 0.01 20
17 0.7846413134501536 33570 0.01 20
18 0.7551627432996667 35411 0.01 20
19 0.7291783952966208 37247 0.01 20
20 0.7061498999154449 39079 0.01 20
21 0.6846644509506788 40910 0.01 20
22 0.6634556412073677 42736 0.01 20
23 0.6416886380294334 44561 0.01 20
24 0.6191375712437651 46381 0.01 20
25 0.5964373512943334 48200 0.01 20
26 0.574832314427945 50013 0.01 20
27 0.5553356835376467 51821 0.01 20
28 0.5383115952061431 53628 0.01 20
29 0.5236524651684051 55428 0.01 20
30 0.5110591155608706 57225 0.01 20
31 0.5002771131129059 59019 0.01 20
32 0.4911596854101064 60811 0.01 20
33 0.48358587980036494 62597 0.01 20
34 0.47740675664079196 64381 0.01 20
35 0.4724494947015357 66162 0.01 20
36 0.4685368020199602 67940 0.01 20
37 0.4655039028375111 69714 0.01 20
38 0.46320404488850775 71486 0.01 20
39 0.46150448204272515 73255 0.01 20
40 0.46028216524288473 75021 0.01 20
41 0.45942338128234306 76785 0.01 20
42 0.45882427567387607 78547 0.01 20
43 0.45838992504060205 80305 0.01 20
44 0.4580340011948714 82062 0.01 20
45 0.4576803059251953 83815 0.01 20
46 0.4572645091286089 85566 0.01 20
47 0.4567343159257238 87313 0.01 20
48 0.45604822088389957 89058 0.01 20
49 0.4551743435045597 90800 0.01 20
50 0.4540903108513368 92539 0.01 20
51 0.452783786331564 94274 0.01 20
52 0.4512527017858888 96007 0.01 20
53 0.4495046321040511 97736 0.01 20
54 0.4475552409757109 99462 0.01 20
55 0.4454260424789549 101185 0.01 20
56 0.4431420077828991 102905 0.01 20
57 0.44072964627007094 104622 0.01 20
58 0.438215844145345 106336 0.01 20
59 0.43562720632503155 108047 0.01 20
60 0.4329894077680867 109782 0.01 20
61 0.4303262266871415 111489 0.01 20
62 0.4276583192526416 113194 0.01 20
63 0.4250021549801323 114896 0.01 20
64 0.42236956880278825 116595 0.01 20
65 0.4197680106415342 118292 0.01 20
66 0.41720114043537854 119988 0.01 20
67 0.4146693635350958 121680 0.01 20
68 0.41217021026032935 123371 0.01 20
69 0.4096987473095248 125061 0.01 20
70 0.40724822452079473 126750 0.01 20
71 0.4048109930763105 128435 0.01 20
72 0.4023795809154992 130119 0.01 20
73 0.3999477479110359 131801 0.01 20
74 0.3975112887963059 133482 0.01 20
75 0.39506831618047955 135161 0.01 20
76 0.39261892331781406 136838 0.01 20
77 0.39016449694794403 138514 0.01 20
78 0.38770715368168757 140188 0.01 20
79 0.38524955661594784 141861 0.01 20
80 0.3827949762904788 143534 0.01 20
81 0.38034729275539253 145205 0.01 20
82 0.3779108091694195 146874 0.01 20
83 0.3754900402912111 148540 0.01 20
84 0.37308970534895763 150205 0.01 20
85 0.3707148940433661 151869 0.01 20
86 0.36837109864393713 153532 0.01 20
87 0.36606383985982915 155193 0.01 20
88 0.36379790016028385 156853 0.01 20
89 0.3615764550559175 158511 0.01 20
90 0.3594004912573623 160169 0.01 20
91 0.35726877799084983 161825 0.01 20
92 0.35517839489382486 163480 0.01 20
93 0.35312559339121974 165133 0.01 20
94 0.35110670310557635 166785 0.01 20
95 0.34911886186022456 168436 0.01 20
96 0.34716044651533373 170101 0.01 20
97 0.3452311652725766 171750 0.01 20
98 0.3433318477329892 173400 0.01 20
99 0.3414640300701638 175047 0.01 20
