0 0.9604787552175529 19448 0.05 220 0.05 220
1 0.7082083574037308 38878 0.05 220 0.05 220
2 0.4976564898860585 58277 0.05 220 0.05 220
3 0.374597634259738 77645 0.05 220 0.05 220
4 0.32174823475653147 97001 0.05 220 0.05 220
5 0.2910589561058516 116329 0.05 220 0.05 220
6 0.2687608912109933 135634 0.05 220 0.05 220
7 0.2524169533137332 154918 0.05 220 0.05 220
8 0.24058575405329966 174184 0.05 220 0.05 220
9 0.23175806196916107 193428 0.05 220 0.05 220
10 0.22478341917761244 212658 0.05 220 0.05 220
11 0.21892621498680462 231869 0.05 220 0.05 220
12 0.21375721873774117 251064 0.05 220 0.05 220
13 0.2090467634778882 270243 0.05 220 0.05 220
14 0.204682434439566 289402 0.05 220 0.05 220
15 0.2006138658548734 308542 0.05 220 0.05 220
16 0.1968178264872196 327663 0.05 220 0.05 220
17 0.19327579098299597 346767 0.05 220 0.05 220
18 0.18996258671606306 365854 0.05 220 0.05 220
19 0.1868456879985757 384926 0.05 220 0.05 220
20 0.18389071105972093 403990 0.05 220 0.05 220
21 0.18106729707572447 423030 0.05 220 0.05 220
22 0.17835226299008594 442055 0.05 220 0.05 220
23 0.17572994454905297 461093 0.05 220 0.05 220
24 0.17319094134734542 480089 0.05 220 0.05 220
25 0.17073040599723172 499069 0.05 220 0.05 220
26 0.1683464976783775 518037 0.05 220 0.05 220
27 0.166039159736208 536994 0.05 220 0.05 220
28 0.16380917037326317 555935 0.05 220 0.05 220
29 0.16165741531280478 574862 0.05 220 0.05 220
30 0.1595843914358093 593777 0.05 220 0.05 220
31 0.15758996426191194 612681 0.05 220 0.05 220
32 0.15567336357647119 631573 0.05 220 0.05 220
33 0.15383335154152936 650451 0.05 220 0.05 220
34 0.15206846794874185 669314 0.05 220 0.05 220
35 0.15037725875155464 688164 0.05 220 0.05 220
36 0.14875842281892043 707002 0.05 220 0.05 220
37 0.14721085373713513 725830 0.05 220 0.05 220
38 0.14573359090281435 744648 0.05 220 0.05 220
39 0.14432571510552117 763452 0.05 220 0.05 220
40 0.14298622611449224 782247 0.05 220 0.05 220
41 0.14171392952215103 801030 0.05 220 0.05 220
42 0.14050734641977608 819801 0.05 220 0.05 220
43 0.13936464931466747 838569 0.05 220 0.05 220
44 0.1382836233723067 857321 0.05 220 0.05 220
45 0.137261652337993 876067 0.05 220 0.05 220
46 0.13629573074563875 894802 0.05 220 0.05 220
47 0.13538250571662008 913529 0.05 220 0.05 220
48 0.13451835090936926 932245 0.05 220 0.05 220
49 0.13369947122132025 950953 0.05 220 0.05 220
50 0.132922030410584 969649 0.05 220 0.05 220
51 0.132182287065247 988335 0.05 220 0.05 220
52 0.13147672003309369 1007015 0.05 220 0.05 220
53 0.13080212459049673 1025686 0.05 220 0.05 220
54 0.13015566575236595 1044346 0.05 220 0.05 220
55 0.12953488391546078 1062996 0.05 220 0.05 220
56 0.12893765793423784 1081638 0.05 220 0.05 220
57 0.12836213887190803 1100270 0.05 220 0.05 220
58 0.12780667186578976 1118895 0.05 220 0.05 220
59 0.1272697230513756 1137519 0.05 220 0.05 220
60 0.1267498241354011 1156126 0.05 220 0.05 220
61 0.12624554086679876 1174723 0.05 220 0.05 220
62 0.1257554653608007 1193323 0.05 220 0.05 220
63 0.12527822746636352 1211903 0.05 220 0.05 220
64 0.12481251779393714 1230477 0.05 220 0.05 220
65 0.12435711461108927 1249047 0.05 220 0.05 220
66 0.1239109081180005 1267608 0.05 220 0.05 220
67 0.12347291799098767 1286167 0.05 220 0.05 220
68 0.12304230283377929 1304710 0.05 220 0.05 220
69 0.12261836263962415 1323248 0.05 220 0.05 220
70 0.12220053699359042 1341776 0.05 220 0.05 220
71 0.12178840219574702 1360299 0.05 220 0.05 220
72 0.12138166972458267 1378814 0.05 220 0.05 220
73 0.1209801867886039 1397323 0.05 220 0.05 220
74 0.12058393772349939 1415820 0.05 220 0.05 220
75 0.12019304339978903 1434310 0.05 220 0.05 220
76 0.11980775521606286 1452793 0.05 220 0.05 220
77 0.11942844093445842 1471269 0.05 220 0.05 220
78 0.11905556139523457 1489738 0.05 220 0.05 220
79 0.11868963947205648 1508216 0.05 220 0.05 220
80 0.11833122475745717 1526673 0.05 220 0.05 220
81 0.11798085872537382 1545174 0.05 220 0.05 220
82 0.11763904512727448 1563631 0.05 220 0.05 220
83 0.11730622917956192 1582068 0.05 220 0.05 220
84 0.11698278711266946 1600499 0.05 220 0.05 220
85 0.11666902550086945 1618934 0.05 220 0.05 220
86 0.11636518806951532 1637356 0.05 220 0.05 220
87 0.11607146675527354 1655771 0.05 220 0.05 220
88 0.11578801375052712 1674194 0.05 220 0.05 220
89 0.1155149519189985 1692598 0.05 220 0.05 220
90 0.11525238201322122 1710997 0.05 220 0.05 220
91 0.11500038623157981 1729401 0.05 220 0.05 220
92 0.11475902857545497 1747788 0.05 220 0.05 220
93 0.11452835307004244 1766168 0.05 220 0.05 220
94 0.11430838116640758 1784546 0.05 220 0.05 220
95 0.11409910959470838 1802916 0.05 220 0.05 220
96 0.11390050967783273 1821280 0.05 220 0.05 220
97 0.11371252874015786 1839638 0.05 220 0.05 220
98 0.11353509384615995 1857989 0.05 220 0.05 220
99 0.11336811774417374 1876335 0.05 220 0.05 220
