0 0.9356080859609637 22976 0.05 260 0.05 260
1 0.6895886192389465 45930 0.05 260 0.05 260
2 0.4590491714365348 68845 0.05 260 0.05 260
3 0.35104559314625783 91722 0.05 260 0.05 260
4 0.30090664994744926 114568 0.05 260 0.05 260
5 0.2714143798858947 137395 0.05 260 0.05 260
6 0.25094602452260495 160183 0.05 260 0.05 260
7 0.23572192385319546 182945 0.05 260 0.05 260
8 0.2239243519810616 205681 0.05 260 0.05 260
9 0.21457792984781882 228402 0.05 260 0.05 260
10 0.20715470411784703 251088 0.05 260 0.05 260
11 0.20124819503474145 273749 0.05 260 0.05 260
12 0.19647088608552268 296387 0.05 260 0.05 260
13 0.19248246158142576 319010 0.05 260 0.05 260
14 0.18902039765968995 341605 0.05 260 0.05 260
15 0.18590401623364244 364180 0.05 260 0.05 260
16 0.1830226373357892 386734 0.05 260 0.05 260
17 0.18031831970781917 409281 0.05 260 0.05 260
18 0.17776742441255405 431797 0.05 260 0.05 260
19 0.17536403581649582 454295 0.05 260 0.05 260
20 0.17310815065944374 476780 0.05 260 0.05 260
21 0.1709994002551829 499248 0.05 260 0.05 260
22 0.16903473587892565 521700 0.05 260 0.05 260
23 0.1672080262436428 544133 0.05 260 0.05 260
24 0.16551040471836964 566553 0.05 260 0.05 260
25 0.16393097987889882 588958 0.05 260 0.05 260
26 0.1624577021760244 611351 0.05 260 0.05 260
27 0.161078169906487 633727 0.05 260 0.05 260
28 0.15978024915251215 656090 0.05 260 0.05 260
29 0.15855250758151057 678440 0.05 260 0.05 260
30 0.15738451855736155 700805 0.05 260 0.05 260
31 0.15626708466788697 723143 0.05 260 0.05 260
32 0.15519240215777522 745459 0.05 260 0.05 260
33 0.15415416592070383 767787 0.05 260 0.05 260
34 0.1531476046426306 790070 0.05 260 0.05 260
35 0.1521694352092901 812350 0.05 260 0.05 260
36 0.15121773183764395 834612 0.05 260 0.05 260
37 0.15029171666616567 856862 0.05 260 0.05 260
38 0.14939149163133264 879100 0.05 260 0.05 260
39 0.14851774132381138 901331 0.05 260 0.05 260
40 0.147671439110116 923542 0.05 260 0.05 260
41 0.14685358413045052 945741 0.05 260 0.05 260
42 0.14606498811320037 967931 0.05 260 0.05 260
43 0.14530612168501808 990117 0.05 260 0.05 260
44 0.14457702181599025 1012317 0.05 260 0.05 260
45 0.14387725580829738 1034472 0.05 260 0.05 260
46 0.1432059329513787 1056617 0.05 260 0.05 260
47 0.1425617525937255 1078753 0.05 260 0.05 260
48 0.14194307676090326 1100886 0.05 260 0.05 260
49 0.14134801635538222 1122999 0.05 260 0.05 260
50 0.14077452211553243 1145102 0.05 260 0.05 260
51 0.1402204744515159 1167195 0.05 260 0.05 260
52 0.13968376937948088 1189280 0.05 260 0.05 260
53 0.13916240026426813 1211363 0.05 260 0.05 260
54 0.13865453619055593 1233427 0.05 260 0.05 260
55 0.1381585969933555 1255494 0.05 260 0.05 260
56 0.13767332229413964 1277536 0.05 260 0.05 260
57 0.13719782809307912 1299570 0.05 260 0.05 260
58 0.13673164119852727 1321603 0.05 260 0.05 260
59 0.13627470115314644 1343620 0.05 260 0.05 260
60 0.13582732298592337 1365628 0.05 260 0.05 260
61 0.13539012199155986 1387625 0.05 260 0.05 260
62 0.1349639113124312 1409617 0.05 260 0.05 260
63 0.1345495902807212 1431604 0.05 260 0.05 260
64 0.13414804283324813 1453575 0.05 260 0.05 260
65 0.1337600602520265 1475536 0.05 260 0.05 260
66 0.13338629363209206 1497489 0.05 260 0.05 260
67 0.1330272328841037 1519432 0.05 260 0.05 260
68 0.13268320381090704 1541377 0.05 260 0.05 260
69 0.1323543736949197 1563306 0.05 260 0.05 260
70 0.1320407578895495 1585227 0.05 260 0.05 260
71 0.13174222342603378 1607138 0.05 260 0.05 260
72 0.13145848915821642 1629041 0.05 260 0.05 260
73 0.131189124551667 1650937 0.05 260 0.05 260
74 0.1309335504581685 1672825 0.05 260 0.05 260
75 0.13069104506998683 1694708 0.05 260 0.05 260
76 0.130460757009268 1716582 0.05 260 0.05 260
77 0.13024172569304845 1738448 0.05 260 0.05 260
78 0.13003290731315528 1760314 0.05 260 0.05 260
79 0.12983320347818766 1782162 0.05 260 0.05 260
80 0.1296414890743602 1804004 0.05 260 0.05 260
81 0.12945663627220583 1825838 0.05 260 0.05 260
82 0.1292775326897095 1847665 0.05 260 0.05 260
83 0.1291030932297006 1869492 0.05 260 0.05 260
84 0.12893226669617278 1891304 0.05 260 0.05 260
85 0.12876403965501332 1913110 0.05 260 0.05 260
86 0.1285974409376551 1934909 0.05 260 0.05 260
87 0.12843155060044145 1956700 0.05 260 0.05 260
88 0.12826551700988711 1978505 0.05 260 0.05 260
89 0.12809858494728898 2000281 0.05 260 0.05 260
90 0.12793013603906417 2022052 0.05 260 0.05 260
91 0.12775974019613087 2043817 0.05 260 0.05 260
92 0.127587213022606 2065575 0.05 260 0.05 260
93 0.1274126697651346 2087327 0.05 260 0.05 260
94 0.12723656253412352 2109071 0.05 260 0.05 260
95 0.12705968614329013 2130808 0.05 260 0.05 260
96 0.12688314084826943 2152540 0.05 260 0.05 260
97 0.12670824809261227 2174275 0.05 260 0.05 260
98 0.12653642636785328 2195995 0.05 260 0.05 260
99 0.12636904467913224 2217711 0.05 260 0.05 260
