0 0.9578752496933747 17699 0.02 200
1 0.9531778793448934 35375 0.02 200
2 0.9410850685733881 53055 0.02 200
3 0.8989352984977517 70743 0.02 200
4 0.8023276104450048 88427 0.02 200
5 0.6708550805243279 106116 0.02 200
6 0.57216968177505 123802 0.02 200
7 0.5056781357908111 141497 0.02 200
8 0.4578401809263156 159167 0.02 200
9 0.42126066058109324 176829 0.02 200
10 0.39239042718375167 194478 0.02 200
11 0.36909702492899665 212124 0.02 200
12 0.34985019067647993 229757 0.02 200
13 0.33357678462484547 247387 0.02 200
14 0.3195424737966615 265004 0.02 200
15 0.30723334585564044 282615 0.02 200
16 0.29628291977131876 300219 0.02 200
17 0.2864321826114979 317820 0.02 200
18 0.2775028104405368 335421 0.02 200
19 0.2693746641462335 353006 0.02 200
20 0.2619655818835528 370584 0.02 200
21 0.2552146548277095 388162 0.02 200
22 0.24907061838969238 405740 0.02 200
23 0.24348535804832191 423303 0.02 200
24 0.23841123011099247 440861 0.02 200
25 0.23380081256361182 458413 0.02 200
26 0.22960785967018793 475971 0.02 200
27 0.22578843941247512 493514 0.02 200
28 0.2223016961917047 511052 0.02 200
29 0.21911016260937463 528586 0.02 200
30 0.21617978062433682 546124 0.02 200
31 0.2134798022705859 563653 0.02 200
32 0.21098266272269264 581172 0.02 200
33 0.20866384960276274 598687 0.02 200
34 0.206501760029989 616202 0.02 200
35 0.20447753297155769 633714 0.02 200
36 0.20257485220602003 651217 0.02 200
37 0.2007797227249006 668716 0.02 200
38 0.19908022708583453 686217 0.02 200
39 0.19746626989199242 703713 0.02 200
40 0.19592932018493428 721200 0.02 200
41 0.194462162728652 738684 0.02 200
42 0.1930586686109245 756165 0.02 200
43 0.19171359301245303 773645 0.02 200
44 0.1904224042965996 791118 0.02 200
45 0.1891811449171091 808587 0.02 200
46 0.18798632180982625 826053 0.02 200
47 0.18683482221862888 843526 0.02 200
48 0.18572385023813665 860986 0.02 200
49 0.18465087946341008 878440 0.02 200
50 0.18361361767630185 895898 0.02 200
51 0.1826099801786089 913354 0.02 200
52 0.18163806904440274 930800 0.02 200
53 0.18069615617115387 948238 0.02 200
54 0.1797826685720158 965676 0.02 200
55 0.1788961748618526 983113 0.02 200
56 0.17803537231319372 1000543 0.02 200
57 0.17719907416525546 1017967 0.02 200
58 0.17638619705797154 1035386 0.02 200
59 0.17559574856008756 1052801 0.02 200
60 0.17482681480492912 1070214 0.02 200
61 0.17407854827480593 1087626 0.02 200
62 0.17335015580743515 1105030 0.02 200
63 0.1726408869427103 1122443 0.02 200
64 0.1719500227808774 1139844 0.02 200
65 0.1712768655724637 1157239 0.02 200
66 0.17062072929368843 1174628 0.02 200
67 0.1699809314693357 1192019 0.02 200
68 0.16935678648433078 1209401 0.02 200
69 0.16874760057737037 1226784 0.02 200
70 0.16815266864076034 1244164 0.02 200
71 0.1675712728681974 1261537 0.02 200
72 0.16700268320492215 1278905 0.02 200
73 0.16644615947014377 1296274 0.02 200
74 0.16590095494633572 1313641 0.02 200
75 0.16536632116910388 1331006 0.02 200
76 0.1648415136085467 1348382 0.02 200
77 0.16432579791057314 1365736 0.02 200
78 0.16381845636486908 1383084 0.02 200
79 0.16331879428378102 1400433 0.02 200
80 0.16282614601050593 1417778 0.02 200
81 0.16233988032166363 1435117 0.02 200
82 0.16185940504406726 1452451 0.02 200
83 0.16138417076380296 1469786 0.02 200
84 0.16091367356322966 1487118 0.02 200
85 0.16044745677474723 1504443 0.02 200
86 0.15998511178633631 1521772 0.02 200
87 0.15952627797113345 1539093 0.02 200
88 0.15907064184074965 1556412 0.02 200
89 0.158617935539523 1573733 0.02 200
90 0.1581679348050378 1591044 0.02 200
91 0.15772045652015598 1608351 0.02 200
92 0.15727535597492487 1625659 0.02 200
93 0.15683252394479213 1642964 0.02 200
94 0.15639188367613516 1660263 0.02 200
95 0.15595338785284638 1677556 0.02 200
96 0.15551701559992526 1694853 0.02 200
97 0.15508276956283112 1712146 0.02 200
98 0.1546506730856732 1729434 0.02 200
99 0.15422076749774272 1746718 0.02 200
