0 0.9539750521638504 3614 0.05 40
1 0.8732230085953643 7231 0.05 40
2 0.6583174344699018 10825 0.05 40
3 0.5175978545726422 14383 0.05 40
4 0.4770651138129134 17914 0.05 40
5 0.43943195401756857 21427 0.05 40
6 0.4043433605510431 24923 0.05 40
7 0.38157853051765817 28403 0.05 40
8 0.3637779132097835 31871 0.05 40
9 0.3440919796437904 35318 0.05 40
10 0.3242442029901997 38749 0.05 40
11 0.30791232688842296 42162 0.05 40
12 0.29582661648256064 45564 0.05 40
13 0.286992572280057 48948 0.05 40
14 0.2803090769331183 52326 0.05 40
15 0.27492335791723954 55688 0.05 40
16 0.2702388838536643 59040 0.05 40
17 0.2659118187653567 62383 0.05 40
18 0.2617872078662474 65717 0.05 40
19 0.2578011048137171 69048 0.05 40
20 0.2539128230698813 72366 0.05 40
21 0.2500867639684793 75675 0.05 40
22 0.24629629412014242 78978 0.05 40
23 0.24252500200371768 82274 0.05 40
24 0.238765313004754 85564 0.05 40
25 0.23502083598564644 88848 0.05 40
26 0.231307945665817 92125 0.05 40
27 0.22765033824715153 95397 0.05 40
28 0.22407094514601852 98663 0.05 40
29 0.22058786701338598 101926 0.05 40
30 0.21721399003584704 105183 0.05 40
31 0.2139575986055304 108437 0.05 40
32 0.21082312584767263 111686 0.05 40
33 0.20781203415592894 114931 0.05 40
34 0.20492365185997624 118174 0.05 40
35 0.20215581296003443 121413 0.05 40
36 0.199505408599744 124648 0.05 40
37 0.19696901212068807 127881 0.05 40
38 0.1945434949276342 131111 0.05 40
39 0.19222634614705417 134341 0.05 40
40 0.19001548275484126 137567 0.05 40
41 0.1879086125557431 140792 0.05 40
42 0.18590248535639198 144015 0.05 40
43 0.18399243488596112 147239 0.05 40
44 0.18217241910180879 150463 0.05 40
45 0.18043546645814454 153682 0.05 40
46 0.17877424249835722 156901 0.05 40
47 0.17718149307850561 160119 0.05 40
48 0.17565032566153468 163338 0.05 40
49 0.17417442174828485 166561 0.05 40
50 0.17274824145852474 169779 0.05 40
51 0.17136720574966657 172996 0.05 40
52 0.17002782238873412 176213 0.05 40
53 0.16872773685245637 179430 0.05 40
54 0.16746568455260674 182647 0.05 40
55 0.16624129813660976 185869 0.05 40
56 0.16505473298762777 189086 0.05 40
57 0.16390615040671666 192303 0.05 40
58 0.1627952044744599 195521 0.05 40
59 0.1617207116043096 198738 0.05 40
60 0.160680579001487 201957 0.05 40
61 0.15967190710440834 205180 0.05 40
62 0.15869110649357432 208398 0.05 40
63 0.15773393216075998 211618 0.05 40
64 0.1567954656426051 214838 0.05 40
65 0.15587017413137522 218058 0.05 40
66 0.15495218622001208 221278 0.05 40
67 0.1540358265971043 224503 0.05 40
68 0.15311629393404505 227725 0.05 40
69 0.15219025702852573 230946 0.05 40
70 0.15125616311436899 234168 0.05 40
71 0.1503141844392062 237391 0.05 40
72 0.14936590110280273 240616 0.05 40
73 0.14841393849041792 243842 0.05 40
74 0.14746176336955688 247067 0.05 40
75 0.14651368315795096 250293 0.05 40
76 0.1455748980770755 253519 0.05 40
77 0.1446513724614485 256747 0.05 40
78 0.14374936213460954 259976 0.05 40
79 0.142874624583418 263205 0.05 40
80 0.14203160785108368 266435 0.05 40
81 0.14122306566704254 269666 0.05 40
82 0.1404503064690311 272898 0.05 40
83 0.13971382555146744 276131 0.05 40
84 0.1390138500944564 279364 0.05 40
85 0.13835044516354686 282598 0.05 40
86 0.13772312603421275 285832 0.05 40
87 0.1371302221402291 289069 0.05 40
88 0.13656837750416823 292305 0.05 40
89 0.13603254791531932 295542 0.05 40
90 0.13551671420775033 298781 0.05 40
91 0.13501521118237925 302020 0.05 40
92 0.13452408752658804 305261 0.05 40
93 0.1340416394233828 308501 0.05 40
94 0.13356784434134059 311743 0.05 40
95 0.13310341855838098 314985 0.05 40
96 0.1326489468805727 318239 0.05 40
97 0.13220380279056757 321487 0.05 40
98 0.13176524704291778 324731 0.05 40
99 0.1313289121513357 327975 0.05 40
