0 0.9316189814223864 5373 0.07 60
1 0.5711641333481096 10728 0.07 60
2 0.3912521420469288 16025 0.07 60
3 0.31865002144060955 21279 0.07 60
4 0.2843734839391946 26505 0.07 60
5 0.26522764494629913 31708 0.07 60
6 0.25289377103090094 36894 0.07 60
7 0.2442038229031569 42088 0.07 60
8 0.23715646034679722 47244 0.07 60
9 0.23081510990825257 52387 0.07 60
10 0.2249671457830258 57517 0.07 60
11 0.2196159693836243 62637 0.07 60
12 0.21470161418073297 67745 0.07 60
13 0.21008454164451468 72842 0.07 60
14 0.20562822274644504 77923 0.07 60
15 0.20126053408527753 82992 0.07 60
16 0.19698891120062967 88053 0.07 60
17 0.19287621450504178 93099 0.07 60
18 0.18899588408506662 98136 0.07 60
19 0.18539466253091705 103161 0.07 60
20 0.1820809975110779 108175 0.07 60
21 0.17903412297023594 113180 0.07 60
22 0.17621750276934325 118175 0.07 60
23 0.17358727009264682 123160 0.07 60
24 0.17109801522098356 128137 0.07 60
25 0.16871006825208776 133112 0.07 60
26 0.1663955298270609 138073 0.07 60
27 0.16413872528437215 143026 0.07 60
28 0.1619326769016269 147974 0.07 60
29 0.15977607525117085 152915 0.07 60
30 0.1576721278187441 157856 0.07 60
31 0.15562760582082458 162791 0.07 60
32 0.1536509321685643 167722 0.07 60
33 0.15174989593717722 172643 0.07 60
34 0.14993003649687467 177562 0.07 60
35 0.14819412676299254 182482 0.07 60
36 0.1465425233631171 187393 0.07 60
37 0.14497390654094977 192302 0.07 60
38 0.14348602394969798 197208 0.07 60
39 0.14207624857607826 202113 0.07 60
40 0.14074191800240715 207015 0.07 60
41 0.1394804995456907 211914 0.07 60
42 0.13828963800540267 216812 0.07 60
43 0.13716712397546021 221708 0.07 60
44 0.13611080206455506 226607 0.07 60
45 0.13511843466790138 231500 0.07 60
46 0.13418754461818438 236394 0.07 60
47 0.13331526732717344 241284 0.07 60
48 0.13249824288286374 246172 0.07 60
49 0.1317325720322001 251064 0.07 60
50 0.1310138500491918 255953 0.07 60
51 0.13033727991981348 260843 0.07 60
52 0.1296978516517873 265726 0.07 60
53 0.12909056060611934 270611 0.07 60
54 0.12851062858848145 275494 0.07 60
55 0.12795369068262863 280375 0.07 60
56 0.12741592037527982 285254 0.07 60
57 0.1268940834627376 290133 0.07 60
58 0.12638553067230365 295010 0.07 60
59 0.1258881512752868 299886 0.07 60
60 0.12540031078860525 304763 0.07 60
61 0.12492078784937038 309637 0.07 60
62 0.1244487154245988 314510 0.07 60
63 0.12398352539308194 319385 0.07 60
64 0.12352489459345928 324256 0.07 60
65 0.12307269249931255 329126 0.07 60
66 0.12262693275004215 333994 0.07 60
67 0.1221877311374268 338863 0.07 60
68 0.12175527139994635 343731 0.07 60
69 0.12132977839322452 348602 0.07 60
70 0.12091149696608627 353469 0.07 60
71 0.12050067466747658 358332 0.07 60
72 0.12009754707592442 363194 0.07 60
73 0.11970232553542816 368062 0.07 60
74 0.1193151878408944 372923 0.07 60
75 0.11893627263644686 377782 0.07 60
76 0.11856567798302832 382640 0.07 60
77 0.11820346394229168 387496 0.07 60
78 0.1178496583888265 392352 0.07 60
79 0.11750426481302907 397207 0.07 60
80 0.11716727071101465 402061 0.07 60
81 0.11683865527264056 406917 0.07 60
82 0.11651839540614317 411774 0.07 60
83 0.11620646958561921 416625 0.07 60
84 0.11590285948850895 421475 0.07 60
85 0.11560754983938394 426325 0.07 60
86 0.1153205272558185 431173 0.07 60
87 0.11504177918628063 436022 0.07 60
88 0.11477129423642579 440874 0.07 60
89 0.11450906530278712 445724 0.07 60
90 0.11425509697835093 450569 0.07 60
91 0.11400941866625469 455413 0.07 60
92 0.11377210470919046 460261 0.07 60
93 0.1135433024981494 465103 0.07 60
94 0.11332326868353247 469944 0.07 60
95 0.11311241179432324 474786 0.07 60
96 0.1129113362361597 479626 0.07 60
97 0.11272087762452969 484465 0.07 60
98 0.11254211368134676 489303 0.07 60
99 0.11237633136517496 494139 0.07 60
