0 0.8658177438279804 3613 0.09 40
1 0.532011999192017 7180 0.09 40
2 0.43086525044000445 10681 0.09 40
3 0.37389053869397126 14143 0.09 40
4 0.33347969962649193 17567 0.09 40
5 0.3081462909053641 20957 0.09 40
6 0.29026145913801843 24320 0.09 40
7 0.27562858059869855 27664 0.09 40
8 0.26198541748853504 30987 0.09 40
9 0.24865317774822124 34294 0.09 40
10 0.23619710646586167 37588 0.09 40
11 0.22523651169602518 40870 0.09 40
12 0.21589327653630305 44141 0.09 40
13 0.20797865980185737 47404 0.09 40
14 0.20123579097634328 50666 0.09 40
15 0.1954431861968728 53917 0.09 40
16 0.19043348748567637 57163 0.09 40
17 0.18607808865235023 60409 0.09 40
18 0.18226991765620723 63646 0.09 40
19 0.1789155189207135 66880 0.09 40
20 0.1759337048315422 70111 0.09 40
21 0.17325539933637038 73340 0.09 40
22 0.1708222166235311 76566 0.09 40
23 0.16858422231774148 79792 0.09 40
24 0.1664974302546409 83013 0.09 40
25 0.16452162867511932 86233 0.09 40
26 0.16261974486045744 89450 0.09 40
27 0.16075917892616445 92665 0.09 40
28 0.15891410298061032 95877 0.09 40
29 0.15706707870775183 99088 0.09 40
30 0.15520897264447875 102299 0.09 40
31 0.15333738233822997 105506 0.09 40
32 0.15145451327956985 108712 0.09 40
33 0.14956527854761353 111917 0.09 40
34 0.14767584903303974 115121 0.09 40
35 0.14579260225917695 118324 0.09 40
36 0.1439215347266536 121525 0.09 40
37 0.14206834144398492 124726 0.09 40
38 0.1402391719097749 127925 0.09 40
39 0.13844166134110006 131124 0.09 40
40 0.13668560599288834 134324 0.09 40
41 0.13498271959730399 137521 0.09 40
42 0.1333450471275684 140718 0.09 40
43 0.13178192527006866 143915 0.09 40
44 0.13029660238834678 147118 0.09 40
45 0.1288851221738663 150315 0.09 40
46 0.12753891877996984 153517 0.09 40
47 0.1262495417863437 156716 0.09 40
48 0.1250126086005059 159912 0.09 40
49 0.12382900681333024 163110 0.09 40
50 0.12270342813977991 166307 0.09 40
51 0.12164167817207443 169503 0.09 40
52 0.12064830094951162 172702 0.09 40
53 0.11972553468589159 175903 0.09 40
54 0.11887359554209757 179101 0.09 40
55 0.11809145027060074 182298 0.09 40
56 0.11737739132714393 185494 0.09 40
57 0.1167293084740751 188690 0.09 40
58 0.11614484047314305 191889 0.09 40
59 0.11562159072204281 195086 0.09 40
60 0.1151574936673305 198283 0.09 40
61 0.11475131642912137 201479 0.09 40
62 0.11440318335351601 204675 0.09 40
63 0.11411490345337953 207870 0.09 40
64 0.11388987396035895 211068 0.09 40
65 0.11373273604294767 214262 0.09 40
66 0.11364959297093348 217456 0.09 40
67 0.11364894605856578 220650 0.09 40
68 0.1137414793478862 223848 0.09 40
69 0.11393718198325824 227042 0.09 40
70 0.11424238387122848 230237 0.09 40
71 0.11466029947068758 233429 0.09 40
72 0.11519078785354077 236620 0.09 40
73 0.11582019231647771 239811 0.09 40
74 0.11651014027767576 243002 0.09 40
75 0.11722969461798995 246192 0.09 40
76 0.11800973859112446 249382 0.09 40
77 0.1189078551425128 252573 0.09 40
78 0.11994359091803554 255766 0.09 40
79 0.12114968504067239 258958 0.09 40
80 0.12244874985185435 262150 0.09 40
81 0.12336211152015689 265343 0.09 40
82 0.12359428040972352 268538 0.09 40
83 0.12338361228456812 271733 0.09 40
84 0.12294063665293084 274928 0.09 40
85 0.12233699953776281 278125 0.09 40
86 0.12162560788912714 281322 0.09 40
87 0.12087037744012585 284521 0.09 40
88 0.12014185508752517 287720 0.09 40
89 0.11947104491905211 290919 0.09 40
90 0.11884737114349883 294119 0.09 40
91 0.11825055864463967 297319 0.09 40
92 0.11766904009452246 300520 0.09 40
93 0.11710001247175345 303723 0.09 40
94 0.11654513934423832 306925 0.09 40
95 0.11600783672422395 310127 0.09 40
96 0.1154920020039646 313329 0.09 40
97 0.11500137304402115 316534 0.09 40
98 0.1145391406950337 319738 0.09 40
99 0.1141076412684612 322944 0.09 40
