0 0.6374079802605656 21215 0.09 240 0.09 240
1 0.3295247012772978 42304 0.09 240 0.09 240
2 0.26103402884246896 63306 0.09 240 0.09 240
3 0.2336794726805977 84237 0.09 240 0.09 240
4 0.21652544863256948 105105 0.09 240 0.09 240
5 0.20370099346853351 125906 0.09 240 0.09 240
6 0.1939045016029423 146647 0.09 240 0.09 240
7 0.18629838989612735 167333 0.09 240 0.09 240
8 0.18029205061569997 187966 0.09 240 0.09 240
9 0.1755102714280393 208545 0.09 240 0.09 240
10 0.17169430834899505 229082 0.09 240 0.09 240
11 0.1686284965440327 249561 0.09 240 0.09 240
12 0.16611982250813234 269992 0.09 240 0.09 240
13 0.1639967375863416 290378 0.09 240 0.09 240
14 0.1621111340661844 310717 0.09 240 0.09 240
15 0.16034599900223429 331022 0.09 240 0.09 240
16 0.15862618145181154 351277 0.09 240 0.09 240
17 0.15692260942888103 371493 0.09 240 0.09 240
18 0.1552445804472253 391686 0.09 240 0.09 240
19 0.1536238311171119 411829 0.09 240 0.09 240
20 0.15209874547733784 431934 0.09 240 0.09 240
21 0.15070351884041852 451993 0.09 240 0.09 240
22 0.1494616239668809 472014 0.09 240 0.09 240
23 0.14838211274515414 492009 0.09 240 0.09 240
24 0.14745897898737917 511959 0.09 240 0.09 240
25 0.14667399275534815 531874 0.09 240 0.09 240
26 0.14600197152229902 551759 0.09 240 0.09 240
27 0.14541640825065813 571604 0.09 240 0.09 240
28 0.14489369452083095 591413 0.09 240 0.09 240
29 0.14441524919389262 611190 0.09 240 0.09 240
30 0.14396779489877176 630946 0.09 240 0.09 240
31 0.14354246182972177 650651 0.09 240 0.09 240
32 0.14313342759114908 670323 0.09 240 0.09 240
33 0.14273661711569932 689980 0.09 240 0.09 240
34 0.142348740093952 709589 0.09 240 0.09 240
35 0.14196673154604036 729167 0.09 240 0.09 240
36 0.14158753025699358 748715 0.09 240 0.09 240
37 0.14120807989180426 768236 0.09 240 0.09 240
38 0.14082544256273904 787729 0.09 240 0.09 240
39 0.14043694487041716 807201 0.09 240 0.09 240
40 0.1400403093028441 826640 0.09 240 0.09 240
41 0.1396337472422809 846055 0.09 240 0.09 240
42 0.1392160030210558 865441 0.09 240 0.09 240
43 0.1387863472281327 884804 0.09 240 0.09 240
44 0.13834452650851783 904141 0.09 240 0.09 240
45 0.1378906861305172 923452 0.09 240 0.09 240
46 0.13742528654793937 942743 0.09 240 0.09 240
47 0.13694903257465024 962010 0.09 240 0.09 240
48 0.1364628244022861 981257 0.09 240 0.09 240
49 0.13596772844621796 1000484 0.09 240 0.09 240
50 0.13546495845214723 1019698 0.09 240 0.09 240
51 0.1349558560317836 1038886 0.09 240 0.09 240
52 0.13444186354172047 1058054 0.09 240 0.09 240
53 0.133924487658108 1077206 0.09 240 0.09 240
54 0.1334052563133871 1096341 0.09 240 0.09 240
55 0.13288567371428567 1115460 0.09 240 0.09 240
56 0.13236717802548933 1134562 0.09 240 0.09 240
57 0.1318511044379244 1153648 0.09 240 0.09 240
58 0.1313386534997429 1172716 0.09 240 0.09 240
59 0.13083086203914576 1191769 0.09 240 0.09 240
60 0.13032857309446508 1210825 0.09 240 0.09 240
61 0.12983240257858855 1229845 0.09 240 0.09 240
62 0.1293427034940132 1248851 0.09 240 0.09 240
63 0.128859532258614 1267842 0.09 240 0.09 240
64 0.1283826247766847 1286820 0.09 240 0.09 240
65 0.12791139112376393 1305783 0.09 240 0.09 240
66 0.12744493639962287 1324734 0.09 240 0.09 240
67 0.1269821114642177 1343673 0.09 240 0.09 240
68 0.1265215917584888 1362597 0.09 240 0.09 240
69 0.12606197672958888 1381509 0.09 240 0.09 240
70 0.12560189821628212 1400418 0.09 240 0.09 240
71 0.1251401247420806 1419307 0.09 240 0.09 240
72 0.12467565027646539 1438187 0.09 240 0.09 240
73 0.12420775986010646 1457055 0.09 240 0.09 240
74 0.12373606912217157 1475912 0.09 240 0.09 240
75 0.12326053878028871 1494766 0.09 240 0.09 240
76 0.1227814679029981 1513603 0.09 240 0.09 240
77 0.12229947087905213 1532427 0.09 240 0.09 240
78 0.121815442965686 1551242 0.09 240 0.09 240
79 0.12133051844330656 1570051 0.09 240 0.09 240
80 0.12084602425652631 1588843 0.09 240 0.09 240
81 0.1203634309611658 1607625 0.09 240 0.09 240
82 0.11988430208496514 1626399 0.09 240 0.09 240
83 0.11941024274868413 1645163 0.09 240 0.09 240
84 0.11894284853129856 1663917 0.09 240 0.09 240
85 0.11848365593553527 1682662 0.09 240 0.09 240
86 0.11803409621214515 1701398 0.09 240 0.09 240
87 0.11759545454409524 1720128 0.09 240 0.09 240
88 0.11716883654702911 1738850 0.09 240 0.09 240
89 0.1167551436727792 1757564 0.09 240 0.09 240
90 0.11635505846960942 1776270 0.09 240 0.09 240
91 0.11596903988502648 1794966 0.09 240 0.09 240
92 0.11559732803540704 1813656 0.09 240 0.09 240
93 0.11523995721838849 1832344 0.09 240 0.09 240
94 0.11489677546866515 1851020 0.09 240 0.09 240
95 0.11456746868014754 1869681 0.09 240 0.09 240
96 0.11425158724276974 1888335 0.09 240 0.09 240
97 0.11394857326214371 1906982 0.09 240 0.09 240
98 0.11365778671907206 1925630 0.09 240 0.09 240
99 0.11337852933788715 1944261 0.09 240 0.09 240
