0 0.8502203061721939 10665 0.08 120
1 0.48458679471359145 21282 0.08 120
2 0.34223080151279206 31840 0.08 120
3 0.28659212081371516 42340 0.08 120
4 0.2522893912627424 52795 0.08 120
5 0.23035452927544522 63208 0.08 120
6 0.2161007627514372 73592 0.08 120
7 0.20607707931280175 83941 0.08 120
8 0.1985735343377257 94261 0.08 120
9 0.1926433503105546 104575 0.08 120
10 0.18770221027618111 114844 0.08 120
11 0.1834014507363 125105 0.08 120
12 0.1795538031244696 135328 0.08 120
13 0.1760648158636837 145529 0.08 120
14 0.17288098095043927 155710 0.08 120
15 0.16996121340597042 165870 0.08 120
16 0.1672673366671082 176016 0.08 120
17 0.16476506378460407 186138 0.08 120
18 0.16242721433969712 196241 0.08 120
19 0.1602345846469241 206332 0.08 120
20 0.1581739833714404 216401 0.08 120
21 0.15623530093910445 226452 0.08 120
22 0.15440943365705817 236490 0.08 120
23 0.15268749310025342 246511 0.08 120
24 0.15106076059072185 256533 0.08 120
25 0.14952085349783137 266527 0.08 120
26 0.14805989707367367 276525 0.08 120
27 0.14667064200449179 286491 0.08 120
28 0.14534649901805058 296445 0.08 120
29 0.14408149950258098 306424 0.08 120
30 0.14287022601314153 316359 0.08 120
31 0.14170776226524584 326277 0.08 120
32 0.14058969274624092 336184 0.08 120
33 0.13951215240226986 346081 0.08 120
34 0.1384718987886518 355971 0.08 120
35 0.137466362742312 365846 0.08 120
36 0.13649363725425587 375712 0.08 120
37 0.13555238724780944 385572 0.08 120
38 0.13464169328904002 395418 0.08 120
39 0.13376086376723892 405260 0.08 120
40 0.1329092541811962 415094 0.08 120
41 0.1320861220895738 424916 0.08 120
42 0.13129053146385192 434731 0.08 120
43 0.1305213080826317 444539 0.08 120
44 0.12977704060640832 454344 0.08 120
45 0.12905611909258574 464142 0.08 120
46 0.12835680191977097 473928 0.08 120
47 0.1276773014986107 483710 0.08 120
48 0.12701587784954715 493485 0.08 120
49 0.12637092769985425 503254 0.08 120
50 0.12574105666488886 513024 0.08 120
51 0.12512512445443488 522782 0.08 120
52 0.1245222578902329 532534 0.08 120
53 0.12393183278984503 542280 0.08 120
54 0.12335343182331415 552028 0.08 120
55 0.12278678955733592 561767 0.08 120
56 0.12223173684445801 571500 0.08 120
57 0.12168815437113188 581231 0.08 120
58 0.1211559407409251 590957 0.08 120
59 0.12063499586542455 600678 0.08 120
60 0.120125217194178 610396 0.08 120
61 0.11962650485104089 620107 0.08 120
62 0.11913877165320963 629816 0.08 120
63 0.11866195471893734 639522 0.08 120
64 0.1181960264610287 649231 0.08 120
65 0.1177410038036776 658930 0.08 120
66 0.11729695516373301 668630 0.08 120
67 0.11686400505295808 678328 0.08 120
68 0.11644233621087664 688018 0.08 120
69 0.11603218911701792 697707 0.08 120
70 0.11563385863731825 707393 0.08 120
71 0.11524768745204621 717074 0.08 120
72 0.11487405579600615 726752 0.08 120
73 0.1145133669392547 736429 0.08 120
74 0.1141660278095433 746108 0.08 120
75 0.11383242431446808 755779 0.08 120
76 0.11351289140923847 765448 0.08 120
77 0.11320767891989082 775116 0.08 120
78 0.11291691563056615 784795 0.08 120
79 0.11264057604704074 794456 0.08 120
80 0.11237845618226369 804114 0.08 120
81 0.11213016610993941 813770 0.08 120
82 0.11189514729126275 823426 0.08 120
83 0.11167272129378576 833077 0.08 120
84 0.11146217326163725 842732 0.08 120
85 0.11126286857502889 852380 0.08 120
86 0.11107439488989052 862032 0.08 120
87 0.11089671344673116 871678 0.08 120
88 0.1107302905400919 881320 0.08 120
89 0.11057616028191868 890959 0.08 120
90 0.11043584967184467 900597 0.08 120
91 0.1103110998652466 910234 0.08 120
92 0.11020337516941624 919867 0.08 120
93 0.11011326241324022 929499 0.08 120
94 0.11003995666951925 939134 0.08 120
95 0.10998101776246644 948762 0.08 120
96 0.10993247582231706 958391 0.08 120
97 0.10988925549623123 968017 0.08 120
98 0.10984582234014706 977639 0.08 120
99 0.10979692098663746 987260 0.08 120
