0 0.9563331049756295 15952 0.02 180
1 0.9477256881123116 31884 0.02 180
2 0.9193771918973433 47816 0.02 180
3 0.8660262189623696 63806 0.02 180
4 0.7755438339314978 79848 0.02 180
5 0.6773061028361635 95895 0.02 180
6 0.5808470871487428 111938 0.02 180
7 0.5014460978965529 127965 0.02 180
8 0.44508680490832186 143981 0.02 180
9 0.40503113299797927 159980 0.02 180
10 0.37577314532260603 175969 0.02 180
11 0.35442520784590836 191948 0.02 180
12 0.3385737220809142 207912 0.02 180
13 0.3259785551852894 223865 0.02 180
14 0.3151794352482788 239810 0.02 180
15 0.305438141506613 255741 0.02 180
16 0.2964326365045127 271664 0.02 180
17 0.28806014487620446 287584 0.02 180
18 0.2803331800033353 303489 0.02 180
19 0.27330956326693434 319387 0.02 180
20 0.2670341354420748 335279 0.02 180
21 0.2615022979859727 351160 0.02 180
22 0.2566567838751249 367033 0.02 180
23 0.2524058912625624 382903 0.02 180
24 0.24864544002726255 398763 0.02 180
25 0.24527546706646658 414616 0.02 180
26 0.24220964595977237 430466 0.02 180
27 0.23937840475321182 446307 0.02 180
28 0.2367276445278301 462145 0.02 180
29 0.23421504568674462 477976 0.02 180
30 0.2318057903150595 493814 0.02 180
31 0.22946920378140012 509635 0.02 180
32 0.22717722673581792 525447 0.02 180
33 0.22490485821298872 541255 0.02 180
34 0.22263198585535107 557057 0.02 180
35 0.22034556353076548 572850 0.02 180
36 0.21804107269560802 588639 0.02 180
37 0.21572259053367873 604427 0.02 180
38 0.21340136668854026 620203 0.02 180
39 0.21109330611291116 635975 0.02 180
40 0.20881600550626622 651744 0.02 180
41 0.20658601429564644 667505 0.02 180
42 0.2044168497749321 683261 0.02 180
43 0.20231800292979235 699016 0.02 180
44 0.20029483845982302 714761 0.02 180
45 0.19834910557032223 730502 0.02 180
46 0.19647976094154845 746241 0.02 180
47 0.19468386296988183 761971 0.02 180
48 0.1929573707902452 777697 0.02 180
49 0.19129576171143195 793425 0.02 180
50 0.18969445234330803 809141 0.02 180
51 0.18814905520987457 824857 0.02 180
52 0.1866555194366618 840563 0.02 180
53 0.18521019945705156 856264 0.02 180
54 0.18380988214404187 871963 0.02 180
55 0.18245178961315264 887654 0.02 180
56 0.18113356600389308 903341 0.02 180
57 0.17985325188728765 919029 0.02 180
58 0.178609248193213 934707 0.02 180
59 0.17740027133892372 950380 0.02 180
60 0.17622530164197922 966052 0.02 180
61 0.17508352757784656 981715 0.02 180
62 0.1739742887183689 997374 0.02 180
63 0.1728970201712207 1013031 0.02 180
64 0.1718512010694168 1028680 0.02 180
65 0.17083630923028556 1044324 0.02 180
66 0.1698517836048791 1059968 0.02 180
67 0.16889699562354155 1075603 0.02 180
68 0.16797123003529335 1091233 0.02 180
69 0.16707367535621165 1106859 0.02 180
70 0.16620342359240803 1122479 0.02 180
71 0.16535947845221183 1138097 0.02 180
72 0.1645407707370803 1153707 0.02 180
73 0.16374617898369317 1169524 0.02 180
74 0.16297455286958856 1185128 0.02 180
75 0.16222473667359613 1200723 0.02 180
76 0.16149559040281514 1216313 0.02 180
77 0.16078600699804974 1231904 0.02 180
78 0.1600949250193418 1247485 0.02 180
79 0.159421337071264 1263061 0.02 180
80 0.15876429476399276 1278638 0.02 180
81 0.15812291119337754 1294207 0.02 180
82 0.15749636183969468 1309770 0.02 180
83 0.15688388454615695 1325328 0.02 180
84 0.15628477895203 1340887 0.02 180
85 0.15569840550045316 1356436 0.02 180
86 0.15512418396369065 1371982 0.02 180
87 0.15456159134410377 1387529 0.02 180
88 0.15401015900999757 1403067 0.02 180
89 0.15346946898917677 1418603 0.02 180
90 0.15293914944065287 1434138 0.02 180
91 0.15241886942842828 1449670 0.02 180
92 0.15190833320796585 1465196 0.02 180
93 0.15140727429154227 1480724 0.02 180
94 0.15091544957738995 1496241 0.02 180
95 0.1504326338112297 1511763 0.02 180
96 0.14995861460465848 1527273 0.02 180
97 0.14949318817310156 1542783 0.02 180
98 0.14903615588722513 1558290 0.02 180
99 0.14858732166522845 1573790 0.02 180
