0 0.9401065232045324 12531 0.06 140
1 0.6322156875293362 25047 0.06 140
2 0.4329291986604561 37514 0.06 140
3 0.34313203519083024 49939 0.06 140
4 0.28827032283564674 62330 0.06 140
5 0.2559885187513633 74696 0.06 140
6 0.23756296339767174 87037 0.06 140
7 0.22467611374181157 99354 0.06 140
8 0.21414039837721713 111652 0.06 140
9 0.20513901667407078 123932 0.06 140
10 0.19744051112212538 136193 0.06 140
11 0.19089736774992663 148441 0.06 140
12 0.1853687133700985 160666 0.06 140
13 0.1807254052480756 172880 0.06 140
14 0.17684968071098428 185075 0.06 140
15 0.1736300788347583 197254 0.06 140
16 0.17096141681972166 209419 0.06 140
17 0.1687492167337662 221574 0.06 140
18 0.1669133441978335 233716 0.06 140
19 0.16538812274128095 245845 0.06 140
20 0.1641196979323044 257960 0.06 140
21 0.1630625893360582 270064 0.06 140
22 0.1621767943425316 282156 0.06 140
23 0.16142591634182207 294241 0.06 140
24 0.16077623436728938 306310 0.06 140
25 0.1601964297071044 318373 0.06 140
26 0.15965765765337325 330420 0.06 140
27 0.1591336952621715 342457 0.06 140
28 0.15860101740630903 354485 0.06 140
29 0.15803885679469143 366518 0.06 140
30 0.15742949587050983 378526 0.06 140
31 0.15675905497124104 390521 0.06 140
32 0.15601877847218765 402505 0.06 140
33 0.15520637747302646 414481 0.06 140
34 0.1543266684243572 426446 0.06 140
35 0.15339085853112536 438405 0.06 140
36 0.15241439019535627 450349 0.06 140
37 0.151413934215405 462289 0.06 140
38 0.15040449112904522 474215 0.06 140
39 0.14939743020667728 486131 0.06 140
40 0.14839981152449697 498038 0.06 140
41 0.1474148268410139 509948 0.06 140
42 0.1464429094394864 521841 0.06 140
43 0.14548303739391497 533720 0.06 140
44 0.1445338821136486 545593 0.06 140
45 0.14359462001781662 557456 0.06 140
46 0.1426653650879515 569310 0.06 140
47 0.14174726699750945 581161 0.06 140
48 0.14084235027220135 592997 0.06 140
49 0.1399531663924808 604831 0.06 140
50 0.1390823309669638 616651 0.06 140
51 0.13823204393587094 628463 0.06 140
52 0.13740372021352118 640270 0.06 140
53 0.1365978427857937 652067 0.06 140
54 0.13581407082361863 663861 0.06 140
55 0.13505153222151292 675642 0.06 140
56 0.13430916755267863 687415 0.06 140
57 0.13358600105965257 699182 0.06 140
58 0.1328812738612219 710941 0.06 140
59 0.13219444294298072 722697 0.06 140
60 0.1315250948390153 734441 0.06 140
61 0.13087283530802168 746183 0.06 140
62 0.1302372030989623 757914 0.06 140
63 0.12961763148443534 769637 0.06 140
64 0.12901345826178479 781358 0.06 140
65 0.1284239700758507 793069 0.06 140
66 0.12784846136821496 804777 0.06 140
67 0.12728629006283018 816475 0.06 140
68 0.12673691815215346 828167 0.06 140
69 0.12619993248076294 839855 0.06 140
70 0.12567504683577785 851537 0.06 140
71 0.1251620898724209 863217 0.06 140
72 0.1246609845578284 874887 0.06 140
73 0.12417172437651137 886556 0.06 140
74 0.12369435012419809 898215 0.06 140
75 0.12322892912973032 909869 0.06 140
76 0.12277553653858288 921522 0.06 140
77 0.12233423633993828 933166 0.06 140
78 0.1219050587678333 944808 0.06 140
79 0.121487971279589 956441 0.06 140
80 0.12108284303356505 968070 0.06 140
81 0.12068940746116713 979695 0.06 140
82 0.12030723274148318 991313 0.06 140
83 0.11993571313795492 1002932 0.06 140
84 0.11957409236252599 1014542 0.06 140
85 0.11922152188769079 1026153 0.06 140
86 0.11887714404723969 1037753 0.06 140
87 0.11854017698314173 1049350 0.06 140
88 0.11820997237472207 1060947 0.06 140
89 0.11788602119699981 1072541 0.06 140
90 0.11756789667386182 1084225 0.06 140
91 0.11725514313820383 1095804 0.06 140
92 0.11694714015380521 1107378 0.06 140
93 0.11664298883377355 1118948 0.06 140
94 0.11634147711668143 1130515 0.06 140
95 0.11604117627165925 1142082 0.06 140
96 0.1157406932645398 1153639 0.06 140
97 0.11543904570855017 1165197 0.06 140
98 0.11513604614142846 1176747 0.06 140
99 0.11483252135457632 1188294 0.06 140
