0 0.9334002974781582 14254 0.06 160
1 0.566994407954535 28529 0.06 160
2 0.3667689714141057 42757 0.06 160
3 0.29730171080733414 56940 0.06 160
4 0.26334005718593995 71090 0.06 160
5 0.2431811415414967 85207 0.06 160
6 0.23020330881105605 99304 0.06 160
7 0.22127219563877643 113375 0.06 160
8 0.2146834434148107 127425 0.06 160
9 0.20947164834831794 141455 0.06 160
10 0.2050412195584684 155468 0.06 160
11 0.20100011924615424 169462 0.06 160
12 0.1971026632848794 183439 0.06 160
13 0.19322566137967415 197401 0.06 160
14 0.18934377123508112 211344 0.06 160
15 0.18549697417188798 225273 0.06 160
16 0.18175465124156753 239182 0.06 160
17 0.1781849994395878 253078 0.06 160
18 0.17483688379693277 266971 0.06 160
19 0.17173514385375202 280833 0.06 160
20 0.16888462049390474 294678 0.06 160
21 0.16627681675152317 308511 0.06 160
22 0.16389557108659594 322325 0.06 160
23 0.16172094806930215 336125 0.06 160
24 0.1597317807181716 349910 0.06 160
25 0.15790737858542528 363680 0.06 160
26 0.1562286973908839 377439 0.06 160
27 0.15467907323337823 391181 0.06 160
28 0.15324455171374438 404912 0.06 160
29 0.15191387100808526 418626 0.06 160
30 0.1506782026022689 432332 0.06 160
31 0.14953076042473937 446030 0.06 160
32 0.14846636287120019 459708 0.06 160
33 0.14748099933445163 473382 0.06 160
34 0.1465714295738752 487035 0.06 160
35 0.145734831462793 500673 0.06 160
36 0.14496850528793248 514304 0.06 160
37 0.14426963721689118 527919 0.06 160
38 0.14363511989690858 541524 0.06 160
39 0.14306142474087125 555118 0.06 160
40 0.1425445185518887 568704 0.06 160
41 0.14207981656549118 582275 0.06 160
42 0.14166216448055916 595837 0.06 160
43 0.14128584360470525 609390 0.06 160
44 0.1409445960198378 622931 0.06 160
45 0.14063167054979814 636465 0.06 160
46 0.14033989456991214 649987 0.06 160
47 0.1400617801057503 663503 0.06 160
48 0.13978967363362285 677025 0.06 160
49 0.1395159558204591 690521 0.06 160
50 0.13923328913492203 704004 0.06 160
51 0.13893489882317303 717482 0.06 160
52 0.13861485979298444 730948 0.06 160
53 0.138268353684803 744407 0.06 160
54 0.13789186112783364 757859 0.06 160
55 0.13748326486182602 771302 0.06 160
56 0.13704185689265408 784737 0.06 160
57 0.13656826115669907 798170 0.06 160
58 0.1360642961062085 811593 0.06 160
59 0.13553280536979523 825116 0.06 160
60 0.13497747915672717 838527 0.06 160
61 0.13440267781448695 851926 0.06 160
62 0.1338132572725435 865323 0.06 160
63 0.13321438952516793 878716 0.06 160
64 0.13261137277795543 892096 0.06 160
65 0.1320094329897462 905467 0.06 160
66 0.13141352554073765 918842 0.06 160
67 0.13082814875873586 932198 0.06 160
68 0.1302571800876474 945552 0.06 160
69 0.12970374377918903 958899 0.06 160
70 0.1291701192687733 972241 0.06 160
71 0.12865770139932792 985577 0.06 160
72 0.12816702268026567 998907 0.06 160
73 0.12769783966465134 1012232 0.06 160
74 0.127249272221183 1025660 0.06 160
75 0.12681997305833853 1039012 0.06 160
76 0.12640830106216175 1052323 0.06 160
77 0.12601247621428702 1065632 0.06 160
78 0.12563070269843002 1078948 0.06 160
79 0.12526125634081478 1092247 0.06 160
80 0.1249025399441326 1105538 0.06 160
81 0.12455311411686348 1118827 0.06 160
82 0.12421171201870464 1132108 0.06 160
83 0.12387724503843402 1145384 0.06 160
84 0.1235488040138961 1158667 0.06 160
85 0.12322565819436095 1171935 0.06 160
86 0.12290725233372474 1185198 0.06 160
87 0.12259320130600301 1198456 0.06 160
88 0.12228328139077929 1211714 0.06 160
89 0.12197741766950215 1224965 0.06 160
90 0.12167566753917634 1238214 0.06 160
91 0.12137820095247531 1251457 0.06 160
92 0.12108527846775477 1264700 0.06 160
93 0.12079722845683231 1277984 0.06 160
94 0.1205144248615168 1291217 0.06 160
95 0.12023726674848449 1304443 0.06 160
96 0.1199661606455955 1317666 0.06 160
97 0.11970150631386113 1330882 0.06 160
98 0.11944368627134569 1344095 0.06 160
99 0.11919305907729763 1357304 0.06 160
