0 0.9553411553180188 7134 0.03 80
1 0.9448828291845551 14261 0.03 80
2 0.8806405894327097 21387 0.03 80
3 0.7350703347351114 28507 0.03 80
4 0.5970653197696607 35612 0.03 80
5 0.5085761901078589 42692 0.03 80
6 0.4502719634418153 49752 0.03 80
7 0.40961859877350026 56797 0.03 80
8 0.3808681355489219 63828 0.03 80
9 0.3587468766885061 70871 0.03 80
10 0.34033816526967264 77873 0.03 80
11 0.32477733763529343 84867 0.03 80
12 0.3117689081907683 91844 0.03 80
13 0.3008939742698161 98809 0.03 80
14 0.2916100243032556 105763 0.03 80
15 0.2834509707950403 112706 0.03 80
16 0.27611000046835604 119643 0.03 80
17 0.2694343066115436 126567 0.03 80
18 0.26335827007632834 133482 0.03 80
19 0.2578217563205801 140387 0.03 80
20 0.2527501056022935 147283 0.03 80
21 0.2480800317285747 154169 0.03 80
22 0.24376778536249036 161047 0.03 80
23 0.23977375917212002 167917 0.03 80
24 0.23604959358846006 174781 0.03 80
25 0.23253849191279097 181634 0.03 80
26 0.22918457829695307 188483 0.03 80
27 0.2259438227528819 195325 0.03 80
28 0.22279081589915292 202155 0.03 80
29 0.2197192045966391 208980 0.03 80
30 0.21673665258397587 215794 0.03 80
31 0.21385685061191728 222603 0.03 80
32 0.21109198997318795 229405 0.03 80
33 0.20844836689963012 236201 0.03 80
34 0.2059256052627545 242990 0.03 80
35 0.2035182643560673 249773 0.03 80
36 0.20121825969773013 256550 0.03 80
37 0.19901705594621402 263324 0.03 80
38 0.19690719622734618 270092 0.03 80
39 0.19488308341426833 276853 0.03 80
40 0.19294109576481985 283609 0.03 80
41 0.19107921456117455 290366 0.03 80
42 0.18929638652535427 297119 0.03 80
43 0.1875918268929056 303865 0.03 80
44 0.1859644019661184 310604 0.03 80
45 0.18441215239750067 317339 0.03 80
46 0.18293197203911676 324071 0.03 80
47 0.1815194540576237 330799 0.03 80
48 0.18016892780566524 337524 0.03 80
49 0.17887369461855562 344246 0.03 80
50 0.17762642136133375 350968 0.03 80
51 0.17641960928423223 357683 0.03 80
52 0.17524605943177862 364395 0.03 80
53 0.17409928690567975 371105 0.03 80
54 0.17297385416635871 377812 0.03 80
55 0.17186558919144757 384519 0.03 80
56 0.17077164938702166 391221 0.03 80
57 0.16969041022752007 397926 0.03 80
58 0.16862120840632583 404626 0.03 80
59 0.16756402964979855 411321 0.03 80
60 0.16651924675947596 418013 0.03 80
61 0.16548746082734248 424703 0.03 80
62 0.16446942680339652 431391 0.03 80
63 0.16346601491391186 438080 0.03 80
64 0.1624781754871669 444764 0.03 80
65 0.1615068999363352 451447 0.03 80
66 0.16055318143981295 458128 0.03 80
67 0.1596179774673874 464806 0.03 80
68 0.15870217312467047 471486 0.03 80
69 0.1578065448219214 478169 0.03 80
70 0.15693172661004254 484842 0.03 80
71 0.15607818285680308 491513 0.03 80
72 0.15524618983610514 498187 0.03 80
73 0.15443582767751834 504861 0.03 80
74 0.1536469851093631 511532 0.03 80
75 0.15287938178580804 518198 0.03 80
76 0.15213261388038524 524865 0.03 80
77 0.15140622558100197 531528 0.03 80
78 0.150699801706323 538190 0.03 80
79 0.15001306684988694 544851 0.03 80
80 0.14934596822913324 551511 0.03 80
81 0.14869871771738544 558172 0.03 80
82 0.1480717769941453 564829 0.03 80
83 0.14746578734663252 571486 0.03 80
84 0.14688146488088868 578141 0.03 80
85 0.14631949204605993 584795 0.03 80
86 0.1457804315429495 591448 0.03 80
87 0.1452646732133738 598102 0.03 80
88 0.14477240931914648 604755 0.03 80
89 0.144303627118967 611413 0.03 80
90 0.14385811042009397 618062 0.03 80
91 0.14343544855989432 624710 0.03 80
92 0.14303505606713415 631357 0.03 80
93 0.14265620600938977 638004 0.03 80
94 0.1422980756621231 644656 0.03 80
95 0.14195979835758524 651300 0.03 80
96 0.14164051395815785 657943 0.03 80
97 0.14133941323478827 664587 0.03 80
98 0.14105577580216544 671229 0.03 80
99 0.1407890033266017 677869 0.03 80
