0 0.9085065715800598 1859 0.1 20
1 0.5615666632779225 3676 0.1 20
2 0.45678631544048576 5441 0.1 20
3 0.3952213188144819 7180 0.1 20
4 0.35393979016902116 8900 0.1 20
5 0.326552511191093 10601 0.1 20
6 0.309290565162619 12286 0.1 20
7 0.2960501762743624 13958 0.1 20
8 0.28486359914166953 15618 0.1 20
9 0.27517841326358083 17268 0.1 20
10 0.26681704411433044 18911 0.1 20
11 0.25967952314211434 20547 0.1 20
12 0.25352543640712455 22177 0.1 20
13 0.24814450920138495 23801 0.1 20
14 0.2433373148572139 25421 0.1 20
15 0.23889009027101324 27035 0.1 20
16 0.2346636662684539 28646 0.1 20
17 0.23064323286075034 30255 0.1 20
18 0.22681886164348206 31859 0.1 20
19 0.22316067737298292 33462 0.1 20
20 0.2196602443704995 35062 0.1 20
21 0.21633629633247367 36659 0.1 20
22 0.21321337521547448 38255 0.1 20
23 0.2103066069748585 39849 0.1 20
24 0.20763191976141834 41440 0.1 20
25 0.2052092388044789 43029 0.1 20
26 0.20306173724050036 44617 0.1 20
27 0.20115068596453325 46202 0.1 20
28 0.1993760297810057 47785 0.1 20
29 0.19775227204914206 49365 0.1 20
30 0.19638344982369463 50951 0.1 20
31 0.19535579384114174 52528 0.1 20
32 0.19468873805103395 54103 0.1 20
33 0.19432046543163356 55675 0.1 20
34 0.19419044420460618 57246 0.1 20
35 0.194232880837286 58815 0.1 20
36 0.19437985658675364 60383 0.1 20
37 0.19459317982507152 61950 0.1 20
38 0.19486505513936334 63512 0.1 20
39 0.1951970208609931 65071 0.1 20
40 0.19559520702592845 66629 0.1 20
41 0.19606394663338714 68185 0.1 20
42 0.19660092210133967 69740 0.1 20
43 0.19719903626192592 71292 0.1 20
44 0.19783290486542043 72848 0.1 20
45 0.19845387446961296 74397 0.1 20
46 0.19902159590527196 75945 0.1 20
47 0.19953427813862235 77492 0.1 20
48 0.2000062896417579 79038 0.1 20
49 0.20041483018153333 80583 0.1 20
50 0.20071592537084484 82127 0.1 20
51 0.200897164051369 83675 0.1 20
52 0.20095319173006332 85216 0.1 20
53 0.20085283846980825 86757 0.1 20
54 0.20058514887873963 88297 0.1 20
55 0.20017887170398807 89836 0.1 20
56 0.19967240670464087 91374 0.1 20
57 0.19907932634257627 92912 0.1 20
58 0.19839191828795072 94450 0.1 20
59 0.19761479918588704 95986 0.1 20
60 0.19677560607546046 97522 0.1 20
61 0.19589533919522742 99057 0.1 20
62 0.1949561359289447 100592 0.1 20
63 0.19394002308100916 102125 0.1 20
64 0.1928572155005936 103658 0.1 20
65 0.19170633501132325 105190 0.1 20
66 0.19046626994222526 106722 0.1 20
67 0.18913992980775637 108253 0.1 20
68 0.18774713502318438 109794 0.1 20
69 0.18635510166627772 111328 0.1 20
70 0.18509675955823957 112857 0.1 20
71 0.18405829629195133 114385 0.1 20
72 0.1832268590658787 115913 0.1 20
73 0.18255558892689017 117440 0.1 20
74 0.18200012572481505 118966 0.1 20
75 0.1815197268846602 120492 0.1 20
76 0.18107901310317545 122018 0.1 20
77 0.1806564852326123 123542 0.1 20
78 0.18024519535335784 125066 0.1 20
79 0.17984749413821505 126590 0.1 20
80 0.17946915999939358 128112 0.1 20
81 0.1791157443215418 129634 0.1 20
82 0.1787912465218907 131155 0.1 20
83 0.17849835838743694 132675 0.1 20
84 0.17823981968698946 134195 0.1 20
85 0.17801977448825085 135714 0.1 20
86 0.17784365914846337 137232 0.1 20
87 0.177713417239818 138750 0.1 20
88 0.1776221350507729 140266 0.1 20
89 0.17755711134837485 141782 0.1 20
90 0.17750572568223388 143297 0.1 20
91 0.17745798272856092 144812 0.1 20
92 0.17740634060101385 146326 0.1 20
93 0.17734390407252956 147839 0.1 20
94 0.17726215960954564 149353 0.1 20
95 0.17715106879423215 150864 0.1 20
96 0.177001959534927 152375 0.1 20
97 0.17681070601711502 153886 0.1 20
98 0.17657914698084096 155396 0.1 20
99 0.17631460607891564 156905 0.1 20
