0 0.6677211039299604 8915 0.1 100
1 0.36284946931801093 17743 0.1 100
2 0.2835213368197428 26493 0.1 100
3 0.2489347859149518 35190 0.1 100
4 0.2289193082703674 43841 0.1 100
5 0.21517365150344722 52452 0.1 100
6 0.20475445583779342 61022 0.1 100
7 0.19670077352038517 69555 0.1 100
8 0.19042487814830392 78065 0.1 100
9 0.18541739529192955 86534 0.1 100
10 0.18129726313005629 94971 0.1 100
11 0.17782012231059663 103381 0.1 100
12 0.17483316784918632 111759 0.1 100
13 0.17222571172075296 120111 0.1 100
14 0.16989873707511766 128438 0.1 100
15 0.16775873896017182 136742 0.1 100
16 0.1657257248291322 145029 0.1 100
17 0.16374096522957513 153291 0.1 100
18 0.16176685488119383 161538 0.1 100
19 0.15977857592707176 169761 0.1 100
20 0.1577548335110524 177967 0.1 100
21 0.155675052041619 186157 0.1 100
22 0.15352340448594284 194330 0.1 100
23 0.15129444353986551 202492 0.1 100
24 0.1489957645787223 210638 0.1 100
25 0.14664681943303312 218771 0.1 100
26 0.14427525080647002 226893 0.1 100
27 0.14191230996088042 235006 0.1 100
28 0.139588487923544 243108 0.1 100
29 0.1373301727314589 251205 0.1 100
30 0.13515791617305215 259291 0.1 100
31 0.13308641030785592 267370 0.1 100
32 0.13112558873726854 275441 0.1 100
33 0.12928195238431853 283507 0.1 100
34 0.1275594779179681 291572 0.1 100
35 0.12596002061505437 299629 0.1 100
36 0.12448354973359349 307680 0.1 100
37 0.123128530363954 315727 0.1 100
38 0.12189239458925025 323782 0.1 100
39 0.12077180769238448 331821 0.1 100
40 0.11976257451549355 339861 0.1 100
41 0.11885931430889697 347892 0.1 100
42 0.1180551548308884 355919 0.1 100
43 0.11734161013872044 363944 0.1 100
44 0.11670866531092662 371965 0.1 100
45 0.11614503482641848 379987 0.1 100
46 0.11563859669252803 388004 0.1 100
47 0.11517705098216818 396019 0.1 100
48 0.11474882898367611 404032 0.1 100
49 0.1143441604259394 412049 0.1 100
50 0.11395606229511787 420058 0.1 100
51 0.113580984393759 428069 0.1 100
52 0.11321897153155284 436076 0.1 100
53 0.11287332379074105 444080 0.1 100
54 0.11254969272658494 452083 0.1 100
55 0.11225439337298874 460085 0.1 100
56 0.1119917729951667 468090 0.1 100
57 0.11176118956106212 476089 0.1 100
58 0.11155526807121605 484087 0.1 100
59 0.11136124078199669 492083 0.1 100
60 0.11116533560865528 500082 0.1 100
61 0.11095801716648968 508076 0.1 100
62 0.11073781230385665 516073 0.1 100
63 0.1105120881185271 524065 0.1 100
64 0.11029370662608842 532054 0.1 100
65 0.11009449742999385 540043 0.1 100
66 0.10991907574217007 548030 0.1 100
67 0.10976498133402783 556018 0.1 100
68 0.10963376072619728 564002 0.1 100
69 0.10954193147554557 571983 0.1 100
70 0.10951147870375164 579961 0.1 100
71 0.10955231096820615 587954 0.1 100
72 0.10965724642728365 595927 0.1 100
73 0.10979583743362772 603902 0.1 100
74 0.10991010910760146 611872 0.1 100
75 0.10993676232331756 619839 0.1 100
76 0.1098431407797812 627806 0.1 100
77 0.10963969151115792 635769 0.1 100
78 0.10936211470816787 643737 0.1 100
79 0.10904548777343585 651699 0.1 100
80 0.10871324998734633 659660 0.1 100
81 0.10837981877122807 667621 0.1 100
82 0.10805465834501023 675592 0.1 100
83 0.10774409678546928 683552 0.1 100
84 0.10745198103331378 691517 0.1 100
85 0.10718019306170629 699476 0.1 100
86 0.10692923848292879 707436 0.1 100
87 0.10669877720216651 715396 0.1 100
88 0.10648801278743635 723355 0.1 100
89 0.10629596173404574 731317 0.1 100
90 0.10612165378094049 739277 0.1 100
91 0.10596429187957779 747235 0.1 100
92 0.10582336672668133 755194 0.1 100
93 0.10569869822956751 763156 0.1 100
94 0.10559037698578552 771114 0.1 100
95 0.10549860787344718 779075 0.1 100
96 0.10542350509608187 787068 0.1 100
97 0.10536492440244717 795077 0.1 100
98 0.10532241151253448 803086 0.1 100
99 0.10529529381176743 811096 0.1 100
