0 0.5913554467367259 14200 0.1 160
1 0.2972617066392211 28275 0.1 160
2 0.24495741979308944 42266 0.1 160
3 0.2233213882639177 56196 0.1 160
4 0.21117929297045873 70070 0.1 160
5 0.20213943225627598 83892 0.1 160
6 0.19453952507802258 97664 0.1 160
7 0.18815689721527898 111383 0.1 160
8 0.18283309818404087 125058 0.1 160
9 0.17838818179742644 138683 0.1 160
10 0.17468918371750738 152265 0.1 160
11 0.17163235099834 165803 0.1 160
12 0.16911384008900665 179299 0.1 160
13 0.16702312234914402 192753 0.1 160
14 0.1652481372513081 206174 0.1 160
15 0.16368237242469594 219554 0.1 160
16 0.16223281480120458 232893 0.1 160
17 0.1608278646718245 246200 0.1 160
18 0.15942262217553377 259464 0.1 160
19 0.15799943940135788 272703 0.1 160
20 0.15656293103729854 285919 0.1 160
21 0.15513044370415818 299097 0.1 160
22 0.1537214049553436 312247 0.1 160
23 0.1523499444599689 325369 0.1 160
24 0.1510230507432342 338460 0.1 160
25 0.14974281834657216 351528 0.1 160
26 0.14850937919943616 364566 0.1 160
27 0.14732222847039064 377583 0.1 160
28 0.14617991605560282 390577 0.1 160
29 0.1450792684840362 403551 0.1 160
30 0.144015155713142 416508 0.1 160
31 0.14298110478740472 429441 0.1 160
32 0.14197045202983155 442364 0.1 160
33 0.14097749815931868 455265 0.1 160
34 0.13999825650218767 468148 0.1 160
35 0.13903066354198496 481021 0.1 160
36 0.13807435641210528 493871 0.1 160
37 0.13713022426009291 506704 0.1 160
38 0.13619992350672025 519526 0.1 160
39 0.1352854706757147 532330 0.1 160
40 0.13438894740651974 545122 0.1 160
41 0.13351230217308957 557899 0.1 160
42 0.1326572180404502 570664 0.1 160
43 0.1318250244549789 583417 0.1 160
44 0.13101664644295843 596165 0.1 160
45 0.13023259340109372 608901 0.1 160
46 0.1294729881494921 621622 0.1 160
47 0.1287376295860451 634335 0.1 160
48 0.12802607585297304 647035 0.1 160
49 0.12733773312503227 659729 0.1 160
50 0.1266719376433859 672412 0.1 160
51 0.12602802312025096 685086 0.1 160
52 0.12540536999685659 697745 0.1 160
53 0.12480343622960409 710402 0.1 160
54 0.12422177121038401 723045 0.1 160
55 0.12366001540938376 735686 0.1 160
56 0.12311788871069365 748313 0.1 160
57 0.1225951704357565 760932 0.1 160
58 0.1220916738621153 773545 0.1 160
59 0.12160721774651706 786150 0.1 160
60 0.12114159704893497 798750 0.1 160
61 0.12069455481817007 811341 0.1 160
62 0.12026575708918173 823929 0.1 160
63 0.11985477262681593 836507 0.1 160
64 0.11946105931579201 849081 0.1 160
65 0.11908395878840851 861649 0.1 160
66 0.11872270037890212 874215 0.1 160
67 0.11837641467531215 886768 0.1 160
68 0.11804415590620496 899317 0.1 160
69 0.1177249313436168 911858 0.1 160
70 0.11741773504787505 924394 0.1 160
71 0.11712158280784865 936924 0.1 160
72 0.11683554513302247 949451 0.1 160
73 0.11655877560881484 961971 0.1 160
74 0.11629053271013863 974491 0.1 160
75 0.1160301940993576 987006 0.1 160
76 0.11577726333108093 999512 0.1 160
77 0.11553136961029156 1012022 0.1 160
78 0.11529226173191896 1024521 0.1 160
79 0.11505979756330958 1037018 0.1 160
80 0.11483393045610119 1049515 0.1 160
81 0.11461469385411005 1062003 0.1 160
82 0.11440218516605116 1074482 0.1 160
83 0.11419654975321711 1086962 0.1 160
84 0.1139979656811092 1099432 0.1 160
85 0.11380662971713496 1111898 0.1 160
86 0.11362274492085062 1124359 0.1 160
87 0.11344651005312557 1136818 0.1 160
88 0.11327811090771765 1149272 0.1 160
89 0.1131177135307494 1161721 0.1 160
90 0.11296545913911442 1174172 0.1 160
91 0.11282146038818984 1186615 0.1 160
92 0.11268579849330972 1199058 0.1 160
93 0.11255852060827318 1211495 0.1 160
94 0.1124396368437272 1223932 0.1 160
95 0.11232911640292781 1236361 0.1 160
96 0.11222688254063662 1248790 0.1 160
97 0.11213280639547739 1261212 0.1 160
98 0.11204670013630962 1273634 0.1 160
99 0.11196831017760758 1286056 0.1 160
