0 0.7265663613626571 5373 0.1 60
1 0.38106233461229394 10671 0.1 60
2 0.2987013928125375 15900 0.1 60
3 0.26786907213032574 21090 0.1 60
4 0.24976190310959825 26246 0.1 60
5 0.23622327419077374 31374 0.1 60
6 0.22499865146897383 36477 0.1 60
7 0.21529993703388517 41561 0.1 60
8 0.20705156843964764 46621 0.1 60
9 0.2000777687507351 51661 0.1 60
10 0.1940285784446542 56677 0.1 60
11 0.18862268282989925 61674 0.1 60
12 0.18367564176179096 66655 0.1 60
13 0.17905684337718933 71621 0.1 60
14 0.17469004745918573 76575 0.1 60
15 0.17054036459780303 81518 0.1 60
16 0.16658198087525924 86454 0.1 60
17 0.16279656436972156 91382 0.1 60
18 0.1591844415692321 96305 0.1 60
19 0.15576121076731983 101222 0.1 60
20 0.15254655903585887 106135 0.1 60
21 0.14955615366325514 111047 0.1 60
22 0.14679860889882645 115953 0.1 60
23 0.1442754395388107 120855 0.1 60
24 0.14198203205841806 125755 0.1 60
25 0.13990870465883193 130652 0.1 60
26 0.13804170732861423 135550 0.1 60
27 0.13636432513022353 140447 0.1 60
28 0.13485814977489205 145340 0.1 60
29 0.13350435480054249 150227 0.1 60
30 0.13228473377107988 155112 0.1 60
31 0.13118237713338818 159994 0.1 60
32 0.13018201868738902 164874 0.1 60
33 0.129270167326706 169751 0.1 60
34 0.1284351444888473 174627 0.1 60
35 0.12766708799389517 179499 0.1 60
36 0.12695790245638508 184370 0.1 60
37 0.12630110972874656 189237 0.1 60
38 0.12569159283918813 194102 0.1 60
39 0.12512527732068598 198965 0.1 60
40 0.12459881386255219 203826 0.1 60
41 0.12410931495930172 208684 0.1 60
42 0.12365417071322513 213540 0.1 60
43 0.12323094078673714 218394 0.1 60
44 0.12283730222966915 223246 0.1 60
45 0.12247103095583689 228101 0.1 60
46 0.12213000283484898 232952 0.1 60
47 0.12181220726741725 237802 0.1 60
48 0.12151576612826183 242646 0.1 60
49 0.12123894984396884 247487 0.1 60
50 0.12098018562549591 252327 0.1 60
51 0.12073805782136335 257165 0.1 60
52 0.12051130285167369 262001 0.1 60
53 0.12029880082986046 266836 0.1 60
54 0.12009956398403304 271669 0.1 60
55 0.1199127196345073 276500 0.1 60
56 0.11973748484763515 281330 0.1 60
57 0.11957313228898137 286158 0.1 60
58 0.11941895061643598 290985 0.1 60
59 0.11927420516612891 295811 0.1 60
60 0.11913810485874102 300635 0.1 60
61 0.11900978050317657 305456 0.1 60
62 0.11888827902850153 310277 0.1 60
63 0.11877257674816229 315096 0.1 60
64 0.11866161132889405 319916 0.1 60
65 0.11855432776826749 324737 0.1 60
66 0.11844973085989965 329554 0.1 60
67 0.11834693621962952 334367 0.1 60
68 0.11824521299409149 339181 0.1 60
69 0.11814401301572718 343991 0.1 60
70 0.1180429833937402 348801 0.1 60
71 0.11794196252441523 353609 0.1 60
72 0.11784096319951308 358416 0.1 60
73 0.11774015057733987 363221 0.1 60
74 0.11763982623741968 368027 0.1 60
75 0.11754042912339957 372836 0.1 60
76 0.11744255275512218 377636 0.1 60
77 0.11734694780329881 382436 0.1 60
78 0.11725443844558961 387239 0.1 60
79 0.117165677704965 392036 0.1 60
80 0.11708076227224777 396831 0.1 60
81 0.11699888310861727 401625 0.1 60
82 0.11691822376622092 406419 0.1 60
83 0.11683614009345174 411210 0.1 60
84 0.11674945966643463 415999 0.1 60
85 0.11665474124160642 420788 0.1 60
86 0.11654845904734247 425574 0.1 60
87 0.11642715474547086 430359 0.1 60
88 0.11628760346885755 435143 0.1 60
89 0.11612701373655256 439927 0.1 60
90 0.11594324809740197 444720 0.1 60
91 0.11573502550252643 449497 0.1 60
92 0.11550206216196214 454273 0.1 60
93 0.11524512204240023 459049 0.1 60
94 0.11496596455885191 463822 0.1 60
95 0.1146671925615309 468594 0.1 60
96 0.11435202755883846 473365 0.1 60
97 0.11402406083383025 478134 0.1 60
98 0.11368702666707169 482902 0.1 60
99 0.11334462025474736 487668 0.1 60
