0 0.8109952455239113 3612 0.1 40
1 0.4959880273166287 7159 0.1 40
2 0.40326357260662093 10638 0.1 40
3 0.3481046670597777 14072 0.1 40
4 0.3140007084035942 17467 0.1 40
5 0.2913018480584702 20832 0.1 40
6 0.27366262177004813 24172 0.1 40
7 0.2578000490731415 27491 0.1 40
8 0.24304058127911968 30793 0.1 40
9 0.23004418901489798 34078 0.1 40
10 0.2191410056277827 37352 0.1 40
11 0.21010955773490939 40615 0.1 40
12 0.20261144976316478 43871 0.1 40
13 0.19635090471597874 47120 0.1 40
14 0.19107462448721976 50364 0.1 40
15 0.18656675004728832 53604 0.1 40
16 0.1826520674981657 56841 0.1 40
17 0.17919316216034206 60072 0.1 40
18 0.1760833485443215 63301 0.1 40
19 0.1732396195971058 66527 0.1 40
20 0.1705970978448827 69749 0.1 40
21 0.16810489354193264 72969 0.1 40
22 0.16572284040215632 76186 0.1 40
23 0.163418979845663 79402 0.1 40
24 0.1611678678579918 82616 0.1 40
25 0.15894994209483546 85827 0.1 40
26 0.15675207923597478 89036 0.1 40
27 0.15456868377864175 92245 0.1 40
28 0.15240177883400116 95450 0.1 40
29 0.15025895151781582 98654 0.1 40
30 0.1481498731061884 101863 0.1 40
31 0.14608338899337245 105067 0.1 40
32 0.1440663144992954 108268 0.1 40
33 0.14210362537178275 111468 0.1 40
34 0.14019929659151611 114667 0.1 40
35 0.13835726376324609 117867 0.1 40
36 0.13658209617778713 121071 0.1 40
37 0.13487914140898283 124270 0.1 40
38 0.13325439054671326 127469 0.1 40
39 0.13171432389724436 130669 0.1 40
40 0.1302655726015491 133867 0.1 40
41 0.12891420594678246 137064 0.1 40
42 0.12766482443356938 140267 0.1 40
43 0.12651977676826753 143465 0.1 40
44 0.12547854078652868 146663 0.1 40
45 0.12453731362366832 149860 0.1 40
46 0.12368909661158242 153059 0.1 40
47 0.12292430894448782 156257 0.1 40
48 0.12223227499970184 159461 0.1 40
49 0.1216050649885054 162658 0.1 40
50 0.12104425584756923 165856 0.1 40
51 0.1205653215412641 169053 0.1 40
52 0.12019075168168596 172250 0.1 40
53 0.11993591350297372 175447 0.1 40
54 0.11980632067266545 178644 0.1 40
55 0.11980244723645384 181841 0.1 40
56 0.11991584751740592 185038 0.1 40
57 0.12014590614094071 188235 0.1 40
58 0.12053376092385445 191433 0.1 40
59 0.12109305356424957 194631 0.1 40
60 0.12161057883198594 197830 0.1 40
61 0.12187738791697879 201030 0.1 40
62 0.12192539567062674 204231 0.1 40
63 0.12170454192993589 207433 0.1 40
64 0.12118182439155917 210636 0.1 40
65 0.12041056488612546 213839 0.1 40
66 0.1194265836469167 217045 0.1 40
67 0.11828704948687727 220251 0.1 40
68 0.11713515501249346 223457 0.1 40
69 0.11609741756714516 226664 0.1 40
70 0.11523216145733553 229873 0.1 40
71 0.11454323023919406 233082 0.1 40
72 0.1139971257976333 236291 0.1 40
73 0.1135518225401287 239500 0.1 40
74 0.11317552155263733 242711 0.1 40
75 0.11284900531438444 245923 0.1 40
76 0.11256141198933095 249135 0.1 40
77 0.11230615791616679 252351 0.1 40
78 0.11207904443746163 255565 0.1 40
79 0.11187765097869556 258780 0.1 40
80 0.11170077955201578 261994 0.1 40
81 0.11154766663413515 265209 0.1 40
82 0.11141719723668624 268424 0.1 40
83 0.1113073748886391 271639 0.1 40
84 0.11121516673616881 274855 0.1 40
85 0.11113669334728686 278086 0.1 40
86 0.11106762909357264 281304 0.1 40
87 0.1110036518748035 284522 0.1 40
88 0.11094082281874743 287739 0.1 40
89 0.11087584845469742 290955 0.1 40
90 0.11080623448366403 294170 0.1 40
91 0.11073035980025468 297386 0.1 40
92 0.11064749074470692 300607 0.1 40
93 0.1105577410228771 303825 0.1 40
94 0.1104619773752503 307041 0.1 40
95 0.11036167575650105 310257 0.1 40
96 0.1102587410548372 313473 0.1 40
97 0.11015530992369803 316689 0.1 40
98 0.11005355862718737 319910 0.1 40
99 0.1099555346385588 323127 0.1 40
