0 0.6190324783923671 17741 0.1 200
1 0.3198587904653306 35413 0.1 200
2 0.25556771127831246 53074 0.1 200
3 0.22742466583329285 70680 0.1 200
4 0.21074218057821828 88212 0.1 200
5 0.19732381852926387 105683 0.1 200
6 0.18642040512837335 123090 0.1 200
7 0.17774578289145798 140440 0.1 200
8 0.17096643058055883 157732 0.1 200
9 0.16569078656527242 174973 0.1 200
10 0.16152309968341289 192155 0.1 200
11 0.1581543147978895 209282 0.1 200
12 0.1553804250230585 226357 0.1 200
13 0.15307056924877385 243386 0.1 200
14 0.15113264590595418 260363 0.1 200
15 0.14949861001339762 277288 0.1 200
16 0.148124016773122 294166 0.1 200
17 0.14698401258148747 311005 0.1 200
18 0.14606167934182496 327800 0.1 200
19 0.1453376007546899 344548 0.1 200
20 0.14478622674099154 361257 0.1 200
21 0.14437781416221318 377928 0.1 200
22 0.14408243914985436 394562 0.1 200
23 0.14387320728626343 411154 0.1 200
24 0.14372728205113944 427714 0.1 200
25 0.14362484084739768 444241 0.1 200
26 0.14354709111768651 460738 0.1 200
27 0.14347475212668914 477203 0.1 200
28 0.1433878969943614 493634 0.1 200
29 0.14326717539816305 510035 0.1 200
30 0.1430957988521178 526412 0.1 200
31 0.14286154266194379 542764 0.1 200
32 0.14255822168645613 559085 0.1 200
33 0.14218630976626684 575387 0.1 200
34 0.14175247584208847 591663 0.1 200
35 0.1412679440791472 607917 0.1 200
36 0.14074592546787562 624144 0.1 200
37 0.1401988194461663 640351 0.1 200
38 0.1396360716678848 656538 0.1 200
39 0.1390632587648973 672710 0.1 200
40 0.13848237356639637 688859 0.1 200
41 0.1378928447699588 704989 0.1 200
42 0.13729275048540077 721103 0.1 200
43 0.13667986046982267 737205 0.1 200
44 0.13605236067074283 753289 0.1 200
45 0.13540926077892415 769361 0.1 200
46 0.13475054917720258 785421 0.1 200
47 0.13407717151560372 801462 0.1 200
48 0.1333908998946969 817488 0.1 200
49 0.13269414598566007 833497 0.1 200
50 0.13198975868225424 849495 0.1 200
51 0.13128083514667235 865480 0.1 200
52 0.13057056264725236 881456 0.1 200
53 0.12986209774224378 897417 0.1 200
54 0.12915848054296378 913368 0.1 200
55 0.128462576443303 929307 0.1 200
56 0.1277770363027479 945239 0.1 200
57 0.1271042677523367 961164 0.1 200
58 0.12644641333591203 977074 0.1 200
59 0.12580533393519505 992975 0.1 200
60 0.12518259744484034 1008868 0.1 200
61 0.12457947292410267 1024752 0.1 200
62 0.12399692994517232 1040623 0.1 200
63 0.12343564217827013 1056486 0.1 200
64 0.12289599384597115 1072340 0.1 200
65 0.12237808777744667 1088188 0.1 200
66 0.12188175444891715 1104024 0.1 200
67 0.121406562510756 1119853 0.1 200
68 0.1209518326002537 1135673 0.1 200
69 0.12051665722854352 1151489 0.1 200
70 0.12009992959108066 1167297 0.1 200
71 0.11970038287399609 1183093 0.1 200
72 0.11931663921611477 1198884 0.1 200
73 0.11894726482322601 1214668 0.1 200
74 0.11859082593541483 1230446 0.1 200
75 0.11824594011136809 1246212 0.1 200
76 0.11791131853256828 1261971 0.1 200
77 0.11758579706493257 1277723 0.1 200
78 0.11726835583617677 1293470 0.1 200
79 0.11695812854484433 1309208 0.1 200
80 0.11665440344921499 1324939 0.1 200
81 0.11635661812159173 1340663 0.1 200
82 0.11606434984464406 1356383 0.1 200
83 0.11577730319698111 1372098 0.1 200
84 0.11549529605992273 1387802 0.1 200
85 0.1152182450192785 1403502 0.1 200
86 0.11494615092017044 1419198 0.1 200
87 0.11467908512973707 1434888 0.1 200
88 0.11441717685673776 1450567 0.1 200
89 0.11416060167757311 1466238 0.1 200
90 0.11390957125027816 1481904 0.1 200
91 0.1136643240872898 1497569 0.1 200
92 0.11342511721665308 1513224 0.1 200
93 0.11319221858361679 1528872 0.1 200
94 0.11296590010864062 1544515 0.1 200
95 0.11274643139540524 1560156 0.1 200
96 0.11253407414746384 1575791 0.1 200
97 0.11232907738746489 1591418 0.1 200
98 0.11213167357188646 1607042 0.1 200
99 0.11194207565973374 1622663 0.1 200
