0 0.6038951266794602 26514 0.09999999999999999 300 0.1 300
1 0.28674748644001435 52861 0.09999999999999999 300 0.1 300
2 0.2335128189726744 79080 0.09999999999999999 300 0.1 300
3 0.21352905916544915 105184 0.09999999999999999 300 0.1 300
4 0.1998436388032857 131184 0.09999999999999999 300 0.1 300
5 0.18877795347530335 157083 0.09999999999999999 300 0.1 300
6 0.17935913054151373 182887 0.09999999999999999 300 0.1 300
7 0.17159251709944848 208600 0.09999999999999999 300 0.1 300
8 0.1654329925570103 234227 0.09999999999999999 300 0.1 300
9 0.1608017503380787 259774 0.09999999999999999 300 0.1 300
10 0.15746624039495305 285239 0.09999999999999999 300 0.1 300
11 0.15508952313454052 310631 0.09999999999999999 300 0.1 300
12 0.15334529254784313 335947 0.09999999999999999 300 0.1 300
13 0.1519801771511141 361192 0.09999999999999999 300 0.1 300
14 0.15082525812031378 386362 0.09999999999999999 300 0.1 300
15 0.14978897954029094 411466 0.09999999999999999 300 0.1 300
16 0.14883470781351155 436498 0.09999999999999999 300 0.1 300
17 0.1479543677256303 461464 0.09999999999999999 300 0.1 300
18 0.14714857258219693 486368 0.09999999999999999 300 0.1 300
19 0.14641783365377065 511204 0.09999999999999999 300 0.1 300
20 0.1457602358084434 535979 0.09999999999999999 300 0.1 300
21 0.14517055043286653 560694 0.09999999999999999 300 0.1 300
22 0.14464067035485567 585347 0.09999999999999999 300 0.1 300
23 0.14416100213459082 609941 0.09999999999999999 300 0.1 300
24 0.14372172434107278 634480 0.09999999999999999 300 0.1 300
25 0.14331353887680207 658960 0.09999999999999999 300 0.1 300
26 0.14292793695028777 683380 0.09999999999999999 300 0.1 300
27 0.14255706250426822 707749 0.09999999999999999 300 0.1 300
28 0.14219338252726105 732062 0.09999999999999999 300 0.1 300
29 0.14182946948322225 756325 0.09999999999999999 300 0.1 300
30 0.1414580872365205 780552 0.09999999999999999 300 0.1 300
31 0.14107253018934313 804718 0.09999999999999999 300 0.1 300
32 0.14066700789084613 828832 0.09999999999999999 300 0.1 300
33 0.14023689225509542 852905 0.09999999999999999 300 0.1 300
34 0.13977878262638782 876931 0.09999999999999999 300 0.1 300
35 0.13929046829997319 900920 0.09999999999999999 300 0.1 300
36 0.13877090409891826 924864 0.09999999999999999 300 0.1 300
37 0.1382202639652107 948770 0.09999999999999999 300 0.1 300
38 0.13764005080195416 972637 0.09999999999999999 300 0.1 300
39 0.13703318053969138 996465 0.09999999999999999 300 0.1 300
40 0.13640395725147744 1020286 0.09999999999999999 300 0.1 300
41 0.1357578997985948 1044041 0.09999999999999999 300 0.1 300
42 0.1351014314726101 1067767 0.09999999999999999 300 0.1 300
43 0.13444147512771365 1091457 0.09999999999999999 300 0.1 300
44 0.1337850052416472 1115114 0.09999999999999999 300 0.1 300
45 0.13313860887766563 1138742 0.09999999999999999 300 0.1 300
46 0.13250810909838134 1162336 0.09999999999999999 300 0.1 300
47 0.13189830258919671 1185903 0.09999999999999999 300 0.1 300
48 0.13131284792050435 1209440 0.09999999999999999 300 0.1 300
49 0.1307543102471774 1232952 0.09999999999999999 300 0.1 300
50 0.13022433319029653 1256431 0.09999999999999999 300 0.1 300
51 0.12972388412041486 1279889 0.09999999999999999 300 0.1 300
52 0.12925351311942618 1303314 0.09999999999999999 300 0.1 300
53 0.1288135753948449 1326715 0.09999999999999999 300 0.1 300
54 0.1284043778038054 1350093 0.09999999999999999 300 0.1 300
55 0.12802619665857723 1373443 0.09999999999999999 300 0.1 300
56 0.12767904133905086 1396771 0.09999999999999999 300 0.1 300
57 0.12736188869689305 1420074 0.09999999999999999 300 0.1 300
58 0.12707096915662566 1443355 0.09999999999999999 300 0.1 300
59 0.12679687897403036 1466614 0.09999999999999999 300 0.1 300
60 0.12652140339632678 1489849 0.09999999999999999 300 0.1 300
61 0.12621697322356185 1513066 0.09999999999999999 300 0.1 300
62 0.1258525491735681 1536260 0.09999999999999999 300 0.1 300
63 0.1254062355691458 1559433 0.09999999999999999 300 0.1 300
64 0.12487818327981556 1582596 0.09999999999999999 300 0.1 300
65 0.12429411315421068 1605726 0.09999999999999999 300 0.1 300
66 0.12369476812726836 1628837 0.09999999999999999 300 0.1 300
67 0.12311724957568354 1651928 0.09999999999999999 300 0.1 300
68 0.12258167141918694 1675002 0.09999999999999999 300 0.1 300
69 0.12209118276565117 1698054 0.09999999999999999 300 0.1 300
70 0.1216396654543907 1721089 0.09999999999999999 300 0.1 300
71 0.12121760523921096 1744106 0.09999999999999999 300 0.1 300
72 0.12081438266087623 1767104 0.09999999999999999 300 0.1 300
73 0.12041966454928162 1790086 0.09999999999999999 300 0.1 300
74 0.12002499705738753 1813048 0.09999999999999999 300 0.1 300
75 0.11962498214646673 1835996 0.09999999999999999 300 0.1 300
76 0.11921748325041148 1858929 0.09999999999999999 300 0.1 300
77 0.11880298347353184 1881841 0.09999999999999999 300 0.1 300
78 0.11838357624356209 1904742 0.09999999999999999 300 0.1 300
79 0.11796202517012074 1927623 0.09999999999999999 300 0.1 300
80 0.11754111269364124 1950494 0.09999999999999999 300 0.1 300
81 0.11712329700451214 1973348 0.09999999999999999 300 0.1 300
82 0.11671059278707475 1996192 0.09999999999999999 300 0.1 300
83 0.11630457460933726 2019020 0.09999999999999999 300 0.1 300
84 0.11590642900584053 2041834 0.09999999999999999 300 0.1 300
85 0.11551701561796736 2064638 0.09999999999999999 300 0.1 300
86 0.11513692199221724 2087428 0.09999999999999999 300 0.1 300
87 0.11476650878855935 2110208 0.09999999999999999 300 0.1 300
88 0.11440594649404634 2132974 0.09999999999999999 300 0.1 300
89 0.11405524570758682 2155731 0.09999999999999999 300 0.1 300
90 0.11371428309281557 2178476 0.09999999999999999 300 0.1 300
91 0.11338282491274089 2201206 0.09999999999999999 300 0.1 300
92 0.11306054965352459 2223929 0.09999999999999999 300 0.1 300
93 0.1127470705634908 2246638 0.09999999999999999 300 0.1 300
94 0.11244195811438808 2269337 0.09999999999999999 300 0.1 300
95 0.1121447616887844 2292029 0.09999999999999999 300 0.1 300
96 0.11185502941567291 2314714 0.09999999999999999 300 0.1 300
97 0.11157232506947481 2337385 0.09999999999999999 300 0.1 300
98 0.11129624122741408 2360045 0.09999999999999999 300 0.1 300
99 0.11102640829723348 2382698 0.09999999999999999 300 0.1 300
