0 0.6625066203613865 12433 0.1 140
1 0.3376468150874348 24771 0.1 140
2 0.2531813082383524 37025 0.1 140
3 0.21925147472432463 49232 0.1 140
4 0.20150383904296792 61376 0.1 140
5 0.1904534362243123 73473 0.1 140
6 0.1833187804483336 85525 0.1 140
7 0.17863762780181222 97540 0.1 140
8 0.17538753553679381 109512 0.1 140
9 0.17281144107746502 121454 0.1 140
10 0.17044798680481363 133353 0.1 140
11 0.1681213331997956 145220 0.1 140
12 0.1658464958584133 157048 0.1 140
13 0.16371115658367522 168842 0.1 140
14 0.16179133983185354 180604 0.1 140
15 0.16011452375030882 192341 0.1 140
16 0.15865892158977185 204041 0.1 140
17 0.1573753514199427 215715 0.1 140
18 0.15621218200325918 227356 0.1 140
19 0.15512765862099345 238961 0.1 140
20 0.15408986795986798 250537 0.1 140
21 0.1530725310136931 262090 0.1 140
22 0.1520524692263039 273611 0.1 140
23 0.15101007519271473 285109 0.1 140
24 0.14993127805233675 296581 0.1 140
25 0.14880894750310783 308024 0.1 140
26 0.1476427522537543 319449 0.1 140
27 0.1464377529103313 330847 0.1 140
28 0.14520251068969314 342225 0.1 140
29 0.14394730918074425 353586 0.1 140
30 0.14268273449904362 364928 0.1 140
31 0.14141865676714888 376245 0.1 140
32 0.1401636098146485 387543 0.1 140
33 0.13892455641696744 398830 0.1 140
34 0.13770697700559098 410096 0.1 140
35 0.13651515058527733 421350 0.1 140
36 0.13535247163662145 432585 0.1 140
37 0.1342216922600207 443808 0.1 140
38 0.13312505821879667 455019 0.1 140
39 0.13206436651435802 466222 0.1 140
40 0.13104098756134933 477413 0.1 140
41 0.1300558801014065 488590 0.1 140
42 0.129109606521539 499762 0.1 140
43 0.12820234548933618 510920 0.1 140
44 0.12733389893284333 522068 0.1 140
45 0.1265036950779167 533211 0.1 140
46 0.12571079260311335 544343 0.1 140
47 0.12495389093260924 555470 0.1 140
48 0.12423134936787349 566586 0.1 140
49 0.12354121518858982 577695 0.1 140
50 0.12288125932657436 588802 0.1 140
51 0.12224901794246348 599897 0.1 140
52 0.12164183893476838 610991 0.1 140
53 0.12105693397505109 622074 0.1 140
54 0.12049143911690997 633155 0.1 140
55 0.11994248992564274 644227 0.1 140
56 0.11940731920785141 655293 0.1 140
57 0.11888338511500818 666357 0.1 140
58 0.11836853300395693 677413 0.1 140
59 0.11786118474114689 688466 0.1 140
60 0.11736053383845144 699511 0.1 140
61 0.1168667055236973 710557 0.1 140
62 0.11638082290832114 721592 0.1 140
63 0.11590491468108824 732623 0.1 140
64 0.11544162127127325 743654 0.1 140
65 0.11499371492846987 754674 0.1 140
66 0.11456353172687196 765692 0.1 140
67 0.11415247559367431 776708 0.1 140
68 0.11376074471846902 787716 0.1 140
69 0.11338734178917108 798721 0.1 140
70 0.11303031707231738 809720 0.1 140
71 0.11268712742834784 820717 0.1 140
72 0.11235499732916618 831707 0.1 140
73 0.11203121117595338 842692 0.1 140
74 0.11171331198514022 853674 0.1 140
75 0.11139921152025999 864651 0.1 140
76 0.11108723057929927 875630 0.1 140
77 0.11077609106571641 886602 0.1 140
78 0.11046487899881975 897574 0.1 140
79 0.1101529931821722 908538 0.1 140
80 0.10984008970488075 919498 0.1 140
81 0.10952602864544052 930458 0.1 140
82 0.10921082652148952 941412 0.1 140
83 0.10889461609252206 952365 0.1 140
84 0.1085776138530105 963317 0.1 140
85 0.10826009472606198 974262 0.1 140
86 0.1079423729292754 985205 0.1 140
87 0.1076247876665681 996145 0.1 140
88 0.10730769219112377 1007086 0.1 140
89 0.10699144488799073 1018021 0.1 140
90 0.10667640132386694 1028953 0.1 140
91 0.10636290665697483 1039884 0.1 140
92 0.10605128831256337 1050810 0.1 140
93 0.10574184931412382 1061740 0.1 140
94 0.10543486302381844 1072663 0.1 140
95 0.10513057021759298 1083588 0.1 140
96 0.10482917937011675 1094506 0.1 140
97 0.10453087076919294 1105421 0.1 140
98 0.10423580467959082 1116334 0.1 140
99 0.1039441333209003 1127245 0.1 140
