0 0.5686985293599897 23046 0.09999999999999999 260 0.1 260
1 0.2704425722937625 45948 0.09999999999999999 260 0.1 260
2 0.22389827339449234 68730 0.09999999999999999 260 0.1 260
3 0.20400268431009552 91405 0.09999999999999999 260 0.1 260
4 0.19089068897581854 113991 0.09999999999999999 260 0.1 260
5 0.18125721461565614 136495 0.09999999999999999 260 0.1 260
6 0.1742473564294558 158931 0.09999999999999999 260 0.1 260
7 0.16911708642764156 181299 0.09999999999999999 260 0.1 260
8 0.1651885331960579 203610 0.09999999999999999 260 0.1 260
9 0.16203106732691816 225859 0.09999999999999999 260 0.1 260
10 0.15945147808257396 248070 0.09999999999999999 260 0.1 260
11 0.1573682023209138 270203 0.09999999999999999 260 0.1 260
12 0.15571089422685377 292284 0.09999999999999999 260 0.1 260
13 0.15439373057413575 314312 0.09999999999999999 260 0.1 260
14 0.1533297094330772 336276 0.09999999999999999 260 0.1 260
15 0.1524484644738905 358182 0.09999999999999999 260 0.1 260
16 0.15170049020153006 380040 0.09999999999999999 260 0.1 260
17 0.1510501327318246 401840 0.09999999999999999 260 0.1 260
18 0.1504676838118847 423578 0.09999999999999999 260 0.1 260
19 0.14992648750028942 445259 0.09999999999999999 260 0.1 260
20 0.14940441660434292 466889 0.09999999999999999 260 0.1 260
21 0.14888659588909076 488464 0.09999999999999999 260 0.1 260
22 0.1483665397651365 509983 0.09999999999999999 260 0.1 260
23 0.14784473588531938 531454 0.09999999999999999 260 0.1 260
24 0.14732565266372716 552882 0.09999999999999999 260 0.1 260
25 0.1468147868421229 574324 0.09999999999999999 260 0.1 260
26 0.14631683055066136 595635 0.09999999999999999 260 0.1 260
27 0.14583504359385985 616901 0.09999999999999999 260 0.1 260
28 0.14537109563398937 638117 0.09999999999999999 260 0.1 260
29 0.14492450087086647 659340 0.09999999999999999 260 0.1 260
30 0.1444914802065856 680466 0.09999999999999999 260 0.1 260
31 0.14406412351610123 701540 0.09999999999999999 260 0.1 260
32 0.14363101117434124 722581 0.09999999999999999 260 0.1 260
33 0.14317948367863859 743575 0.09999999999999999 260 0.1 260
34 0.14269843860325368 764530 0.09999999999999999 260 0.1 260
35 0.14218023373466157 785436 0.09999999999999999 260 0.1 260
36 0.141621114234249 806311 0.09999999999999999 260 0.1 260
37 0.1410205506436756 827144 0.09999999999999999 260 0.1 260
38 0.14038021308146442 847941 0.09999999999999999 260 0.1 260
39 0.13970309674292336 868701 0.09999999999999999 260 0.1 260
40 0.1389929715372336 889424 0.09999999999999999 260 0.1 260
41 0.13825410360420592 910121 0.09999999999999999 260 0.1 260
42 0.13749112061645466 930779 0.09999999999999999 260 0.1 260
43 0.13670891078757952 951410 0.09999999999999999 260 0.1 260
44 0.13591249865246674 972014 0.09999999999999999 260 0.1 260
45 0.13510689044218116 992605 0.09999999999999999 260 0.1 260
46 0.13429691074156255 1013154 0.09999999999999999 260 0.1 260
47 0.133487058732906 1033721 0.09999999999999999 260 0.1 260
48 0.13268140429380157 1054217 0.09999999999999999 260 0.1 260
49 0.13188353103812941 1074691 0.09999999999999999 260 0.1 260
50 0.1310965220068389 1095139 0.09999999999999999 260 0.1 260
51 0.1303229771944219 1115557 0.09999999999999999 260 0.1 260
52 0.12956505043171931 1135955 0.09999999999999999 260 0.1 260
53 0.12882449481523342 1156388 0.09999999999999999 260 0.1 260
54 0.12810270909748273 1176751 0.09999999999999999 260 0.1 260
55 0.12740078079236417 1197092 0.09999999999999999 260 0.1 260
56 0.1267195243550265 1217411 0.09999999999999999 260 0.1 260
57 0.1260595144124509 1237724 0.09999999999999999 260 0.1 260
58 0.12542111477260257 1258009 0.09999999999999999 260 0.1 260
59 0.12480450410442284 1278314 0.09999999999999999 260 0.1 260
60 0.12420969904836314 1298563 0.09999999999999999 260 0.1 260
61 0.12363657530900929 1318792 0.09999999999999999 260 0.1 260
62 0.12308488711735235 1339008 0.09999999999999999 260 0.1 260
63 0.12255428534834321 1359201 0.09999999999999999 260 0.1 260
64 0.12204433448526374 1379383 0.09999999999999999 260 0.1 260
65 0.12155452848705166 1399549 0.09999999999999999 260 0.1 260
66 0.12108430546841914 1419702 0.09999999999999999 260 0.1 260
67 0.12063306101918193 1439839 0.09999999999999999 260 0.1 260
68 0.1202001599930987 1459958 0.09999999999999999 260 0.1 260
69 0.11978494665488049 1480066 0.09999999999999999 260 0.1 260
70 0.11938675314990457 1500163 0.09999999999999999 260 0.1 260
71 0.11900490633700685 1520249 0.09999999999999999 260 0.1 260
72 0.11863873309365533 1540323 0.09999999999999999 260 0.1 260
73 0.11828756425976515 1560379 0.09999999999999999 260 0.1 260
74 0.11795073742710604 1580426 0.09999999999999999 260 0.1 260
75 0.11762759880330965 1600462 0.09999999999999999 260 0.1 260
76 0.11731750438285028 1620494 0.09999999999999999 260 0.1 260
77 0.11701982064362997 1640510 0.09999999999999999 260 0.1 260
78 0.11673392495970134 1660514 0.09999999999999999 260 0.1 260
79 0.11645920588181097 1680510 0.09999999999999999 260 0.1 260
80 0.11619506339283665 1700493 0.09999999999999999 260 0.1 260
81 0.11594090920121058 1720471 0.09999999999999999 260 0.1 260
82 0.11569616709910535 1740438 0.09999999999999999 260 0.1 260
83 0.11546027338921745 1760402 0.09999999999999999 260 0.1 260
84 0.11523267737650286 1780347 0.09999999999999999 260 0.1 260
85 0.11501284192661591 1800282 0.09999999999999999 260 0.1 260
86 0.11480024410462653 1820212 0.09999999999999999 260 0.1 260
87 0.11459437591805957 1840136 0.09999999999999999 260 0.1 260
88 0.11439474519123492 1860049 0.09999999999999999 260 0.1 260
89 0.11420087659051742 1879950 0.09999999999999999 260 0.1 260
90 0.11401231280342947 1899843 0.09999999999999999 260 0.1 260
91 0.11382861585235945 1919738 0.09999999999999999 260 0.1 260
92 0.11364936850065765 1939621 0.09999999999999999 260 0.1 260
93 0.11347417568971278 1959493 0.09999999999999999 260 0.1 260
94 0.11330266593329834 1979356 0.09999999999999999 260 0.1 260
95 0.11313449259148774 1999223 0.09999999999999999 260 0.1 260
96 0.11296933495064222 2019071 0.09999999999999999 260 0.1 260
97 0.11280689904704426 2038882 0.09999999999999999 260 0.1 260
98 0.11264691818764969 2058654 0.09999999999999999 260 0.1 260
99 0.11248915313987896 2078408 0.09999999999999999 260 0.1 260
