0 0.5610155574483611 21246 0.09999999999999999 240 0.1 240
1 0.2969204565282156 42348 0.09999999999999999 240 0.1 240
2 0.24378826586963995 63341 0.09999999999999999 240 0.1 240
3 0.22093583507973374 84245 0.09999999999999999 240 0.1 240
4 0.20446163530360303 105063 0.09999999999999999 240 0.1 240
5 0.1924880809534758 125806 0.09999999999999999 240 0.1 240
6 0.18389475867758662 146474 0.09999999999999999 240 0.1 240
7 0.17771099943005492 167072 0.09999999999999999 240 0.1 240
8 0.17321833916600748 187603 0.09999999999999999 240 0.1 240
9 0.16987979452969101 208071 0.09999999999999999 240 0.1 240
10 0.16727737039915558 228475 0.09999999999999999 240 0.1 240
11 0.16509425668476294 248819 0.09999999999999999 240 0.1 240
12 0.16310674633922637 269109 0.09999999999999999 240 0.1 240
13 0.16118805463967192 289341 0.09999999999999999 240 0.1 240
14 0.1593054775281955 309522 0.09999999999999999 240 0.1 240
15 0.15749533701519855 329649 0.09999999999999999 240 0.1 240
16 0.15582251506489242 349722 0.09999999999999999 240 0.1 240
17 0.15434307851616008 369746 0.09999999999999999 240 0.1 240
18 0.15308392156638043 389713 0.09999999999999999 240 0.1 240
19 0.1520400219313289 409634 0.09999999999999999 240 0.1 240
20 0.15118276846140183 429501 0.09999999999999999 240 0.1 240
21 0.15047239354438846 449318 0.09999999999999999 240 0.1 240
22 0.1498688854502823 469089 0.09999999999999999 240 0.1 240
23 0.14933834571863444 488813 0.09999999999999999 240 0.1 240
24 0.14885485770831405 508495 0.09999999999999999 240 0.1 240
25 0.14839967807332177 528135 0.09999999999999999 240 0.1 240
26 0.14795954557305896 547723 0.09999999999999999 240 0.1 240
27 0.14752509905095787 567274 0.09999999999999999 240 0.1 240
28 0.14708970202169336 586779 0.09999999999999999 240 0.1 240
29 0.14664864431575417 606244 0.09999999999999999 240 0.1 240
30 0.14619861394016856 625670 0.09999999999999999 240 0.1 240
31 0.1457373441832972 645059 0.09999999999999999 240 0.1 240
32 0.14526337149805552 664429 0.09999999999999999 240 0.1 240
33 0.1447758727444746 683799 0.09999999999999999 240 0.1 240
34 0.14427456838066802 703095 0.09999999999999999 240 0.1 240
35 0.14375966871320678 722349 0.09999999999999999 240 0.1 240
36 0.14323182087717343 741571 0.09999999999999999 240 0.1 240
37 0.1426920167322076 760762 0.09999999999999999 240 0.1 240
38 0.1421414532014225 779927 0.09999999999999999 240 0.1 240
39 0.14158136982590322 799066 0.09999999999999999 240 0.1 240
40 0.14101289623007424 818176 0.09999999999999999 240 0.1 240
41 0.1404369299268083 837261 0.09999999999999999 240 0.1 240
42 0.13985405863407552 856321 0.09999999999999999 240 0.1 240
43 0.1392645470981724 875357 0.09999999999999999 240 0.1 240
44 0.1386684038517952 894371 0.09999999999999999 240 0.1 240
45 0.13806551682212523 913377 0.09999999999999999 240 0.1 240
46 0.1374558183133797 932408 0.09999999999999999 240 0.1 240
47 0.13683943212867425 951353 0.09999999999999999 240 0.1 240
48 0.1362167683906261 970278 0.09999999999999999 240 0.1 240
49 0.13558855218853896 989186 0.09999999999999999 240 0.1 240
50 0.13495579092766047 1008076 0.09999999999999999 240 0.1 240
51 0.13431969806039423 1026944 0.09999999999999999 240 0.1 240
52 0.13368159612115732 1045796 0.09999999999999999 240 0.1 240
53 0.13304282002994938 1064631 0.09999999999999999 240 0.1 240
54 0.13240463514461553 1083448 0.09999999999999999 240 0.1 240
55 0.131768177209283 1102248 0.09999999999999999 240 0.1 240
56 0.1311344157833587 1121037 0.09999999999999999 240 0.1 240
57 0.1305041395622902 1139809 0.09999999999999999 240 0.1 240
58 0.12987796048086647 1158569 0.09999999999999999 240 0.1 240
59 0.12925633268466058 1177317 0.09999999999999999 240 0.1 240
60 0.12863958187715296 1196043 0.09999999999999999 240 0.1 240
61 0.12802794014853816 1214755 0.09999999999999999 240 0.1 240
62 0.12742158128533593 1233453 0.09999999999999999 240 0.1 240
63 0.12682065185345 1252138 0.09999999999999999 240 0.1 240
64 0.12622529410064345 1270811 0.09999999999999999 240 0.1 240
65 0.12563565796003748 1289470 0.09999999999999999 240 0.1 240
66 0.12505190112459538 1308119 0.09999999999999999 240 0.1 240
67 0.12447417819233908 1326755 0.09999999999999999 240 0.1 240
68 0.12390262203926454 1345377 0.09999999999999999 240 0.1 240
69 0.1233373225374128 1363990 0.09999999999999999 240 0.1 240
70 0.12277830908617018 1382593 0.09999999999999999 240 0.1 240
71 0.12222554372829733 1401194 0.09999999999999999 240 0.1 240
72 0.12167893052641564 1419779 0.09999999999999999 240 0.1 240
73 0.12113834424365982 1438346 0.09999999999999999 240 0.1 240
74 0.1206036774032137 1456902 0.09999999999999999 240 0.1 240
75 0.120074900114875 1475450 0.09999999999999999 240 0.1 240
76 0.11955212269339549 1493987 0.09999999999999999 240 0.1 240
77 0.1190356483565055 1512519 0.09999999999999999 240 0.1 240
78 0.11852600337218393 1531038 0.09999999999999999 240 0.1 240
79 0.11802393547659723 1549551 0.09999999999999999 240 0.1 240
80 0.11753037767207028 1568051 0.09999999999999999 240 0.1 240
81 0.11704638197618972 1586543 0.09999999999999999 240 0.1 240
82 0.11657303407477616 1605025 0.09999999999999999 240 0.1 240
83 0.11611136321427501 1623497 0.09999999999999999 240 0.1 240
84 0.11566226128839648 1641966 0.09999999999999999 240 0.1 240
85 0.11522642154966857 1660420 0.09999999999999999 240 0.1 240
86 0.11480430225393454 1678867 0.09999999999999999 240 0.1 240
87 0.11439611548732938 1697305 0.09999999999999999 240 0.1 240
88 0.11400183757936336 1715736 0.09999999999999999 240 0.1 240
89 0.11362123534402303 1734171 0.09999999999999999 240 0.1 240
90 0.113253901875185 1752587 0.09999999999999999 240 0.1 240
91 0.11289929638232363 1770994 0.09999999999999999 240 0.1 240
92 0.11255678399707637 1789396 0.09999999999999999 240 0.1 240
93 0.1122256729870223 1807791 0.09999999999999999 240 0.1 240
94 0.11190524796058887 1826180 0.09999999999999999 240 0.1 240
95 0.11159479833209271 1844623 0.09999999999999999 240 0.1 240
96 0.11129364167100375 1863129 0.09999999999999999 240 0.1 240
97 0.11100114178342424 1881628 0.09999999999999999 240 0.1 240
98 0.11071672159793858 1900120 0.09999999999999999 240 0.1 240
99 0.11043987117873257 1918607 0.09999999999999999 240 0.1 240
