0 0.6109614830229456 16022 0.1 180
1 0.3067336063504514 31986 0.1 180
2 0.24913269350425404 47843 0.1 180
3 0.22661869134470836 63623 0.1 180
4 0.21278964863975208 79337 0.1 180
5 0.20096218731759605 94991 0.1 180
6 0.1902952368220091 110591 0.1 180
7 0.18124549081969085 126129 0.1 180
8 0.1739624927437638 141615 0.1 180
9 0.1682533961877215 157055 0.1 180
10 0.16381985829886989 172443 0.1 180
11 0.1603706109485897 187785 0.1 180
12 0.15766663365135802 203090 0.1 180
13 0.15553151531647735 218349 0.1 180
14 0.15383506134880026 233566 0.1 180
15 0.1524703227110601 248748 0.1 180
16 0.15134116305969073 263886 0.1 180
17 0.1503618935198762 278988 0.1 180
18 0.1494617465465808 294058 0.1 180
19 0.1485883316891936 309087 0.1 180
20 0.14770810461738698 324087 0.1 180
21 0.1468040797967965 339049 0.1 180
22 0.14587181740240274 353979 0.1 180
23 0.14491505348977798 368880 0.1 180
24 0.1439421275392972 383747 0.1 180
25 0.1429635926936571 398587 0.1 180
26 0.14199070479313244 413405 0.1 180
27 0.14103429990677033 428191 0.1 180
28 0.14010378389574787 442952 0.1 180
29 0.13920626470858416 457692 0.1 180
30 0.13834602660559786 472405 0.1 180
31 0.13752451293558288 487097 0.1 180
32 0.13674081536965887 501772 0.1 180
33 0.13599248028663455 516423 0.1 180
34 0.13527635336897859 531054 0.1 180
35 0.1345892369813295 545671 0.1 180
36 0.13392827346216696 560267 0.1 180
37 0.13329109212433743 574847 0.1 180
38 0.1326758134608429 589415 0.1 180
39 0.13208099744467455 603961 0.1 180
40 0.1315055874673659 618498 0.1 180
41 0.13094886595525723 633018 0.1 180
42 0.13041041622733227 647540 0.1 180
43 0.12989007942672973 662034 0.1 180
44 0.1293878994155808 676514 0.1 180
45 0.1289040550038698 690980 0.1 180
46 0.1284387834306771 705438 0.1 180
47 0.12799230071886566 719879 0.1 180
48 0.12756472426073553 734309 0.1 180
49 0.12715600200027727 748732 0.1 180
50 0.12676585177297553 763140 0.1 180
51 0.12639371412277664 777537 0.1 180
52 0.1260387221154998 791929 0.1 180
53 0.12569969188546573 806305 0.1 180
54 0.12537513742619902 820672 0.1 180
55 0.12506331216897518 835031 0.1 180
56 0.1247622780658948 849377 0.1 180
57 0.1244700001156445 863715 0.1 180
58 0.12418446042282413 878047 0.1 180
59 0.12390378117923496 892365 0.1 180
60 0.12362634153271139 906679 0.1 180
61 0.12335087122560799 920980 0.1 180
62 0.12307650604485036 935299 0.1 180
63 0.12280279685355817 949586 0.1 180
64 0.12252967349166259 963860 0.1 180
65 0.1222573739975588 978128 0.1 180
66 0.12198635535014735 992391 0.1 180
67 0.12171720264667558 1006642 0.1 180
68 0.12145054979617656 1020885 0.1 180
69 0.12118701856453735 1035123 0.1 180
70 0.12092717676172239 1049351 0.1 180
71 0.12067151238818817 1063572 0.1 180
72 0.12042041922301541 1077790 0.1 180
73 0.12017419004355308 1091996 0.1 180
74 0.1199330152463148 1106195 0.1 180
75 0.11969698602039973 1120393 0.1 180
76 0.11946610186072452 1134579 0.1 180
77 0.11924028211851496 1148757 0.1 180
78 0.11901938081768287 1162935 0.1 180
79 0.11880320349867116 1177102 0.1 180
80 0.11859152462133311 1191262 0.1 180
81 0.11838410412091298 1205420 0.1 180
82 0.11818070199760337 1219568 0.1 180
83 0.11798109021518205 1233714 0.1 180
84 0.11778506158390269 1247850 0.1 180
85 0.1175924356400449 1261998 0.1 180
86 0.11740306178028034 1276124 0.1 180
87 0.11721682006133907 1290244 0.1 180
88 0.11703362014730838 1304358 0.1 180
89 0.11685339889711706 1318469 0.1 180
90 0.11667611705286982 1332571 0.1 180
91 0.1165017554329959 1346669 0.1 180
92 0.11633031096654003 1360765 0.1 180
93 0.11616179283589176 1374851 0.1 180
94 0.11599621893034229 1388934 0.1 180
95 0.11583361275416633 1403017 0.1 180
96 0.11567400088033229 1417089 0.1 180
97 0.11551741099358157 1431158 0.1 180
98 0.11536387052357419 1445228 0.1 180
99 0.11521340583019646 1459288 0.1 180
