0 0.7089201931431953 7133 0.1 80
1 0.37068748247935474 14174 0.1 80
2 0.28826667018805957 21125 0.1 80
3 0.24924122338277904 28018 0.1 80
4 0.22502466616414338 34867 0.1 80
5 0.20876029104323338 41680 0.1 80
6 0.19768134899913278 48463 0.1 80
7 0.18973667820944956 55223 0.1 80
8 0.18358497904715498 61957 0.1 80
9 0.17853518895541776 68670 0.1 80
10 0.174339837869132 75368 0.1 80
11 0.17091159393282732 82045 0.1 80
12 0.16816629755954096 88705 0.1 80
13 0.16599006526879065 95345 0.1 80
14 0.1642524084286162 101967 0.1 80
15 0.16282458164557986 108574 0.1 80
16 0.16159250367501568 115166 0.1 80
17 0.16046365581063923 121743 0.1 80
18 0.15936889758503628 128305 0.1 80
19 0.1582605097850149 134853 0.1 80
20 0.15710862282285162 141387 0.1 80
21 0.15589765794056984 147909 0.1 80
22 0.15462302061563898 154418 0.1 80
23 0.15328784901410572 160915 0.1 80
24 0.15189996502125994 167402 0.1 80
25 0.15046940732394792 173880 0.1 80
26 0.14900683606261964 180354 0.1 80
27 0.14752285489688335 186818 0.1 80
28 0.1460280400382008 193271 0.1 80
29 0.14453326808119468 199717 0.1 80
30 0.14304986506869324 206158 0.1 80
31 0.14158922841288088 212592 0.1 80
32 0.14016188129148874 219022 0.1 80
33 0.1387762267446413 225448 0.1 80
34 0.13743738191918847 231869 0.1 80
35 0.13614644406734586 238288 0.1 80
36 0.13490055795496722 244704 0.1 80
37 0.1336941289286347 251118 0.1 80
38 0.13252116824123092 257537 0.1 80
39 0.13137810637450942 263947 0.1 80
40 0.1302659195741212 270354 0.1 80
41 0.12919062168117676 276764 0.1 80
42 0.12816214923691369 283175 0.1 80
43 0.12719232842975586 289584 0.1 80
44 0.12629235644958864 295987 0.1 80
45 0.12547016404536088 302390 0.1 80
46 0.12472849688530478 308792 0.1 80
47 0.124064070126661 315193 0.1 80
48 0.12346728176055817 321594 0.1 80
49 0.12292298189416526 327994 0.1 80
50 0.12241368740267003 334394 0.1 80
51 0.1219242071329836 340793 0.1 80
52 0.12144502047825581 347190 0.1 80
53 0.12097278371579542 353588 0.1 80
54 0.12050796691784818 359984 0.1 80
55 0.12005176289278674 366380 0.1 80
56 0.11960463571429636 372775 0.1 80
57 0.11916665430713759 379173 0.1 80
58 0.11873825151640419 385571 0.1 80
59 0.1183205146255895 391964 0.1 80
60 0.11791501383244213 398357 0.1 80
61 0.11752347418380268 404748 0.1 80
62 0.11714748795848168 411139 0.1 80
63 0.1167883214580595 417533 0.1 80
64 0.11644680653818233 423923 0.1 80
65 0.11612329728587142 430311 0.1 80
66 0.11581767829064392 436700 0.1 80
67 0.11552941475423026 443088 0.1 80
68 0.11525763225176337 449475 0.1 80
69 0.11500120779371115 455869 0.1 80
70 0.11475884859032832 462255 0.1 80
71 0.11452913484249874 468642 0.1 80
72 0.11431050999363519 475032 0.1 80
73 0.1141012152228668 481421 0.1 80
74 0.11389918157758164 487811 0.1 80
75 0.1137019101942921 494196 0.1 80
76 0.11350638695864544 500582 0.1 80
77 0.11330909064409751 506967 0.1 80
78 0.11310615774757636 513353 0.1 80
79 0.11289375433950273 519739 0.1 80
80 0.11266866558141714 526125 0.1 80
81 0.11242903870718261 532511 0.1 80
82 0.11217510740892223 538897 0.1 80
83 0.1119096234739771 545283 0.1 80
84 0.11163771500381053 551670 0.1 80
85 0.11136605581330779 558056 0.1 80
86 0.11110152265549517 564443 0.1 80
87 0.11084977626897229 570829 0.1 80
88 0.11061426738632563 577221 0.1 80
89 0.11039597274950394 583610 0.1 80
90 0.11019380820796917 589997 0.1 80
91 0.11000539698384945 596385 0.1 80
92 0.10982786245585953 602772 0.1 80
93 0.10965846882329043 609159 0.1 80
94 0.1094950614118475 615588 0.1 80
95 0.10933630771829952 622014 0.1 80
96 0.10918175757214035 628438 0.1 80
97 0.10903175774700587 634862 0.1 80
98 0.1088872688176449 641286 0.1 80
99 0.1087496313755096 647710 0.1 80
