0 0.5665027626291247 24901 0.09999999999999999 280 0.1 280
1 0.28282309956844537 49650 0.09999999999999999 280 0.1 280
2 0.2346500124224095 74268 0.09999999999999999 280 0.1 280
3 0.21157725226634355 98774 0.09999999999999999 280 0.1 280
4 0.19549354399195695 123182 0.09999999999999999 280 0.1 280
5 0.18360945665331327 147483 0.09999999999999999 280 0.1 280
6 0.17512677049060701 171688 0.09999999999999999 280 0.1 280
7 0.16904606998621954 195811 0.09999999999999999 280 0.1 280
8 0.16466036917940446 219855 0.09999999999999999 280 0.1 280
9 0.16149944841367841 243826 0.09999999999999999 280 0.1 280
10 0.15922894244520505 267720 0.09999999999999999 280 0.1 280
11 0.15758400121209515 291549 0.09999999999999999 280 0.1 280
12 0.15633068394965066 315307 0.09999999999999999 280 0.1 280
13 0.15527779797091412 338999 0.09999999999999999 280 0.1 280
14 0.15430068901469451 362634 0.09999999999999999 280 0.1 280
15 0.1533412082421619 386203 0.09999999999999999 280 0.1 280
16 0.15239133761980064 409711 0.09999999999999999 280 0.1 280
17 0.15147268491679466 433160 0.09999999999999999 280 0.1 280
18 0.1506145458924671 456551 0.09999999999999999 280 0.1 280
19 0.14983719429671538 479883 0.09999999999999999 280 0.1 280
20 0.149145621570088 503243 0.09999999999999999 280 0.1 280
21 0.14853263458695645 526465 0.09999999999999999 280 0.1 280
22 0.14798523679858602 549634 0.09999999999999999 280 0.1 280
23 0.14748945874053612 572748 0.09999999999999999 280 0.1 280
24 0.14703243774404856 595814 0.09999999999999999 280 0.1 280
25 0.1466025011572295 618826 0.09999999999999999 280 0.1 280
26 0.1461884677209484 641788 0.09999999999999999 280 0.1 280
27 0.14577911759708573 664705 0.09999999999999999 280 0.1 280
28 0.14536324247359786 687572 0.09999999999999999 280 0.1 280
29 0.14493020679987942 710400 0.09999999999999999 280 0.1 280
30 0.14447071786281646 733176 0.09999999999999999 280 0.1 280
31 0.14397751117990554 755910 0.09999999999999999 280 0.1 280
32 0.14344578286526463 778604 0.09999999999999999 280 0.1 280
33 0.1428733223917646 801260 0.09999999999999999 280 0.1 280
34 0.14226036919034452 823873 0.09999999999999999 280 0.1 280
35 0.1416092442873269 846452 0.09999999999999999 280 0.1 280
36 0.14092382130378509 868991 0.09999999999999999 280 0.1 280
37 0.1402089160387322 891495 0.09999999999999999 280 0.1 280
38 0.13946968670482213 913967 0.09999999999999999 280 0.1 280
39 0.138711133616818 936405 0.09999999999999999 280 0.1 280
40 0.1379377603602773 958809 0.09999999999999999 280 0.1 280
41 0.13715341566486114 981179 0.09999999999999999 280 0.1 280
42 0.13636129313444398 1003554 0.09999999999999999 280 0.1 280
43 0.1355640390989335 1025867 0.09999999999999999 280 0.1 280
44 0.13476391191146184 1048151 0.09999999999999999 280 0.1 280
45 0.13396294460128003 1070416 0.09999999999999999 280 0.1 280
46 0.13316307859252943 1092649 0.09999999999999999 280 0.1 280
47 0.13236625212926761 1114853 0.09999999999999999 280 0.1 280
48 0.13157443955403778 1137036 0.09999999999999999 280 0.1 280
49 0.130789646220892 1159195 0.09999999999999999 280 0.1 280
50 0.1300138695254651 1181327 0.09999999999999999 280 0.1 280
51 0.1292490400482966 1203441 0.09999999999999999 280 0.1 280
52 0.12849695803165856 1225529 0.09999999999999999 280 0.1 280
53 0.12775923881947085 1247594 0.09999999999999999 280 0.1 280
54 0.12703727651089686 1269638 0.09999999999999999 280 0.1 280
55 0.12633222911812697 1291741 0.09999999999999999 280 0.1 280
56 0.12564502300304486 1313746 0.09999999999999999 280 0.1 280
57 0.12497637101224453 1335728 0.09999999999999999 280 0.1 280
58 0.12432679800775347 1357694 0.09999999999999999 280 0.1 280
59 0.12369666863227033 1379638 0.09999999999999999 280 0.1 280
60 0.1230862139179391 1401561 0.09999999999999999 280 0.1 280
61 0.12249555484667939 1423470 0.09999999999999999 280 0.1 280
62 0.12192472191765452 1445360 0.09999999999999999 280 0.1 280
63 0.1213736703076955 1467230 0.09999999999999999 280 0.1 280
64 0.12084229051607667 1489084 0.09999999999999999 280 0.1 280
65 0.12033041449535235 1510918 0.09999999999999999 280 0.1 280
66 0.11983781704931847 1532737 0.09999999999999999 280 0.1 280
67 0.1193642115777937 1554539 0.09999999999999999 280 0.1 280
68 0.11890923809012773 1576327 0.09999999999999999 280 0.1 280
69 0.11847244013712514 1598097 0.09999999999999999 280 0.1 280
70 0.11805322666919357 1619849 0.09999999999999999 280 0.1 280
71 0.11765081599747713 1641590 0.09999999999999999 280 0.1 280
72 0.11726416352599416 1663314 0.09999999999999999 280 0.1 280
73 0.11689188404524206 1685024 0.09999999999999999 280 0.1 280
74 0.11653219282916619 1706719 0.09999999999999999 280 0.1 280
75 0.11618290324704147 1728409 0.09999999999999999 280 0.1 280
76 0.11584152184672851 1750073 0.09999999999999999 280 0.1 280
77 0.11550546153695622 1771725 0.09999999999999999 280 0.1 280
78 0.11517234510495479 1793365 0.09999999999999999 280 0.1 280
79 0.1148403147049157 1814985 0.09999999999999999 280 0.1 280
80 0.11450823976517577 1836594 0.09999999999999999 280 0.1 280
81 0.11417575457695334 1858188 0.09999999999999999 280 0.1 280
82 0.11384313652746988 1879770 0.09999999999999999 280 0.1 280
83 0.11351109896031754 1901338 0.09999999999999999 280 0.1 280
84 0.11318058106061246 1922894 0.09999999999999999 280 0.1 280
85 0.11285258339297932 1944439 0.09999999999999999 280 0.1 280
86 0.11252805919273305 1965971 0.09999999999999999 280 0.1 280
87 0.11220785146583916 1987489 0.09999999999999999 280 0.1 280
88 0.11189266328770388 2008995 0.09999999999999999 280 0.1 280
89 0.11158305227026388 2030492 0.09999999999999999 280 0.1 280
90 0.11127944257411534 2051977 0.09999999999999999 280 0.1 280
91 0.11098214796215379 2073451 0.09999999999999999 280 0.1 280
92 0.11069139888257966 2094913 0.09999999999999999 280 0.1 280
93 0.11040736683247053 2116364 0.09999999999999999 280 0.1 280
94 0.11013018064704984 2137806 0.09999999999999999 280 0.1 280
95 0.10985993159659513 2159235 0.09999999999999999 280 0.1 280
96 0.10959666680506218 2180654 0.09999999999999999 280 0.1 280
97 0.10934037313128504 2202065 0.09999999999999999 280 0.1 280
98 0.10909095590297345 2223402 0.09999999999999999 280 0.1 280
99 0.10884821835715756 2244631 0.09999999999999999 280 0.1 280
