0 0.6076789243331469 19468 0.09999999999999999 220 0.1 220
1 0.313193286470599 38809 0.09999999999999999 220 0.1 220
2 0.24597490048889223 58053 0.09999999999999999 220 0.1 220
3 0.21767709709133606 77226 0.09999999999999999 220 0.1 220
4 0.2000242515624648 96308 0.09999999999999999 220 0.1 220
5 0.1874910953940883 115316 0.09999999999999999 220 0.1 220
6 0.17840816953605457 134255 0.09999999999999999 220 0.1 220
7 0.1716984009062582 153127 0.09999999999999999 220 0.1 220
8 0.16664713633407313 171936 0.09999999999999999 220 0.1 220
9 0.16277284403578365 190685 0.09999999999999999 220 0.1 220
10 0.1597443098262971 209379 0.09999999999999999 220 0.1 220
11 0.15731517597482075 228017 0.09999999999999999 220 0.1 220
12 0.15529856876446702 246600 0.09999999999999999 220 0.1 220
13 0.1535616092306986 265129 0.09999999999999999 220 0.1 220
14 0.15201922891755673 283609 0.09999999999999999 220 0.1 220
15 0.15062333138136091 302037 0.09999999999999999 220 0.1 220
16 0.14935096582955296 320415 0.09999999999999999 220 0.1 220
17 0.1481949471386551 338747 0.09999999999999999 220 0.1 220
18 0.14715541376750835 357032 0.09999999999999999 220 0.1 220
19 0.14623130730027437 375273 0.09999999999999999 220 0.1 220
20 0.14541544042116297 393470 0.09999999999999999 220 0.1 220
21 0.14469446704213057 411626 0.09999999999999999 220 0.1 220
22 0.14405154056503328 429744 0.09999999999999999 220 0.1 220
23 0.1434694025408703 447822 0.09999999999999999 220 0.1 220
24 0.14293255389116594 465863 0.09999999999999999 220 0.1 220
25 0.14242803667478868 483877 0.09999999999999999 220 0.1 220
26 0.1419451491815017 501844 0.09999999999999999 220 0.1 220
27 0.14147479328896387 519777 0.09999999999999999 220 0.1 220
28 0.1410089999344118 537689 0.09999999999999999 220 0.1 220
29 0.14054079871056702 555558 0.09999999999999999 220 0.1 220
30 0.14006433282113084 573399 0.09999999999999999 220 0.1 220
31 0.13957505741969156 591208 0.09999999999999999 220 0.1 220
32 0.1390698998262273 608991 0.09999999999999999 220 0.1 220
33 0.1385473097695896 626743 0.09999999999999999 220 0.1 220
34 0.13800716395334653 644471 0.09999999999999999 220 0.1 220
35 0.13745052639864677 662171 0.09999999999999999 220 0.1 220
36 0.13687930874465154 679849 0.09999999999999999 220 0.1 220
37 0.13629590615057519 697501 0.09999999999999999 220 0.1 220
38 0.13570288604935823 715131 0.09999999999999999 220 0.1 220
39 0.13510277821165687 732741 0.09999999999999999 220 0.1 220
40 0.13449797289616164 750325 0.09999999999999999 220 0.1 220
41 0.1338907002110446 767891 0.09999999999999999 220 0.1 220
42 0.13328304967876267 785434 0.09999999999999999 220 0.1 220
43 0.13267699380452713 802957 0.09999999999999999 220 0.1 220
44 0.1320743951874337 820460 0.09999999999999999 220 0.1 220
45 0.13147699377509037 837946 0.09999999999999999 220 0.1 220
46 0.13088638209217987 855414 0.09999999999999999 220 0.1 220
47 0.13030397897981724 872864 0.09999999999999999 220 0.1 220
48 0.12973100841351848 890296 0.09999999999999999 220 0.1 220
49 0.12916848383578142 907712 0.09999999999999999 220 0.1 220
50 0.12861719441476244 925113 0.09999999999999999 220 0.1 220
51 0.12807768960791086 942497 0.09999999999999999 220 0.1 220
52 0.1275502616018546 959876 0.09999999999999999 220 0.1 220
53 0.1270349293712734 977232 0.09999999999999999 220 0.1 220
54 0.1265314309926911 994571 0.09999999999999999 220 0.1 220
55 0.12603923117507396 1011901 0.09999999999999999 220 0.1 220
56 0.12555754869986419 1029215 0.09999999999999999 220 0.1 220
57 0.12508540456532616 1046515 0.09999999999999999 220 0.1 220
58 0.12462168748456022 1063803 0.09999999999999999 220 0.1 220
59 0.1241652301831733 1081076 0.09999999999999999 220 0.1 220
60 0.12371488830468634 1098335 0.09999999999999999 220 0.1 220
61 0.12326961367588696 1115581 0.09999999999999999 220 0.1 220
62 0.12282851483938755 1132816 0.09999999999999999 220 0.1 220
63 0.12239089966652736 1150038 0.09999999999999999 220 0.1 220
64 0.12195629717616402 1167249 0.09999999999999999 220 0.1 220
65 0.12152445819156876 1184447 0.09999999999999999 220 0.1 220
66 0.12109533696073654 1201635 0.09999999999999999 220 0.1 220
67 0.12066905803278341 1218810 0.09999999999999999 220 0.1 220
68 0.12024587413704531 1235975 0.09999999999999999 220 0.1 220
69 0.11982612124038562 1253130 0.09999999999999999 220 0.1 220
70 0.11941017629598963 1270273 0.09999999999999999 220 0.1 220
71 0.11899842169042604 1287407 0.09999999999999999 220 0.1 220
72 0.11859121851381364 1304530 0.09999999999999999 220 0.1 220
73 0.11818888901824635 1321644 0.09999999999999999 220 0.1 220
74 0.117791707339753 1338747 0.09999999999999999 220 0.1 220
75 0.1173998968596375 1355854 0.09999999999999999 220 0.1 220
76 0.11701363239903238 1372942 0.09999999999999999 220 0.1 220
77 0.11663304560203393 1390016 0.09999999999999999 220 0.1 220
78 0.11625823218535929 1407100 0.09999999999999999 220 0.1 220
79 0.11588926008028969 1424167 0.09999999999999999 220 0.1 220
80 0.11552617779181402 1441231 0.09999999999999999 220 0.1 220
81 0.11516902252629292 1458294 0.09999999999999999 220 0.1 220
82 0.11481782779707511 1475334 0.09999999999999999 220 0.1 220
83 0.1144726303213506 1492363 0.09999999999999999 220 0.1 220
84 0.11413347608388744 1509387 0.09999999999999999 220 0.1 220
85 0.11380042547262219 1526401 0.09999999999999999 220 0.1 220
86 0.11347355739373258 1543443 0.09999999999999999 220 0.1 220
87 0.11315297225795881 1560443 0.09999999999999999 220 0.1 220
88 0.11283879370806547 1577438 0.09999999999999999 220 0.1 220
89 0.11253116894579039 1594466 0.09999999999999999 220 0.1 220
90 0.11223026753220583 1611453 0.09999999999999999 220 0.1 220
91 0.11193627859010842 1628426 0.09999999999999999 220 0.1 220
92 0.1116494064334274 1645423 0.09999999999999999 220 0.1 220
93 0.11136986477730007 1662405 0.09999999999999999 220 0.1 220
94 0.11109786982315938 1679353 0.09999999999999999 220 0.1 220
95 0.11083363263899991 1696289 0.09999999999999999 220 0.1 220
96 0.11057735133902379 1713268 0.09999999999999999 220 0.1 220
97 0.11032920358893887 1730193 0.09999999999999999 220 0.1 220
98 0.11008933991532768 1747113 0.09999999999999999 220 0.1 220
99 0.10985787818609136 1764023 0.09999999999999999 220 0.1 220
