0 0.6764216625904895 10669 0.1 120
1 0.3672086266506912 21246 0.1 120
2 0.2796270346724774 31738 0.1 120
3 0.23954673086837705 42168 0.1 120
4 0.21772802903056812 52541 0.1 120
5 0.20418709686441336 62877 0.1 120
6 0.19508213351705536 73167 0.1 120
7 0.1883513365229332 83413 0.1 120
8 0.1829308291814479 93622 0.1 120
9 0.17840268169047557 103795 0.1 120
10 0.1745920414211479 113934 0.1 120
11 0.17135008863821158 124040 0.1 120
12 0.16852760017485638 134114 0.1 120
13 0.16600965318701766 144162 0.1 120
14 0.16372358733142262 154179 0.1 120
15 0.16162326964256452 164172 0.1 120
16 0.1596751301262632 174141 0.1 120
17 0.15785223608207044 184081 0.1 120
18 0.156132031075441 193997 0.1 120
19 0.15449434320955732 203889 0.1 120
20 0.15291939255141251 213765 0.1 120
21 0.15138680384586747 223616 0.1 120
22 0.1498762025620906 233447 0.1 120
23 0.14836908207989616 243263 0.1 120
24 0.1468510930302042 253058 0.1 120
25 0.14531387042240945 262839 0.1 120
26 0.14375580856017126 272607 0.1 120
27 0.14218160959040876 282357 0.1 120
28 0.140600818723045 292093 0.1 120
29 0.13902581883899207 301817 0.1 120
30 0.13746982434587673 311535 0.1 120
31 0.13594529502583866 321242 0.1 120
32 0.13446297283632347 330934 0.1 120
33 0.1330315156395631 340620 0.1 120
34 0.13165752867374392 350294 0.1 120
35 0.13034574648074168 359961 0.1 120
36 0.1290992007970129 369627 0.1 120
37 0.12791934145204986 379279 0.1 120
38 0.12680616320551738 388924 0.1 120
39 0.12575839638856423 398562 0.1 120
40 0.12477377299900665 408198 0.1 120
41 0.123849334307018 417825 0.1 120
42 0.12298173038406485 427444 0.1 120
43 0.12216747312570056 437076 0.1 120
44 0.12140312495015668 446684 0.1 120
45 0.12068542236636201 456288 0.1 120
46 0.12001134312189549 465887 0.1 120
47 0.11937812913712244 475482 0.1 120
48 0.11878327752951856 485071 0.1 120
49 0.11822451072662551 494657 0.1 120
50 0.1176997350994483 504243 0.1 120
51 0.1172069961415011 513820 0.1 120
52 0.11674443684654334 523393 0.1 120
53 0.11631026423898187 532965 0.1 120
54 0.11590272676942069 542531 0.1 120
55 0.11552010269716012 552093 0.1 120
56 0.11516069727443841 561652 0.1 120
57 0.1148228453424708 571207 0.1 120
58 0.1145049163512729 580759 0.1 120
59 0.11420532053243332 590313 0.1 120
60 0.11392251686180027 599860 0.1 120
61 0.11365502419648238 609402 0.1 120
62 0.11340143581478301 618942 0.1 120
63 0.11316043472893096 628481 0.1 120
64 0.11293080356278465 638017 0.1 120
65 0.11271142051166036 647547 0.1 120
66 0.1125012352026208 657081 0.1 120
67 0.11229922722714679 666607 0.1 120
68 0.11210436215907181 676129 0.1 120
69 0.111915565939569 685650 0.1 120
70 0.1117317318273137 695166 0.1 120
71 0.11155175795751991 704680 0.1 120
72 0.11137459940182164 714230 0.1 120
73 0.11119931575853907 723770 0.1 120
74 0.11102510327116229 733287 0.1 120
75 0.11085131166148543 742797 0.1 120
76 0.11067745330591552 752303 0.1 120
77 0.11050321388406839 761800 0.1 120
78 0.11032847033990895 771294 0.1 120
79 0.11015331580565979 780785 0.1 120
80 0.10997808396230123 790273 0.1 120
81 0.10980335926274208 799758 0.1 120
82 0.10962995656765719 809241 0.1 120
83 0.1094588562401127 818725 0.1 120
84 0.10929109171049474 828202 0.1 120
85 0.1091276074319694 837677 0.1 120
86 0.10896912833110028 847154 0.1 120
87 0.10881608813694187 856624 0.1 120
88 0.10866863895614448 866091 0.1 120
89 0.10852672050858049 875556 0.1 120
90 0.10839013717459631 885018 0.1 120
91 0.10825859466889394 894479 0.1 120
92 0.10813167745633422 903937 0.1 120
93 0.10800878127110429 913395 0.1 120
94 0.1078890362496014 922848 0.1 120
95 0.1077712588249604 932309 0.1 120
96 0.10765395479332071 941762 0.1 120
97 0.10753536979218264 951209 0.1 120
98 0.10741356402616734 960706 0.1 120
99 0.10728649128969646 970223 0.1 120
