99 0.19439957202048952 872415 0.01 100
99 0.1883683726980269 1045910 0.01 120
99 0.19149023224179185 1221962 0.01 140
99 0.1945376336974403 1401412 0.01 160
99 0.20376098199174736 1578773 0.01 180
99 0.322311052914412 166234 0.01 20
99 0.19349220174894302 1751688 0.01 200
99 0.20554398704638904 1927622 0.01 220
99 0.19194980329698338 2108093 0.01 240
99 0.19085512290789033 2296196 0.01 260
99 0.1819250328898544 2456486 0.01 280
99 0.20991059970230785 2632320 0.01 300
99 0.23752113449605583 342219 0.01 40
99 0.2312640577092152 516779 0.01 60
99 0.23011816507333246 688923 0.01 80
99 0.16528960723893443 867525 0.02 100
99 0.1590488286690612 1044229 0.02 120
99 0.1599622302550224 1209538 0.02 140
99 0.14307652084122832 1399919 0.02 160
99 0.1609814818057213 1562386 0.02 180
99 0.24037197026987142 160394 0.02 20
99 0.1552380447081547 1750974 0.02 200
99 0.16026234839508963 1907341 0.02 220
99 0.14682590520934274 2104084 0.02 240
99 0.16290209897403835 2268526 0.02 260
99 0.15047305871188021 2445455 0.02 280
99 0.1604843538906271 2612082 0.02 300
99 0.17824916452226341 336187 0.02 40
99 0.18206897103875813 508114 0.02 60
99 0.1857616319583196 684038 0.02 80
99 0.15029904175799083 857626 0.03 100
99 0.1480684495956833 1034087 0.03 120
99 0.14409899189624922 1209550 0.03 140
99 0.1239836827790179 1378013 0.03 160
99 0.13719417044415938 1551526 0.03 180
99 0.1898135545598144 157845 0.03 20
99 0.1333427257096246 1740290 0.03 200
99 0.13882010416873397 1906048 0.03 220
99 0.12977933465513006 2076603 0.03 240
99 0.14124909047659204 2267239 0.03 260
99 0.14282989417293784 2440696 0.03 280
99 0.1369030784307884 2615792 0.03 300
99 0.1698547707328915 331382 0.03 40
99 0.15208851855440012 502036 0.03 60
99 0.15297641399907402 671677 0.03 80
99 0.13263756573720478 843575 0.04 100
99 0.13962533566973911 1017963 0.04 120
99 0.13016536933237158 1199746 0.04 140
99 0.1158642823692938 1367370 0.04 160
99 0.12226707406727129 1532094 0.04 180
99 0.17784201935399996 156571 0.04 20
99 0.12186425679680397 1717231 0.04 200
99 0.12604628740978882 1878806 0.04 220
99 0.12714797592537302 2062608 0.04 240
99 0.12674866312034172 2238448 0.04 260
99 0.12011423224635726 2410800 0.04 280
99 0.12837416985452588 2578137 0.04 300
99 0.1675632579199463 325639 0.04 40
99 0.14133024334332017 496605 0.04 60
99 0.14065445259042697 666492 0.04 80
99 0.12152381313548559 838908 0.05 100
99 0.12708297392572282 1006975 0.05 120
99 0.12304726048016003 1188571 0.05 140
99 0.11827699291005402 1367328 0.05 160
99 0.11718045176479709 1530172 0.05 180
99 0.1725708200452433 155548 0.05 20
99 0.11821721909279177 1702220 0.05 200
99 0.12453428600040936 1864170 0.05 220
99 0.1304759457050878 2047037 0.05 240
99 0.12360016250129452 2232813 0.05 260
99 0.11711106180484528 2396021 0.05 280
99 0.12204673284568276 2569103 0.05 300
99 0.15178588109676763 320873 0.05 40
99 0.12999910131306025 493200 0.05 60
99 0.13269971985569926 664202 0.05 80
99 0.11619162981816897 827652 0.06 100
99 0.11405708659609147 998198 0.06 120
99 0.11572602698171978 1169010 0.06 140
99 0.11913107083311267 1354909 0.06 160
99 0.1146717225705937 1509383 0.06 180
99 0.19244312341389364 154388 0.06 20
99 0.11748088313571198 1686771 0.06 200
99 0.12117076498374672 1848967 0.06 220
99 0.12902319194508174 2040753 0.06 240
99 0.11682548604377618 2197904 0.06 260
99 0.11821769346344504 2370519 0.06 280
99 0.11757111424797355 2555238 0.06 300
99 0.1393103009963881 317548 0.06 40
99 0.12510507110031907 490515 0.06 60
99 0.124981060926667 653646 0.06 80
99 0.11164668053246503 825060 0.07 100
99 0.11006256252628704 989623 0.07 120
99 0.10982690745162138 1167422 0.07 140
99 0.11504167151128634 1340692 0.07 160
99 0.11231841845758474 1506923 0.07 180
99 0.17741664357888942 153412 0.07 20
99 0.11667117718718321 1668688 0.07 200
99 0.11799767215716446 1834774 0.07 220
99 0.12353182934415478 2005049 0.07 240
99 0.11681036175772211 2184075 0.07 260
99 0.11563331719547496 2337590 0.07 280
99 0.12414223484915342 2507801 0.07 300
99 0.12351700229916052 317013 0.07 40
99 0.1189395815341548 488421 0.07 60
99 0.12048876124243378 648437 0.07 80
99 0.11009227591306633 815486 0.08 100
99 0.10760906056490124 981484 0.08 120
99 0.11078569576687892 1149143 0.08 140
99 0.11216624668491879 1317115 0.08 160
99 0.11095067115415368 1479621 0.08 180
99 0.1759932062941351 151738 0.08 20
99 0.11388190152870631 1648810 0.08 200
99 0.11657253550536811 1825496 0.08 220
99 0.11590971304744853 1989302 0.08 240
99 0.1136837162162917 2139140 0.08 260
99 0.11379572122224844 2303461 0.08 280
99 0.12295735563541695 2467959 0.08 300
99 0.12635837701561584 317255 0.08 40
99 0.11384604020958415 486136 0.08 60
99 0.1154942261877982 645275 0.08 80
99 0.110988655014593 807069 0.09 100
99 0.10557942932385574 980423 0.09 120
99 0.1076179420923543 1145132 0.09 140
99 0.1066498957300882 1301412 0.09 160
99 0.11357998195303563 1475065 0.09 180
99 0.1667785079845181 149498 0.09 20
99 0.11335594565600868 1627533 0.09 200
99 0.13597197075270795 318268 0.09 40
99 0.11517656331673728 485403 0.09 60
99 0.11164996850197004 648187 0.09 80
99 0.11079177737682762 804276 0.1 100
99 0.10515030386667892 962560 0.1 120
99 0.10657583658180984 1125071 0.1 140
99 0.1031143063492384 1285557 0.1 160
99 0.11302763801466596 1445617 0.1 180
99 0.1430449558842096 149383 0.1 20
99 0.11409510727206182 1604063 0.1 200
99 0.13402710947551102 318663 0.1 40
99 0.11688655232705031 483363 0.1 60
99 0.11087848588860667 640517 0.1 80
