99 0.19457271467803086 877610 0.01 100
99 0.19728319605234979 1050043 0.01 120
99 0.20639564488771459 1228491 0.01 140
99 0.19522943496120493 1404690 0.01 160
99 0.19618502564324686 1577824 0.01 180
99 0.1841260510867487 1759811 0.01 200
99 0.3414640300701638 175047 0.01 20
99 0.20236887585167682 1947185 0.01 220 0.01 220
99 0.20887946925632778 2103865 0.01 240 0.01 240
99 0.19166538665522612 2278551 0.01 260 0.01 260
99 0.19456551872872765 2473348 0.01 280 0.01 280
99 0.2033630410854026 2648524 0.01 300 0.01 300
99 0.2656365213024908 349154 0.01 40
99 0.22115214526065055 524575 0.01 60
99 0.20643041447719962 698770 0.01 80
99 0.1701500452936372 873097 0.02 100
99 0.15754053705948376 1036679 0.02 120
99 0.16378660388992491 1225005 0.02 140
99 0.1534794414811851 1402375 0.02 160
99 0.14858732166522845 1573790 0.02 180
99 0.15422076749774272 1746718 0.02 200
99 0.22787707807703886 168976 0.02 20
99 0.15675671239334343 1921599 0.02 220 0.02 220
99 0.16201544113164773 2087286 0.02 240 0.02 240
99 0.160236563362272 2276264 0.02 260 0.02 260
99 0.1395819391682012 2441622 0.02 280 0.02 280
99 0.15767647795247344 2612545 0.02 300 0.02 300
99 0.21404020739358776 340022 0.02 40
99 0.1830162588868028 515872 0.02 60
99 0.16252364091896399 686363 0.02 80
99 0.15649262914100237 864787 0.03 100
99 0.13705072417074518 1027948 0.03 120
99 0.14839980036196979 1216251 0.03 140
99 0.1352326963148767 1391289 0.03 160
99 0.13118112059336443 1549133 0.03 180
99 0.1365002700559891 1737580 0.03 200
99 0.23449105028825096 166557 0.03 20
99 0.13101614256338973 1918606 0.03 220 0.03 220
99 0.13322951618317777 2072403 0.03 240 0.03 240
99 0.14353749440551022 2246831 0.03 260 0.03 260
99 0.12481118549035251 2425516 0.03 280 0.03 280
99 0.13412845055159864 2597767 0.03 300 0.03 300
99 0.1781447041883579 333138 0.03 40
99 0.15853443792800515 507947 0.03 60
99 0.1407890033266017 677869 0.03 80
99 0.13440281385139263 853031 0.04 100
99 0.12527076320231648 1021547 0.04 120
99 0.13066811367598583 1198787 0.04 140
99 0.12771647073216205 1369634 0.04 160
99 0.11866893180396429 1537931 0.04 180
99 0.1264099245912056 1737014 0.04 200
99 0.261152468951897 164495 0.04 20
99 0.12139239909889982 1892503 0.04 220 0.04 220
99 0.12258651150181844 2059483 0.04 240 0.04 240
99 0.13078310873475732 2247745 0.04 260 0.04 260
99 0.11965183161998211 2425539 0.04 280 0.04 280
99 0.13109488143243803 2603083 0.04 300 0.04 300
99 0.15183062545098405 329234 0.04 40
99 0.13413804839624768 502989 0.04 60
99 0.13850430543326842 671889 0.04 80
99 0.1212691131037653 846378 0.05 100
99 0.11943269290001965 1014376 0.05 120
99 0.1186186652969098 1189450 0.05 140
99 0.1227926629063019 1358715 0.05 160
99 0.11239499687656818 1527475 0.05 180
99 0.11589428119125289 1723380 0.05 200
99 0.23832201282465343 162073 0.05 20
99 0.11336811774417374 1876335 0.05 220 0.05 220
99 0.12151046237907163 2060137 0.05 240 0.05 240
99 0.12636904467913224 2217711 0.05 260 0.05 260
99 0.11614400365317631 2391396 0.05 280 0.05 280
99 0.12437903480278033 2583104 0.05 300 0.05 300
99 0.1313289121513357 327975 0.05 40
99 0.1226273560684866 500105 0.05 60
99 0.12710696866911314 666525 0.05 80
99 0.11352397486503692 837179 0.06 100
99 0.11644129553644116 1014650 0.06 120
99 0.11483252135457632 1188294 0.06 140
99 0.11919305907729763 1357304 0.06 160
99 0.11025284341291494 1513596 0.06 180
99 0.11629326645361028 1707724 0.06 200
99 0.19725953874453564 159825 0.06 20
99 0.11534725817868256 1859640 0.060000000000000005 220 0.06 220
99 0.12148903242229978 2026351 0.060000000000000005 240 0.06 240
99 0.1223598894837803 2213143 0.060000000000000005 260 0.06 260
99 0.11681823458178373 2387766 0.060000000000000005 280 0.06 280
99 0.12049390493445454 2541283 0.060000000000000005 300 0.06 300
99 0.1274259809199862 326953 0.06 40
99 0.11693303341983073 496786 0.06 60
99 0.12268361574755889 663385 0.06 80
99 0.1112067757422418 836281 0.07 100
99 0.11424847391314816 1005762 0.07 120
99 0.11118369648441266 1165819 0.07 140
99 0.11613591293109446 1332870 0.07 160
99 0.11132218465198067 1499016 0.07 180
99 0.11667900630828028 1676781 0.07 200
99 0.17595479825431887 159241 0.07 20
99 0.11630614553566931 1840245 0.07 220 0.07 220
99 0.12109171528674184 2004458 0.07 240 0.07 240
99 0.12085285181389002 2190687 0.07 260 0.07 260
99 0.11836941222368928 2343005 0.07 280 0.07 280
99 0.11761544842751825 2509831 0.07 300 0.07 300
99 0.11530717459969568 325085 0.07 40
99 0.11237633136517496 494139 0.07 60
99 0.11878356023416692 665117 0.07 80
99 0.10985319437776092 823568 0.08 100
99 0.10979692098663746 987260 0.08 120
99 0.10994291788980858 1161987 0.08 140
99 0.11417108705839345 1318110 0.08 160
99 0.11484275269825206 1483173 0.08 180
99 0.11400523025063021 1665929 0.08 200
99 0.18828712776145345 158935 0.08 20
99 0.11414061117518835 1816916 0.08 220 0.08 220
99 0.11691616922196127 1990507 0.08 240 0.08 240
99 0.11483833186294318 2142979 0.08 260 0.08 260
99 0.11550710573320166 2307876 0.08 280 0.08 280
99 0.11630670773557435 2469082 0.08 300 0.08 300
99 0.11229202076569195 323391 0.08 40
99 0.11235595705958165 491736 0.08 60
99 0.11616720877734923 655040 0.08 80
99 0.10990954593732004 821870 0.09 100
99 0.1073316334759985 985816 0.09 120
99 0.10793141170960292 1140057 0.09 140
99 0.11182451839561854 1302591 0.09 160
99 0.11727188780479056 1475735 0.09 180
99 0.11260030948447834 1632296 0.09 200
99 0.17143632153002134 158383 0.09 20
99 0.11171595417607293 1800558 0.09 220 0.09 220
99 0.11337852933788715 1944261 0.09 240 0.09 240
99 0.1123769281252289 2106750 0.09 260 0.09 260
99 0.11191851677088277 2268279 0.09 280 0.09 280
99 0.11660367242769437 2425186 0.09 300 0.09 300
99 0.1141076412684612 322944 0.09 40
99 0.11607225956975552 489691 0.09 60
99 0.11227082616385052 656004 0.09 80
99 0.10529529381176743 811096 0.1 100
99 0.10728649128969646 970223 0.1 120
99 0.1039441333209003 1127245 0.1 140
99 0.11196831017760758 1286056 0.1 160
99 0.11521340583019646 1459288 0.1 180
99 0.11194207565973374 1622663 0.1 200
99 0.17631460607891564 156905 0.1 20
99 0.10985787818609136 1764023 0.09999999999999999 220 0.1 220
99 0.11043987117873257 1918607 0.09999999999999999 240 0.1 240
99 0.11248915313987896 2078408 0.09999999999999999 260 0.1 260
99 0.10884821835715756 2244631 0.09999999999999999 280 0.1 280
99 0.11102640829723348 2382698 0.09999999999999999 300 0.1 300
99 0.1099555346385588 323127 0.1 40
99 0.11334462025474736 487668 0.1 60
99 0.1087496313755096 647710 0.1 80
